SURVEY: DES
SNID: 1325358
IAUC: NULL
FILTERS: griz
FAKE: 0
TYPE: 1
MASK_FLUXCOR_SNANA: 3
RA: 52.284100               # deg
DECL: -28.951557               # deg
MWEBV: 0.007                    # MW E(B-V)
MWEBV_ERR: 0.000                    # MW E(B-V)
PIXSIZE: 0.2700                    # arcSec
PEAKMJD: 57042.551
REDSHIFT_FINAL: 0.7793 +-  0.0050    # (CMB)
REDSHIFT_HELIO: 0.7800 +-  0.0050    # (HELIO)
HOSTGAL_OBJID: 26503
HOSTGAL_PHOTOZ: 0.8068 +-  0.0824   # (HELIO)
HOSTGAL_SPECZ: -9.0000 +- -9.0000   # (HELIO)
HOSTGAL_SNSEP: 0.5200              # arcSec
HOSTGAL_LOGMASS: 8.2230 +-  0.3945 # log10(M/Msolar)
HOSTGAL_MAG: 26.32    25.60    25.51    25.03    # griz
HOSTGAL_SB_FLUXCAL: 0.55     0.99     1.87     2.10    # griz
PRIVATE(DES_mjd_latest_ml): 57067.045
PRIVATE(DES_mjd_trigger): 57033.115
BAND: ['g' 'r' 'i' 'z' 'g' 'r' 'i' 'z' 'g' 'r' 'i' 'z' 'r' 'i' 'z' 'r' 'i' 'z'
 'g' 'r' 'i' 'z' 'g' 'r' 'i' 'z' 'g' 'r' 'i' 'r' 'g' 'r']
ZPFLUX: [30.889 31.85  31.673 31.176 30.171 31.279 31.617 31.194 30.891 31.853
 31.664 31.178 31.837 31.662 31.163 31.853 31.658 31.224 30.88  31.852
 31.665 31.172 30.911 31.849 31.675 31.085 30.86  31.797 31.618 30.782
 30.796 31.765]
PSF: [2.732 2.231 2.014 1.963 3.17  2.983 2.864 3.32  3.239 2.917 2.559 2.32
 2.401 2.115 2.04  2.462 2.134 2.18  2.539 2.019 2.065 1.8   1.882 2.361
 2.56  1.894 2.78  1.756 1.738 2.829 1.985 2.833]
SKYSIG: [ 8.32 14.13 13.75 27.02  9.05 11.11 11.82 36.64  4.9  10.91 16.9  35.55
 33.39 21.4  43.97 12.28 14.62 48.39  8.8  11.   14.03 38.47  4.34 10.01
 13.55 18.82 17.71 25.24 24.98 15.38  7.11 12.2 ]
GAIN: [3.49  3.429 3.586 3.819 3.4   3.42  3.534 3.81  3.366 3.373 3.57  3.76
 3.53  3.671 3.79  3.402 3.589 3.75  3.459 3.386 3.58  3.81  3.36  3.37
 3.535 3.828 3.53  3.475 3.637 3.513 3.436 3.408]
PHOTFLAG: [    0     0     0 32768 98304     0     0 32768     0     0 65536 32768
 32768     0 32768     0     0 98304 32768     0     0 32768     0     0
 32768 32768 98304 32768 32768 32768 65536     0]
PHOTPROB: [1.02 0.95 0.92 0.92 0.99 0.88 0.91 0.94 1.05 0.95 0.94 0.92 0.91 0.94
 1.13 1.03 0.92 0.87 0.93 1.   0.88 0.89 0.96 0.96 0.99 0.97 0.93 0.91
 0.99 0.92 1.   0.9 ]
SPECTRA: {}

NOBS: 32
NVAR: 6
VARLIST:  MJD	FLT FIELD	FLUXCAL	  FLUXCALERR

OBS: 57005.241  g  NULL -0.6670000 3.7897000
OBS: 57005.250  r  NULL -0.4130000 2.1388000
OBS: 57008.040  i  NULL 0.8540000 2.4209000
OBS: 57008.067  z  NULL -6.8010000 7.5065000
OBS: 57012.192  g  NULL 13.9970000 10.8800000
OBS: 57012.202  r  NULL 4.2630000 4.2939000
OBS: 57012.220  i  NULL -1.9530000 3.1403000
OBS: 57012.255  z  NULL -35.8470000 15.8420000
OBS: 57018.184  g  NULL -2.2320000 2.9050000
OBS: 57018.193  r  NULL 1.1720000 2.4382000
OBS: 57018.209  i  NULL 8.2839000 3.7998000
OBS: 57019.132  z  NULL -0.3690000 10.4380000
OBS: 57025.140  r  NULL 13.3540000 6.0644000
OBS: 57025.156  i  NULL 10.9050000 3.9769000
OBS: 57026.061  z  NULL 26.8590000 12.6680000
OBS: 57032.104  r  NULL 22.0380000 2.2240000
OBS: 57032.120  i  NULL 25.3060000 2.6763000
OBS: 57033.101  z  NULL 39.2810000 12.9160000
OBS: 57034.160  g  NULL 6.5510000 4.0536000
OBS: 57039.073  r  NULL 32.2980000 1.7322000
OBS: 57039.089  i  NULL 40.3460000 2.5774000
OBS: 57040.142  z  NULL 43.9910000 10.1960000
OBS: 57041.068  g  NULL 6.4510000 1.5123000
OBS: 57044.117  r  NULL 38.6170000 1.7727000
OBS: 57044.144  i  NULL 53.3640000 3.0468000
OBS: 57047.038  z  NULL 53.7300000 5.0342000
OBS: 57048.035  g  NULL 3.7070000 7.8267000
OBS: 57051.105  r  NULL 26.1300000 3.5792000
OBS: 57051.119  i  NULL 51.8890000 3.9509000
OBS: 57061.041  r  NULL 16.8780000 8.4043000
OBS: 57063.031  g  NULL -1.1630000 2.6677000
OBS: 57066.064  r  NULL 15.6970000 2.9060000
END_PHOTOMETRY:

# =============================================
