SURVEY: DES
SNID: 1343533
IAUC: NULL
FILTERS: griz
FAKE: 0
TYPE: 1
MASK_FLUXCOR_SNANA: 3
RA: 7.358388               # deg
DECL: -42.267349               # deg
MWEBV: 0.007                    # MW E(B-V)
MWEBV_ERR: 0.000                    # MW E(B-V)
PIXSIZE: 0.2700                    # arcSec
PEAKMJD: 57384.461
REDSHIFT_FINAL: 0.3680 +-  0.0050    # (CMB)
REDSHIFT_HELIO: 0.3690 +-  0.0050    # (HELIO)
HOSTGAL_OBJID: 44395
HOSTGAL_PHOTOZ: 0.3629 +-  0.0723   # (HELIO)
HOSTGAL_SPECZ: 0.3695 +- -9.0000   # (HELIO)
HOSTGAL_SNSEP: 0.1300              # arcSec
HOSTGAL_LOGMASS: 10.7590 +-  0.1305 # log10(M/Msolar)
HOSTGAL_MAG: 21.82    20.44    19.93    19.64    # griz
HOSTGAL_SB_FLUXCAL: 33.83   130.78   217.94   291.09    # griz
PRIVATE(DES_mjd_latest_ml): 57407.049
PRIVATE(DES_mjd_trigger): 57386.042
BAND: ['g' 'r' 'i' 'z' 'r' 'i' 'z' 'g' 'r' 'i' 'z' 'g' 'r' 'i' 'z' 'g' 'r' 'i'
 'z' 'g' 'r' 'i' 'z' 'g' 'r' 'i' 'z' 'g' 'r' 'i' 'z']
ZPFLUX: [30.702 30.707 30.88  30.572 30.15  30.823 30.617 30.787 30.761 30.965
 30.661 30.72  30.746 31.002 30.657 30.711 30.74  30.976 30.64  30.695
 30.731 30.971 30.59  30.597 30.586 30.811 30.528 30.627 30.693 30.944
 30.556]
PSF: [2.4   2.19  1.87  1.685 1.86  1.78  1.639 4.18  3.52  3.68  3.542 2.5
 2.25  2.03  1.883 2.29  2.04  1.92  1.909 2.81  2.58  2.45  2.083 3.63
 3.14  2.84  2.611 2.32  2.15  1.99  1.785]
SKYSIG: [ 9.78 11.79 20.01 17.43 20.94 25.71 19.73 23.07 23.01 30.3  23.6  28.42
 26.01 33.42 26.51 13.09 15.17 27.89 25.32  8.5  12.11 22.56 20.79  9.75
 13.79 23.39 22.5  27.97 26.52 31.53 22.4 ]
GAIN: [3.6   3.52  3.68  3.905 3.61  3.68  3.962 3.74  3.62  3.69  3.9   3.76
 3.61  3.73  3.921 3.67  3.57  3.74  3.906 3.51  3.54  3.68  3.92  3.58
 3.52  3.66  3.895 3.76  3.6   3.74  3.935]
PHOTFLAG: [0 0 0 0 0 0 0 0 0 0 0 0 0 0 0 0 0 0 0 0 0 0 0 0 0 0 0 0 0 0 0]
PHOTPROB: [0.99 1.06 1.09 1.05 0.85 1.11 1.02 0.94 0.91 1.03 0.95 1.14 1.02 0.95
 1.04 0.94 1.09 0.94 0.98 1.17 1.07 1.11 1.   1.06 0.94 1.12 0.98 1.
 1.02 0.98 1.11]
SPECTRA: {}

NOBS: 31
NVAR: 6
VARLIST:  MJD	FLT FIELD	FLUXCAL	  FLUXCALERR

OBS: 57365.036  g  NULL 6.7980000 7.1570000
OBS: 57365.039  r  NULL 10.2300000 12.4280000
OBS: 57365.041  i  NULL 1.2721000 19.4130000
OBS: 57365.044  z  NULL -0.4960000 17.9950000
OBS: 57372.034  r  NULL 5.5696000 37.0340000
OBS: 57372.036  i  NULL 10.3820000 22.5710000
OBS: 57372.039  z  NULL 13.9420000 18.7770000
OBS: 57376.040  g  NULL -5.8490000 28.7960000
OBS: 57376.042  r  NULL 29.3880000 34.0990000
OBS: 57376.044  i  NULL 29.7540000 40.3290000
OBS: 57376.047  z  NULL 44.8740000 37.0640000
OBS: 57379.044  g  NULL 85.3570000 18.2640000
OBS: 57379.046  r  NULL 72.3020000 20.2470000
OBS: 57379.048  i  NULL 66.8740000 25.9380000
OBS: 57379.051  z  NULL 64.6570000 23.4340000
OBS: 57386.042  g  NULL 71.9320000 8.9854000
OBS: 57386.044  r  NULL 124.1600000 13.8730000
OBS: 57386.046  i  NULL 96.8630000 20.9280000
OBS: 57386.049  z  NULL 105.3300000 25.4930000
OBS: 57394.057  g  NULL 55.7820000 8.1301000
OBS: 57394.059  r  NULL 109.1800000 15.1670000
OBS: 57394.061  i  NULL 123.1600000 23.3640000
OBS: 57394.064  z  NULL 103.9700000 23.7960000
OBS: 57400.101  g  NULL 46.2320000 12.1730000
OBS: 57400.103  r  NULL 94.7980000 21.8210000
OBS: 57400.105  i  NULL 118.0800000 31.7380000
OBS: 57400.108  z  NULL 89.3100000 32.0980000
OBS: 57407.042  g  NULL 11.6750000 20.9700000
OBS: 57407.044  r  NULL 67.8780000 20.9020000
OBS: 57407.046  i  NULL 65.6210000 25.9310000
OBS: 57407.048  z  NULL 70.1120000 22.0980000
END_PHOTOMETRY:

# =============================================
