SURVEY: DES
SNID: 1343759
IAUC: NULL
FILTERS: griz
FAKE: 0
TYPE: 1
MASK_FLUXCOR_SNANA: 3
RA: 51.978981               # deg
DECL: -28.564434               # deg
MWEBV: 0.007                    # MW E(B-V)
MWEBV_ERR: 0.000                    # MW E(B-V)
PIXSIZE: 0.2700                    # arcSec
PEAKMJD: 57392.215
REDSHIFT_FINAL: 0.5080 +-  0.0010    # (CMB)
REDSHIFT_HELIO: 0.5086 +-  0.0010    # (HELIO)
HOSTGAL_OBJID: 44326
HOSTGAL_PHOTOZ: 0.4462 +-  0.0507   # (HELIO)
HOSTGAL_SPECZ: 0.5068 +- -9.0000   # (HELIO)
HOSTGAL_SNSEP: 1.3700              # arcSec
HOSTGAL_LOGMASS: 9.7400 +-  0.0360 # log10(M/Msolar)
HOSTGAL_MAG: 23.33    22.46    22.16    21.98    # griz
HOSTGAL_SB_FLUXCAL: 3.76     7.80    11.04    12.48    # griz
PRIVATE(DES_mjd_latest_ml): 57426.118
PRIVATE(DES_mjd_trigger): 57385.162
BAND: ['z' 'g' 'i' 'g' 'r' 'i' 'z' 'g' 'r' 'z' 'g' 'r' 'i' 'z' 'g' 'r' 'i' 'z'
 'g' 'r' 'i' 'g' 'z' 'r' 'i' 'g' 'z' 'r' 'i' 'g' 'z' 'r']
ZPFLUX: [31.173 30.86  31.645 30.884 31.696 31.574 30.935 30.869 31.805 31.219
 30.851 31.794 31.648 31.163 30.9   31.81  30.925 31.163 30.824 31.767
 31.64  30.835 31.165 31.785 31.672 30.862 31.201 31.757 31.632 30.801
 31.104 31.723]
PSF: [1.4   1.505 1.341 2.019 2.095 2.02  1.477 3.225 2.01  1.644 1.618 1.73
 1.581 1.529 2.926 2.362 2.003 2.371 3.153 3.865 2.08  2.896 1.518 1.63
 1.757 2.103 1.868 1.902 2.54  2.626 2.433 2.944]
SKYSIG: [ 9.43  4.01 10.12  4.15  9.53 12.31 12.18 11.95 42.38 14.12 11.66 30.42
 10.45 11.68  4.51 12.48 15.   12.09  5.18  9.53 12.17  4.34  8.92 10.48
 14.34 13.02 13.78 26.94 28.14  4.75 10.3  10.6 ]
GAIN: [3.987 3.794 3.909 3.774 3.778 3.967 3.973 4.07  3.94  3.914 4.07  3.89
 3.912 3.95  3.847 3.815 4.003 3.947 3.765 3.754 3.949 3.849 3.956 3.79
 3.951 4.048 3.927 3.943 3.99  3.802 3.937 3.795]
PHOTFLAG: [32768     0 32768     0     0     0 32768     0 65536     0     0 32768
     0     0     0 65536 98304     0 32768     0     0     0     0     0
     0     0     0     0 65536     0     0     0]
PHOTPROB: [0.89 0.95 0.96 0.93 0.97 0.99 0.96 0.97 1.05 0.94 0.99 0.96 0.95 0.96
 0.97 0.99 1.01 0.99 0.99 0.99 0.92 0.99 0.93 0.93 0.94 1.02 0.97 0.93
 0.92 0.95 0.94 0.91]
SPECTRA: {}

NOBS: 32
NVAR: 6
VARLIST:  MJD	FLT FIELD	FLUXCAL	  FLUXCALERR

OBS: 57365.133  z  NULL -0.3540000 2.4311000
OBS: 57365.196  g  NULL -0.1520000 1.3303000
OBS: 57365.223  i  NULL 3.3020000 1.7509000
OBS: 57372.127  g  NULL 1.0358000 1.7064000
OBS: 57372.136  r  NULL -0.6230000 2.1277000
OBS: 57372.153  i  NULL 3.8042000 3.1882000
OBS: 57372.178  z  NULL 0.0420000 4.0794000
OBS: 57376.172  g  NULL 13.9470000 7.7585000
OBS: 57378.042  r  NULL 31.6180000 8.4833000
OBS: 57378.142  z  NULL 31.3910000 3.8673000
OBS: 57385.161  g  NULL 58.6340000 4.2963000
OBS: 57385.174  r  NULL 94.3140000 5.2303000
OBS: 57387.107  i  NULL 84.0030000 2.2323000
OBS: 57387.130  z  NULL 82.9760000 3.1613000
OBS: 57389.140  g  NULL 62.9610000 2.8941000
OBS: 57389.164  r  NULL 109.4300000 2.9971000
OBS: 57391.171  i  NULL 105.6300000 7.1380000
OBS: 57394.096  z  NULL 95.7840000 4.8722000
OBS: 57394.171  g  NULL 62.3030000 3.6048000
OBS: 57395.159  r  NULL 115.4500000 3.6927000
OBS: 57397.091  i  NULL 105.6100000 3.2367000
OBS: 57399.176  g  NULL 45.1450000 2.8852000
OBS: 57401.076  z  NULL 96.3590000 2.5906000
OBS: 57402.110  r  NULL 109.1400000 2.0084000
OBS: 57404.045  i  NULL 92.1000000 3.1285000
OBS: 57406.046  g  NULL 25.4620000 6.2867000
OBS: 57406.116  z  NULL 83.0290000 4.4609000
OBS: 57408.092  r  NULL 84.2710000 5.6092000
OBS: 57425.071  i  NULL 38.2700000 9.2496000
OBS: 57425.110  g  NULL 5.3869000 2.6348000
OBS: 57426.068  z  NULL 43.7520000 4.6587000
OBS: 57426.118  r  NULL 29.1340000 3.2083000
END_PHOTOMETRY:

# =============================================
