SURVEY: DES
SNID: 1343337
IAUC: NULL
FILTERS: griz
FAKE: 0
TYPE: 1
MASK_FLUXCOR_SNANA: 3
RA: 54.559166               # deg
DECL: -28.709869               # deg
MWEBV: 0.010                    # MW E(B-V)
MWEBV_ERR: 0.000                    # MW E(B-V)
PIXSIZE: 0.2700                    # arcSec
PEAKMJD: 57393.516
REDSHIFT_FINAL: 0.3389 +-  0.0010    # (CMB)
REDSHIFT_HELIO: 0.3394 +-  0.0010    # (HELIO)
HOSTGAL_OBJID: 44240
HOSTGAL_PHOTOZ: 0.3175 +-  0.0619   # (HELIO)
HOSTGAL_SPECZ: 0.3395 +- -9.0000   # (HELIO)
HOSTGAL_SNSEP: 1.0100              # arcSec
HOSTGAL_LOGMASS: 9.8320 +-  0.0825 # log10(M/Msolar)
HOSTGAL_MAG: 22.20    21.44    21.19    20.93    # griz
HOSTGAL_SB_FLUXCAL: 18.63    39.07    58.14    73.16    # griz
PRIVATE(DES_mjd_latest_ml): 57408.085
PRIVATE(DES_mjd_trigger): 57387.178
BAND: ['g' 'r' 'i' 'z' 'r' 'i' 'z' 'g' 'r' 'i' 'z' 'g' 'r' 'i' 'z' 'g' 'r' 'i'
 'z' 'g' 'r' 'i' 'z' 'g' 'r' 'i' 'z' 'g' 'r' 'i' 'z']
ZPFLUX: [30.609 30.476 30.381 30.519 30.592 30.975 30.619 30.711 30.738 30.978
 30.673 30.703 30.711 30.952 30.604 30.725 30.723 30.969 30.608 30.718
 30.717 30.947 30.604 30.677 30.71  30.926 30.539 30.561 30.652 30.915
 30.499]
PSF: [1.81  1.71  1.56  1.632 4.45  4.25  4.339 1.94  1.72  1.62  1.535 2.02
 1.82  1.71  1.6   3.02  3.01  3.21  2.622 1.73  1.6   1.54  1.53  1.9
 1.66  1.6   1.529 3.13  3.13  2.84  2.84 ]
SKYSIG: [ 7.5  11.06 24.   25.35 19.87 26.63 22.19 31.49 29.05 34.76 27.54 14.28
 14.7  23.69 22.3   7.14 10.71 22.76 23.53  6.74  9.34 17.56 18.29 29.73
 28.37 34.22 25.6   8.11 11.97 24.4  35.91]
GAIN: [3.54  3.68  3.95  3.889 3.77  3.87  3.871 3.77  3.84  3.96  3.905 3.71
 3.76  3.89  3.91  3.43  3.67  3.89  3.875 3.49  3.62  3.91  3.885 3.77
 3.85  3.95  3.915 3.64  3.71  3.9   3.89 ]
PHOTFLAG: [    0     0     0     0     0     0     0     0     0     0     0     0
     0     0     0     0     0     0     0     0     0     0     0     0
     0     0     0     0     0     0 65536]
PHOTPROB: [1.09 0.89 1.05 0.91 1.15 0.97 0.99 1.09 1.03 0.9  0.97 1.06 0.86 0.93
 0.95 0.99 1.19 1.05 0.99 1.01 1.01 0.94 0.96 0.87 0.93 0.88 1.   1.04
 1.04 0.99 1.01]
SPECTRA: {}

NOBS: 31
NVAR: 6
VARLIST:  MJD	FLT FIELD	FLUXCAL	  FLUXCALERR

OBS: 57372.223  g  NULL 8.7506000 3.9951000
OBS: 57372.226  r  NULL 12.7540000 7.6344000
OBS: 57372.228  i  NULL 12.4220000 13.3580000
OBS: 57372.229  z  NULL 13.0680000 18.5260000
OBS: 57376.057  r  NULL 9.8600000 33.2010000
OBS: 57376.059  i  NULL 20.6410000 31.7500000
OBS: 57376.062  z  NULL 48.2730000 34.9840000
OBS: 57379.073  g  NULL 61.5840000 20.9160000
OBS: 57379.076  r  NULL 69.1530000 15.4820000
OBS: 57379.078  i  NULL 62.2040000 15.0160000
OBS: 57379.081  z  NULL 42.2990000 13.3540000
OBS: 57387.178  g  NULL 83.5280000 8.0788000
OBS: 57387.181  r  NULL 126.5300000 9.2375000
OBS: 57387.183  i  NULL 134.2400000 10.2000000
OBS: 57387.185  z  NULL 114.0600000 12.6840000
OBS: 57394.144  g  NULL 95.8140000 6.3447000
OBS: 57394.146  r  NULL 135.0000000 10.7090000
OBS: 57394.148  i  NULL 156.0000000 18.6230000
OBS: 57394.151  z  NULL 133.2900000 20.4900000
OBS: 57401.122  g  NULL 61.5840000 4.0023000
OBS: 57401.125  r  NULL 126.1200000 6.0154000
OBS: 57401.127  i  NULL 161.1000000 7.9260000
OBS: 57401.130  z  NULL 124.2700000 10.7670000
OBS: 57408.078  g  NULL 50.7840000 16.9100000
OBS: 57408.081  r  NULL 94.3100000 14.2870000
OBS: 57408.083  i  NULL 144.4200000 13.0040000
OBS: 57408.085  z  NULL 104.4900000 14.3410000
OBS: 57426.143  g  NULL 8.2404000 7.4862000
OBS: 57426.145  r  NULL 17.5770000 12.6490000
OBS: 57426.147  i  NULL 56.0880000 17.6340000
OBS: 57426.145  z  NULL 86.0180000 41.4530000
END_PHOTOMETRY:

# =============================================
