SURVEY: DES
SNID: 1255502
IAUC: NULL
FILTERS: griz
FAKE: 0
TYPE: 1
MASK_FLUXCOR_SNANA: 3
RA: 33.904625               # deg
DECL: -4.209216               # deg
MWEBV: 0.019                    # MW E(B-V)
MWEBV_ERR: 0.001                    # MW E(B-V)
PIXSIZE: 0.2700                    # arcSec
PEAKMJD: 56588.895
REDSHIFT_FINAL: 0.1482 +-  0.0010    # (CMB)
REDSHIFT_HELIO: 0.1492 +-  0.0010    # (HELIO)
HOSTGAL_OBJID: 15051
HOSTGAL_PHOTOZ: 0.1270 +-  0.0372   # (HELIO)
HOSTGAL_SPECZ: 0.1492 +- -9.0000   # (HELIO)
HOSTGAL_SNSEP: 2.6400              # arcSec
HOSTGAL_LOGMASS: 10.4540 +-  0.0910 # log10(M/Msolar)
HOSTGAL_MAG: 19.94    19.07    18.69    18.43    # griz
HOSTGAL_SB_FLUXCAL: 40.00    82.26   115.14   124.32    # griz
PRIVATE(DES_mjd_latest_ml): 56698.033
PRIVATE(DES_mjd_trigger): 56579.125
BAND: ['z' 'z' 'z' 'g' 'r' 'z' 'i' 'z' 'i' 'z' 'z' 'z' 'g' 'r' 'z' 'z' 'z' 'g'
 'i' 'z' 'g' 'r' 'i' 'z' 'g' 'r' 'z' 'g' 'z']
ZPFLUX: [30.83  30.719 30.76  30.77  30.855 30.762 31.063 30.774 29.876 29.634
 30.714 30.715 30.477 30.497 28.814 30.639 30.755 30.877 31.102 30.79
 30.867 30.868 31.046 30.58  30.828 30.879 30.716 30.808 30.642]
PSF: [2.366 2.727 1.645 2.94  2.6   2.009 3.14  3.086 2.56  2.14  1.59  4.017
 2.14  1.87  2.22  1.923 1.53  2.74  2.51  2.537 2.6   2.63  3.11  2.697
 2.38  2.04  1.945 4.02  3.96 ]
SKYSIG: [21.83 19.83 21.55 22.68 22.72 24.33 22.31 21.16 23.73 30.04 29.13 24.71
 20.5  22.68 58.39 22.75 28.38 14.96 24.28 23.32 42.31 39.51 43.07 35.37
 19.58 19.61 26.02  8.12 27.82]
GAIN: [3.911 3.914 3.91  3.7   3.64  3.91  3.7   3.9   3.72  3.94  3.94  3.885
 3.69  3.63  3.84  3.93  3.95  3.66  3.71  3.925 3.77  3.67  3.78  3.83
 3.66  3.55  3.92  3.53  3.92 ]
PHOTFLAG: [     0      0      0      0      0      0      0      0      0  32768
  32768      0      0      0 196608      0  32768      0      0      0
      0      0      0      0      0      0      0      0  32768]
PHOTPROB: [1.1  1.02 1.07 1.04 1.11 0.99 1.07 1.03 1.03 1.01 1.14 1.08 1.1  1.11
 1.02 1.03 1.18 1.11 1.07 1.08 0.92 1.   1.17 1.09 1.03 1.11 1.1  1.18
 1.03]
SPECTRA: {}

NOBS: 29
NVAR: 6
VARLIST:  MJD	FLT FIELD	FLUXCAL	  FLUXCALERR

OBS: 56563.266  z  NULL -6.7580000 14.8190000
OBS: 56567.164  z  NULL -5.6970000 18.0820000
OBS: 56575.143  z  NULL 107.3700000 11.0340000
OBS: 56579.125  g  NULL 551.4200000 19.2590000
OBS: 56579.128  r  NULL 516.0100000 18.6220000
OBS: 56579.133  z  NULL 333.1100000 15.4740000
OBS: 56591.081  i  NULL 955.1000000 22.6640000
OBS: 56591.084  z  NULL 723.1100000 22.1250000
OBS: 56595.087  i  NULL 999.7000000 53.6550000
OBS: 56595.088  z  NULL 666.8900000 58.5360000
OBS: 56602.069  z  NULL 508.2700000 16.9220000
OBS: 56607.041  z  NULL 502.0200000 35.7390000
OBS: 56615.023  g  NULL 399.0100000 14.4340000
OBS: 56615.025  r  NULL 722.4800000 19.6800000
OBS: 56615.032  z  NULL 86.6720000 115.6500000
OBS: 56618.038  z  NULL 402.7400000 15.7720000
OBS: 56627.059  z  NULL 443.0700000 15.7210000
OBS: 56635.054  g  NULL 115.7600000 9.0539000
OBS: 56635.059  i  NULL 351.6900000 17.9760000
OBS: 56635.061  z  NULL 356.0300000 18.4890000
OBS: 56642.114  g  NULL 116.9000000 27.0190000
OBS: 56642.116  r  NULL 249.7400000 29.2330000
OBS: 56642.119  i  NULL 224.0200000 38.5770000
OBS: 56642.121  z  NULL 261.7100000 42.7690000
OBS: 56648.145  g  NULL 83.6170000 11.9530000
OBS: 56648.148  r  NULL 206.7700000 12.1820000
OBS: 56648.152  z  NULL 200.4300000 16.1140000
OBS: 56653.072  g  NULL 83.2490000 9.8658000
OBS: 56653.077  z  NULL 230.7300000 47.4000000
END_PHOTOMETRY:

# =============================================
