SURVEY: DES
SNID: 1346956
IAUC: NULL
FILTERS: griz
FAKE: 0
TYPE: 101
MASK_FLUXCOR_SNANA: 3
RA: 54.343502               # deg
DECL: -28.826429               # deg
MWEBV: 0.009                    # MW E(B-V)
MWEBV_ERR: 0.000                    # MW E(B-V)
PIXSIZE: 0.2700                    # arcSec
PEAKMJD: 57408.656
REDSHIFT_FINAL: 0.3335 +-  0.0050    # (CMB)
REDSHIFT_HELIO: 0.3340 +-  0.0050    # (HELIO)
HOSTGAL_OBJID: -888
HOSTGAL_PHOTOZ: -9.0000 +- -9.0000   # (HELIO)
HOSTGAL_SPECZ: -9.0000 +- -9.0000   # (HELIO)
HOSTGAL_SNSEP: -9.0000              # arcSec
HOSTGAL_LOGMASS: 2.0000 +-  2.0000 # log10(M/Msolar)
HOSTGAL_MAG: 888.00   888.00   888.00   888.00    # griz
HOSTGAL_SB_FLUXCAL: 0.68     0.49     0.02    -0.53    # griz
PRIVATE(DES_mjd_latest_ml): 57426.15
PRIVATE(DES_mjd_trigger): 57401.122
BAND: ['g' 'r' 'i' 'z' 'g' 'r' 'i' 'z' 'g' 'r' 'i' 'z' 'g' 'r' 'i' 'z' 'g' 'r'
 'i' 'z']
ZPFLUX: [30.703 30.709 30.951 30.605 30.768 30.712 30.93  30.596 30.718 30.711
 30.949 30.602 30.702 30.667 30.926 30.537 30.555 30.639 30.881 30.493]
PSF: [2.01  1.81  1.71  1.581 3.02  3.01  3.18  2.598 1.71  1.59  1.54  1.525
 1.89  1.67  1.6   1.532 3.13  3.15  2.85  2.83 ]
SKYSIG: [13.47 14.12 23.02 21.93  6.61 10.2  22.06 23.05  6.25  8.91 17.08 17.97
 27.85 27.08 33.25 25.22  7.64 11.36 23.62 35.39]
GAIN: [4.17  4.09  4.09  4.045 3.94  4.02  4.09  4.021 4.    3.94  4.09  4.01
 4.26  4.21  4.14  4.02  4.04  4.09  4.09  3.99 ]
PHOTFLAG: [    0     0     0     0     0     0     0     0     0     0     0     0
     0     0     0     0     0     0     0 65536]
PHOTPROB: [0.96 1.08 0.94 0.97 0.96 1.01 1.1  0.97 1.11 0.97 1.06 1.13 1.03 1.02
 1.12 1.05 1.06 0.99 0.87 0.86]
SPECTRA: {}

NOBS: 20
NVAR: 6
VARLIST:  MJD	FLT FIELD	FLUXCAL	  FLUXCALERR

OBS: 57387.178  g  NULL -3.2790000 5.4870000
OBS: 57387.181  r  NULL 3.7410000 5.6098000
OBS: 57387.183  i  NULL 0.1667000 6.4988000
OBS: 57387.186  z  NULL -9.0170000 7.1557000
OBS: 57394.144  g  NULL 45.7610000 4.4457000
OBS: 57394.146  r  NULL 54.4130000 7.1816000
OBS: 57394.148  i  NULL 35.4010000 12.0310000
OBS: 57394.151  z  NULL 41.8650000 12.8090000
OBS: 57401.122  g  NULL 171.3900000 3.9827000
OBS: 57401.125  r  NULL 169.9300000 5.0034000
OBS: 57401.127  i  NULL 152.8100000 5.2630000
OBS: 57401.130  z  NULL 138.4000000 6.1569000
OBS: 57408.078  g  NULL 225.4200000 11.7980000
OBS: 57408.081  r  NULL 233.2900000 9.9674000
OBS: 57408.083  i  NULL 228.1300000 9.7100000
OBS: 57408.085  z  NULL 176.6100000 8.4881000
OBS: 57426.143  g  NULL 95.5730000 5.7185000
OBS: 57426.145  r  NULL 203.4700000 9.3068000
OBS: 57426.147  i  NULL 196.6900000 11.8650000
OBS: 57426.145  z  NULL 131.5200000 21.0940000
END_PHOTOMETRY:

# =============================================
