SURVEY: DES
SNID: 1343871
IAUC: NULL
FILTERS: griz
FAKE: 0
TYPE: 1
MASK_FLUXCOR_SNANA: 3
RA: 43.502541               # deg
DECL: -0.370269               # deg
MWEBV: 0.055                    # MW E(B-V)
MWEBV_ERR: 0.003                    # MW E(B-V)
PIXSIZE: 0.2700                    # arcSec
PEAKMJD: 57387.086
REDSHIFT_FINAL: 0.6379 +-  0.0050    # (CMB)
REDSHIFT_HELIO: 0.6390 +-  0.0050    # (HELIO)
HOSTGAL_OBJID: 44512
HOSTGAL_PHOTOZ: 1.1876 +-  0.1150   # (HELIO)
HOSTGAL_SPECZ: -9.0000 +- -9.0000   # (HELIO)
HOSTGAL_SNSEP: 0.6600              # arcSec
HOSTGAL_LOGMASS: 8.7430 +-  0.9285 # log10(M/Msolar)
HOSTGAL_MAG: 24.91    24.60    24.34    23.81    # griz
HOSTGAL_SB_FLUXCAL: 2.02     3.66     5.47     5.98    # griz
PRIVATE(DES_mjd_latest_ml): 57401.068
PRIVATE(DES_mjd_trigger): 57385.078
BAND: ['g' 'r' 'i' 'z' 'g' 'r' 'i' 'z' 'g' 'r' 'i' 'z' 'g' 'r' 'i' 'z' 'g' 'r'
 'i' 'z' 'g' 'r' 'i' 'z' 'g' 'r' 'i' 'z']
ZPFLUX: [30.592 30.69  30.95  30.625 30.659 30.716 30.947 30.579 30.658 30.723
 30.96  30.633 30.669 30.746 30.981 30.667 30.654 30.728 30.959 30.586
 30.652 30.716 30.951 30.584 30.602 30.665 30.922 30.506]
PSF: [2.24  1.96  1.86  2.083 1.75  1.57  1.53  1.545 2.36  2.09  2.08  1.908
 1.93  1.78  1.64  1.604 2.45  2.24  2.19  2.112 2.12  2.02  1.97  1.801
 2.16  2.18  2.16  2.106]
SKYSIG: [24.53 23.5  30.53 24.67  7.44 10.6  17.17 15.15  8.12 11.28 20.52 20.28
  7.17 10.26 19.29 18.7  11.62 12.36 22.17 20.62  8.75 11.29 18.85 16.94
 34.39 34.65 40.64 29.15]
GAIN: [4.26  3.95  3.98  4.25  4.09  3.85  3.92  4.275 4.09  3.85  3.98  4.251
 4.04  3.82  3.9   4.287 4.18  3.83  3.94  4.245 4.13  3.83  3.91  4.225
 4.29  3.96  4.    4.223]
PHOTFLAG: [0 0 0 0 0 0 0 0 0 0 0 0 0 0 0 0 0 0 0 0 0 0 0 0 0 0 0 0]
PHOTPROB: [0.97 1.12 0.96 0.99 0.97 0.8  1.12 0.92 1.01 1.02 0.95 0.94 1.05 0.92
 1.07 1.   1.07 1.09 0.92 0.96 1.02 0.96 1.04 0.97 0.86 0.87 1.06 1.04]
SPECTRA: {}

NOBS: 28
NVAR: 6
VARLIST:  MJD	FLT FIELD	FLUXCAL	  FLUXCALERR

OBS: 57355.223  g  NULL 3.6290000 13.5950000
OBS: 57355.226  r  NULL 2.7030000 8.5032000
OBS: 57355.228  i  NULL 2.9390000 8.9196000
OBS: 57355.231  z  NULL -7.7040000 10.9330000
OBS: 57365.121  g  NULL 3.1997000 2.6785000
OBS: 57365.123  r  NULL 7.3777000 3.9404000
OBS: 57365.125  i  NULL 9.4105000 3.9332000
OBS: 57365.128  z  NULL 2.2305000 5.3992000
OBS: 57372.113  g  NULL 13.9230000 3.9422000
OBS: 57372.115  r  NULL 27.9300000 5.1873000
OBS: 57372.118  i  NULL 19.5140000 6.5522000
OBS: 57372.120  z  NULL 31.9510000 8.6454000
OBS: 57385.078  g  NULL 16.5790000 2.9545000
OBS: 57385.080  r  NULL 69.0520000 4.4667000
OBS: 57385.082  i  NULL 55.5890000 4.9275000
OBS: 57385.085  z  NULL 48.7950000 6.4857000
OBS: 57394.042  g  NULL 9.0858000 5.1482000
OBS: 57394.044  r  NULL 66.2560000 6.3264000
OBS: 57394.046  i  NULL 57.9280000 7.2778000
OBS: 57394.049  z  NULL 49.5520000 10.1530000
OBS: 57401.061  g  NULL 8.6667000 4.0632000
OBS: 57401.063  r  NULL 48.3100000 5.2771000
OBS: 57401.065  i  NULL 52.4600000 5.2796000
OBS: 57401.068  z  NULL 62.4080000 6.9919000
OBS: 57408.051  g  NULL 6.3949000 25.3390000
OBS: 57408.053  r  NULL 45.8770000 18.1900000
OBS: 57408.055  i  NULL 32.6180000 15.9040000
OBS: 57408.057  z  NULL 51.9490000 14.5490000
END_PHOTOMETRY:

# =============================================
