SURVEY: DES
SNID: 1341894
IAUC: NULL
FILTERS: griz
FAKE: 0
TYPE: 1
MASK_FLUXCOR_SNANA: 3
RA: 35.302509               # deg
DECL: -4.650220               # deg
MWEBV: 0.022                    # MW E(B-V)
MWEBV_ERR: 0.001                    # MW E(B-V)
PIXSIZE: 0.2700                    # arcSec
PEAKMJD: 57388.52
REDSHIFT_FINAL: 0.3121 +-  0.0010    # (CMB)
REDSHIFT_HELIO: 0.3132 +-  0.0010    # (HELIO)
HOSTGAL_OBJID: 44198
HOSTGAL_PHOTOZ: 0.3295 +-  0.0481   # (HELIO)
HOSTGAL_SPECZ: 0.3140 +- -9.0000   # (HELIO)
HOSTGAL_SNSEP: 0.0500              # arcSec
HOSTGAL_LOGMASS: 10.0030 +-  0.0090 # log10(M/Msolar)
HOSTGAL_MAG: 22.22    21.45    21.18    20.96    # griz
HOSTGAL_SB_FLUXCAL: 28.90    63.40    80.64   100.41    # griz
PRIVATE(DES_mjd_latest_ml): 57427.054
PRIVATE(DES_mjd_trigger): 57379.061
BAND: ['g' 'r' 'i' 'z' 'g' 'r' 'i' 'z' 'g' 'r' 'i' 'z' 'g' 'r' 'i' 'z' 'g' 'r'
 'i' 'z' 'g' 'r' 'i' 'z' 'g' 'r' 'i' 'z']
ZPFLUX: [30.347 30.46  30.867 30.518 30.679 30.701 30.972 30.638 30.674 30.727
 30.978 30.65  30.625 30.439 30.936 30.474 30.681 30.726 30.971 30.571
 30.682 30.713 30.973 30.606 30.588 30.651 30.915 30.537]
PSF: [2.28  1.98  1.76  1.747 2.38  2.23  2.32  2.09  2.42  2.2   2.13  1.823
 2.13  1.99  2.02  1.974 3.36  2.91  3.45  3.734 1.79  1.64  1.49  1.415
 3.77  3.23  3.18  2.966]
SKYSIG: [ 7.8  10.8  18.52 16.1   9.79 11.51 19.55 18.2  37.53 36.22 42.98 31.05
 11.08 13.66 20.9  20.61  7.89 11.44 23.22 22.87 12.76 14.45 22.74 21.14
  9.25 13.65 25.82 25.58]
GAIN: [3.65  3.7   3.78  4.022 3.75  3.71  3.77  3.97  3.94  3.83  3.91  3.97
 3.8   3.71  3.87  4.024 3.67  3.7   3.83  3.995 3.85  3.73  3.87  4.005
 3.76  3.73  3.81  4.008]
PHOTFLAG: [0 0 0 0 0 0 0 0 0 0 0 0 0 0 0 0 0 0 0 0 0 0 0 0 0 0 0 0]
PHOTPROB: [0.95 0.92 0.98 1.02 0.95 1.01 1.02 0.89 0.97 0.85 1.   1.   1.12 1.12
 0.97 1.03 0.96 1.03 0.97 0.96 0.99 1.03 1.04 1.01 0.94 0.88 0.82 0.92]
SPECTRA: {}

NOBS: 28
NVAR: 6
VARLIST:  MJD	FLT FIELD	FLUXCAL	  FLUXCALERR

OBS: 57365.051  g  NULL 0.2240000 5.7891000
OBS: 57365.054  r  NULL -3.7490000 9.4267000
OBS: 57365.056  i  NULL -3.9510000 10.3400000
OBS: 57365.059  z  NULL 11.3390000 11.9600000
OBS: 57372.046  g  NULL 23.5220000 6.0636000
OBS: 57372.048  r  NULL 30.3550000 9.1645000
OBS: 57372.051  i  NULL 39.7520000 12.4160000
OBS: 57372.053  z  NULL 23.1850000 13.8570000
OBS: 57379.058  g  NULL 66.0250000 28.5800000
OBS: 57379.061  r  NULL 95.0250000 22.1070000
OBS: 57379.063  i  NULL 113.6000000 22.4460000
OBS: 57379.066  z  NULL 101.4900000 19.0930000
OBS: 57388.042  g  NULL 183.5900000 7.7568000
OBS: 57388.045  r  NULL 215.4200000 12.3210000
OBS: 57388.047  i  NULL 196.7600000 12.1290000
OBS: 57388.049  z  NULL 163.3000000 16.0790000
OBS: 57395.094  g  NULL 138.1400000 7.9084000
OBS: 57395.096  r  NULL 194.6800000 12.9210000
OBS: 57395.098  i  NULL 208.3100000 22.5920000
OBS: 57395.101  z  NULL 139.6800000 28.9880000
OBS: 57402.048  g  NULL 87.2380000 6.1307000
OBS: 57402.051  r  NULL 164.3900000 8.9533000
OBS: 57402.053  i  NULL 155.5100000 10.3000000
OBS: 57402.056  z  NULL 96.0960000 11.0460000
OBS: 57427.050  g  NULL 6.3520000 10.9370000
OBS: 57427.052  r  NULL 36.2150000 14.5830000
OBS: 57427.054  i  NULL 77.4980000 24.1220000
OBS: 57427.057  z  NULL 86.3740000 26.1190000
END_PHOTOMETRY:

# =============================================
