SURVEY: DES
SNID: 1345553
IAUC: NULL
FILTERS: griz
FAKE: 0
TYPE: 1
MASK_FLUXCOR_SNANA: 3
RA: 35.344692               # deg
DECL: -4.667977               # deg
MWEBV: 0.022                    # MW E(B-V)
MWEBV_ERR: 0.001                    # MW E(B-V)
PIXSIZE: 0.2700                    # arcSec
PEAKMJD: 57390.746
REDSHIFT_FINAL: 0.3189 +-  0.0050    # (CMB)
REDSHIFT_HELIO: 0.3200 +-  0.0050    # (HELIO)
HOSTGAL_OBJID: 44608
HOSTGAL_PHOTOZ: 0.3647 +-  0.1024   # (HELIO)
HOSTGAL_SPECZ: 0.3190 +- -9.0000   # (HELIO)
HOSTGAL_SNSEP: 0.7200              # arcSec
HOSTGAL_LOGMASS: 10.0340 +-  0.1035 # log10(M/Msolar)
HOSTGAL_MAG: 22.88    21.94    21.53    21.25    # griz
HOSTGAL_SB_FLUXCAL: 12.38    30.03    46.73    54.87    # griz
PRIVATE(DES_mjd_latest_ml): 57427.057
PRIVATE(DES_mjd_trigger): 57388.042
BAND: ['g' 'r' 'i' 'z' 'g' 'r' 'i' 'z' 'g' 'r' 'i' 'z' 'g' 'r' 'i' 'z' 'g' 'r'
 'i' 'z' 'g' 'r' 'i' 'z']
ZPFLUX: [30.679 30.701 30.972 30.638 30.674 30.727 30.978 30.651 30.625 30.439
 30.936 30.477 30.681 30.726 30.971 30.569 30.682 30.713 30.973 30.606
 30.588 30.651 30.915 30.538]
PSF: [2.38  2.23  2.32  2.086 2.42  2.2   2.13  1.809 2.13  1.99  2.02  1.974
 3.36  2.91  3.45  3.72  1.79  1.64  1.49  1.415 3.77  3.23  3.18  2.985]
SKYSIG: [ 9.79 11.51 19.55 18.2  37.53 36.22 42.98 31.05 11.08 13.66 20.9  20.61
  7.89 11.44 23.22 22.87 12.76 14.45 22.74 21.14  9.25 13.65 25.82 25.58]
GAIN: [3.75  3.71  3.77  3.971 3.94  3.83  3.91  3.97  3.8   3.71  3.87  4.024
 3.67  3.7   3.83  3.995 3.85  3.73  3.87  4.005 3.76  3.73  3.81  4.01 ]
PHOTFLAG: [0 0 0 0 0 0 0 0 0 0 0 0 0 0 0 0 0 0 0 0 0 0 0 0]
PHOTPROB: [0.98 0.94 1.03 0.97 0.88 0.93 0.97 1.01 1.06 0.96 1.02 0.96 1.13 1.02
 0.99 1.05 0.95 1.01 1.1  0.98 0.99 1.04 1.14 1.03]
SPECTRA: {}

NOBS: 24
NVAR: 6
VARLIST:  MJD	FLT FIELD	FLUXCAL	  FLUXCALERR

OBS: 57372.046  g  NULL -2.3100000 6.1344000
OBS: 57372.048  r  NULL -3.0300000 7.6234000
OBS: 57372.051  i  NULL 15.1960000 11.0380000
OBS: 57372.053  z  NULL 3.7230000 10.8330000
OBS: 57379.058  g  NULL 37.8630000 31.2870000
OBS: 57379.061  r  NULL 92.4480000 20.3730000
OBS: 57379.063  i  NULL 54.3440000 17.9610000
OBS: 57379.066  z  NULL 32.2190000 16.2340000
OBS: 57388.042  g  NULL 222.6700000 7.8215000
OBS: 57388.045  r  NULL 225.6700000 11.6950000
OBS: 57388.047  i  NULL 190.7800000 10.6390000
OBS: 57388.049  z  NULL 166.8400000 13.8230000
OBS: 57395.094  g  NULL 215.5500000 7.8981000
OBS: 57395.096  r  NULL 253.9400000 10.4540000
OBS: 57395.098  i  NULL 238.9000000 18.2950000
OBS: 57395.101  z  NULL 130.2700000 30.1790000
OBS: 57402.048  g  NULL 162.8800000 6.7215000
OBS: 57402.051  r  NULL 211.7600000 8.3708000
OBS: 57402.053  i  NULL 201.8100000 9.0274000
OBS: 57402.055  z  NULL 127.8400000 9.3568000
OBS: 57427.050  g  NULL 9.5680000 10.0290000
OBS: 57427.052  r  NULL 77.3930000 13.1620000
OBS: 57427.054  i  NULL 101.8300000 19.6780000
OBS: 57427.057  z  NULL 84.6330000 21.3130000
END_PHOTOMETRY:

# =============================================
