SURVEY: DES
SNID: 1316385
IAUC: NULL
FILTERS: griz
FAKE: 0
TYPE: 1
MASK_FLUXCOR_SNANA: 3
RA: 53.525982               # deg
DECL: -27.632116               # deg
MWEBV: 0.007                    # MW E(B-V)
MWEBV_ERR: 0.000                    # MW E(B-V)
PIXSIZE: 0.2700                    # arcSec
PEAKMJD: 57016.887
REDSHIFT_FINAL: 0.1478 +-  0.0010    # (CMB)
REDSHIFT_HELIO: 0.1482 +-  0.0010    # (HELIO)
HOSTGAL_OBJID: 22983
HOSTGAL_PHOTOZ: 0.2149 +-  0.0652   # (HELIO)
HOSTGAL_SPECZ: 0.1482 +- -9.0000   # (HELIO)
HOSTGAL_SNSEP: 0.0500              # arcSec
HOSTGAL_LOGMASS: 9.8040 +-  0.1255 # log10(M/Msolar)
HOSTGAL_MAG: 20.57    19.81    19.45    19.24    # griz
HOSTGAL_SB_FLUXCAL: 121.50   267.89   381.78   458.67    # griz
PRIVATE(DES_mjd_latest_ml): 57067.045
PRIVATE(DES_mjd_trigger): 57005.241
BAND: ['g' 'i' 'z' 'r' 'z' 'g' 'r' 'z' 'g' 'i' 'z' 'i' 'z' 'i' 'z' 'g' 'z' 'i'
 'z' 'i' 'z' 'g' 'i' 'z' 'g' 'r' 'i' 'z' 'g' 'g' 'z' 'z']
ZPFLUX: [30.888 31.664 31.198 30.627 30.618 30.869 31.836 31.209 30.109 31.46
 31.171 31.639 31.211 31.635 31.205 30.747 31.25  31.646 31.211 31.66
 31.119 30.826 31.591 31.203 30.707 30.985 31.328 31.011 30.561 30.681
 30.514 31.099]
PSF: [1.789 1.849 2.766 3.88  3.649 2.6   2.24  2.039 3.048 2.756 3.217 2.496
 2.207 1.96  1.995 2.39  1.773 2.14  1.575 2.61  1.671 2.195 1.672 2.358
 2.13  2.526 1.666 1.732 2.37  3.69  3.4   2.541]
SKYSIG: [11.85 19.3  11.55 24.8  24.74 13.53 23.88 11.4   6.15 18.67 11.42 23.37
 14.18 47.07 14.4  34.44 15.01 30.3  13.39 26.08 13.25 12.7  25.27 12.15
 25.74 14.61 26.7  15.5  24.58  9.86 26.03 11.82]
GAIN: [3.89  3.76  3.962 3.86  4.144 3.81  3.61  3.975 3.72  3.706 3.951 3.745
 3.95  3.83  3.918 4.42  3.916 3.74  3.965 3.67  3.987 3.85  3.814 3.966
 4.43  3.632 3.789 3.936 4.43  4.29  4.22  3.978]
PHOTFLAG: [    0 32768     0     0     0 32768 32768     0 32768 32768 32768 32768
 32768 32768 32768     0 32768 32768 32768 32768 32768 32768 32768     0
     0 32768 98304 98304     0     0 32768     0]
PHOTPROB: [1.16 1.07 1.08 1.04 1.13 1.16 1.18 1.08 1.2  1.16 1.03 1.12 1.05 1.12
 1.06 1.11 1.09 1.15 1.08 1.2  1.08 1.08 1.08 1.09 1.08 1.15 1.04 1.06
 1.04 1.05 1.1  1.01]
SPECTRA: {}

NOBS: 32
NVAR: 6
VARLIST:  MJD	FLT FIELD	FLUXCAL	  FLUXCALERR

OBS: 57001.175  g  NULL 154.1100000 12.5570000
OBS: 57001.203  i  NULL 103.9700000 16.5460000
OBS: 57001.239  z  NULL 74.2770000 22.7330000
OBS: 57001.304  r  NULL 112.7400000 35.5410000
OBS: 57001.309  z  NULL 62.5160000 51.5050000
OBS: 57005.237  g  NULL 435.2600000 24.3110000
OBS: 57005.253  r  NULL 399.8300000 24.3040000
OBS: 57008.064  z  NULL 412.4100000 18.6010000
OBS: 57012.193  g  NULL 1109.6000000 30.9620000
OBS: 57012.225  i  NULL 786.0200000 29.2410000
OBS: 57012.242  z  NULL 621.4300000 28.0560000
OBS: 57018.207  i  NULL 899.2200000 28.1550000
OBS: 57019.144  z  NULL 696.8100000 27.5960000
OBS: 57025.163  i  NULL 905.7900000 41.7820000
OBS: 57026.042  z  NULL 597.7000000 22.1270000
OBS: 57026.166  g  NULL 1164.7000000 37.3180000
OBS: 57033.113  z  NULL 441.8600000 19.9280000
OBS: 57039.089  i  NULL 550.7600000 32.8110000
OBS: 57040.131  z  NULL 435.6800000 19.4460000
OBS: 57044.139  i  NULL 541.4500000 34.0680000
OBS: 57047.039  z  NULL 472.8600000 20.4700000
OBS: 57048.034  g  NULL 221.6200000 16.6800000
OBS: 57051.124  i  NULL 530.6900000 19.5550000
OBS: 57053.041  z  NULL 465.1800000 21.5310000
OBS: 57054.034  g  NULL 138.3600000 22.6090000
OBS: 57061.040  r  NULL 327.2400000 28.7800000
OBS: 57061.077  i  NULL 372.4100000 26.6590000
OBS: 57061.097  z  NULL 414.7400000 24.1300000
OBS: 57061.142  g  NULL 90.4920000 29.2830000
OBS: 57066.030  g  NULL 83.9500000 17.2050000
OBS: 57066.038  z  NULL 289.2000000 69.9530000
OBS: 57067.046  z  NULL 284.6800000 24.0710000
END_PHOTOMETRY:

# =============================================
