SURVEY: DES
SNID: 1338675
IAUC: NULL
FILTERS: griz
FAKE: 0
TYPE: 1
MASK_FLUXCOR_SNANA: 3
RA: 36.743656               # deg
DECL: -4.967741               # deg
MWEBV: 0.022                    # MW E(B-V)
MWEBV_ERR: 0.001                    # MW E(B-V)
PIXSIZE: 0.2700                    # arcSec
PEAKMJD: 57368.949
REDSHIFT_FINAL: 0.3306 +-  0.0010    # (CMB)
REDSHIFT_HELIO: 0.3316 +-  0.0010    # (HELIO)
HOSTGAL_OBJID: 42571
HOSTGAL_PHOTOZ: 0.3756 +-  0.0614   # (HELIO)
HOSTGAL_SPECZ: 0.3316 +- -9.0000   # (HELIO)
HOSTGAL_SNSEP: 0.4200              # arcSec
HOSTGAL_LOGMASS: 9.5070 +-  0.0170 # log10(M/Msolar)
HOSTGAL_MAG: 22.96    22.20    21.99    21.77    # griz
HOSTGAL_SB_FLUXCAL: 12.56    28.20    34.87    41.05    # griz
PRIVATE(DES_mjd_latest_ml): 57403.073
PRIVATE(DES_mjd_trigger): 57356.032
BAND: ['i' 'z' 'g' 'r' 'i' 'z' 'g' 'r' 'i' 'z' 'g' 'r' 'i' 'g' 'z' 'r' 'i' 'g'
 'z' 'i' 'g' 'z' 'r' 'i' 'g' 'r' 'z' 'i' 'g' 'r' 'z' 'i' 'r' 'g']
ZPFLUX: [31.58  31.27  30.895 31.806 31.609 31.252 30.839 31.796 31.584 31.283
 30.894 31.814 31.585 30.895 31.242 31.733 31.592 30.917 31.257 31.625
 30.916 31.194 31.8   31.595 30.905 31.818 31.169 31.596 30.765 31.808
 31.203 31.602 31.769 30.846]
PSF: [2.834 2.597 2.657 2.123 2.225 2.005 2.079 1.803 1.656 1.74  1.766 1.673
 1.513 2.01  1.66  2.318 2.111 2.054 1.682 2.182 2.173 1.785 1.603 2.764
 2.486 2.243 2.402 1.969 2.587 1.883 1.397 1.508 2.353 2.003]
SKYSIG: [14.09 12.68  4.89 11.32 14.25 11.92 11.67 19.93 16.87 11.46  4.69  9.86
 10.78  4.7  13.18 11.87 11.74  6.96 13.12 11.55  4.75 11.75 10.59 13.72
  4.85 10.81 11.89 14.3   5.77 11.91 12.33 18.17 36.26 20.82]
GAIN: [3.851 3.851 3.66  3.603 3.859 3.872 3.9   3.734 3.94  3.861 3.667 3.613
 3.81  3.667 3.868 3.611 3.81  3.773 3.872 3.826 3.667 3.875 3.647 3.864
 3.69  3.621 3.876 3.872 3.734 3.657 3.879 3.967 3.805 3.882]
PHOTFLAG: [    0     0     0     0     0 32768     0     0     0     0     0     0
     0     0     0     0     0     0     0     0     0 65536     0     0
     0     0     0     0     0     0 65536     0 65536     0]
PHOTPROB: [0.88 0.94 0.97 0.89 0.88 0.91 1.   0.95 0.92 0.91 0.92 1.04 0.93 0.95
 0.94 0.86 0.89 0.95 0.92 0.92 0.94 0.9  0.83 0.87 0.91 0.9  0.89 0.9
 0.92 0.91 0.95 0.86 0.9  0.98]
SPECTRA: {}

NOBS: 34
NVAR: 6
VARLIST:  MJD	FLT FIELD	FLUXCAL	  FLUXCALERR

OBS: 57339.046  i  NULL -7.6810000 6.4768000
OBS: 57339.073  z  NULL -1.7900000 7.3605000
OBS: 57339.176  g  NULL -0.4300000 4.1308000
OBS: 57339.185  r  NULL -1.4320000 3.1762000
OBS: 57345.135  i  NULL -2.4480000 5.1434000
OBS: 57345.163  z  NULL -3.7030000 5.7172000
OBS: 57346.038  g  NULL -3.4770000 6.7778000
OBS: 57355.170  r  NULL 36.2450000 5.2092000
OBS: 57355.186  i  NULL 35.5220000 4.8829000
OBS: 57356.034  z  NULL 42.5150000 4.7454000
OBS: 57356.109  g  NULL 23.5540000 3.2883000
OBS: 57365.065  r  NULL 139.4200000 2.8873000
OBS: 57365.081  i  NULL 139.4900000 3.3560000
OBS: 57366.067  g  NULL 107.6000000 3.7983000
OBS: 57366.076  z  NULL 119.4200000 5.1753000
OBS: 57372.059  r  NULL 158.0100000 4.4941000
OBS: 57372.076  i  NULL 166.1500000 4.6206000
OBS: 57373.064  g  NULL 102.1400000 4.4226000
OBS: 57373.073  z  NULL 117.1300000 5.3245000
OBS: 57385.040  i  NULL 118.4300000 4.4704000
OBS: 57386.056  g  NULL 44.1290000 3.7155000
OBS: 57387.045  z  NULL 67.5140000 5.4777000
OBS: 57387.091  r  NULL 105.4100000 2.7820000
OBS: 57389.086  i  NULL 101.5000000 6.2398000
OBS: 57394.071  g  NULL 19.9870000 4.0165000
OBS: 57394.080  r  NULL 69.6990000 3.4151000
OBS: 57395.046  z  NULL 64.3170000 7.1583000
OBS: 57396.073  i  NULL 87.4600000 4.8395000
OBS: 57400.115  g  NULL 8.5214000 4.8839000
OBS: 57401.045  r  NULL 45.8850000 3.2653000
OBS: 57402.062  z  NULL 70.0430000 4.3821000
OBS: 57403.073  i  NULL 77.4140000 5.7169000
OBS: 57406.102  r  NULL 43.6080000 15.0500000
OBS: 57408.041  g  NULL 11.0830000 13.5000000
END_PHOTOMETRY:

# =============================================
