SURVEY: DES
SNID: 1344692
IAUC: NULL
FILTERS: griz
FAKE: 0
TYPE: 1
MASK_FLUXCOR_SNANA: 3
RA: 35.183895               # deg
DECL: -6.027370               # deg
MWEBV: 0.021                    # MW E(B-V)
MWEBV_ERR: 0.001                    # MW E(B-V)
PIXSIZE: 0.2700                    # arcSec
PEAKMJD: 57394.531
REDSHIFT_FINAL: 0.3795 +-  0.0010    # (CMB)
REDSHIFT_HELIO: 0.3806 +-  0.0010    # (HELIO)
HOSTGAL_OBJID: 44642
HOSTGAL_PHOTOZ: 0.3852 +-  0.0452   # (HELIO)
HOSTGAL_SPECZ: 0.3806 +- -9.0000   # (HELIO)
HOSTGAL_SNSEP: 1.2100              # arcSec
HOSTGAL_LOGMASS: 11.0600 +-  0.0470 # log10(M/Msolar)
HOSTGAL_MAG: 22.02    20.29    19.63    19.35    # griz
HOSTGAL_SB_FLUXCAL: 16.43    97.73   170.97   207.12    # griz
PRIVATE(DES_mjd_latest_ml): 57403.066
PRIVATE(DES_mjd_trigger): 57389.072
BAND: ['g' 'r' 'i' 'z' 'g' 'r' 'i' 'z' 'g' 'r' 'i' 'z' 'g' 'r' 'i' 'z' 'g' 'r'
 'i' 'z' 'g' 'r' 'i' 'z' 'g' 'r' 'i' 'z']
ZPFLUX: [30.689 30.728 30.967 30.627 30.704 30.762 30.994 30.663 30.655 30.73
 30.971 30.647 30.702 30.75  30.982 30.623 30.704 30.743 30.979 30.605
 30.675 30.73  30.975 30.649 30.501 30.643 30.904 30.539]
PSF: [2.15  1.9   1.73  1.674 2.79  2.22  1.97  1.754 1.89  1.66  1.64  1.691
 3.02  2.48  2.31  2.759 2.56  2.36  2.24  1.913 1.89  1.65  1.58  1.44
 3.36  3.17  2.9   2.51 ]
SKYSIG: [ 7.31 10.98 21.89 21.97 11.16 13.37 23.58 23.08 14.69 16.67 23.85 20.75
  7.61 11.28 22.07 22.88  8.09 11.77 22.44 21.98 16.58 19.82 29.66 37.32
  9.05 13.92 26.82 38.4 ]
GAIN: [3.9   3.71  3.99  4.064 4.04  3.8   3.96  4.05  4.07  3.78  3.96  4.07
 3.89  3.74  3.97  4.041 3.92  3.73  3.97  4.065 4.1   3.8   3.97  4.06
 4.01  3.77  4.01  4.07 ]
PHOTFLAG: [    0     0     0     0     0     0     0     0     0     0     0     0
     0     0     0     0     0     0     0     0 65536     0     0 65536
 65536     0     0 65536]
PHOTPROB: [1.03 1.09 1.07 1.04 0.98 0.93 1.01 1.   0.93 1.08 1.03 1.02 1.07 1.05
 0.91 1.   0.96 1.13 1.03 0.95 1.   1.01 0.99 0.93 1.01 1.07 0.95 1.05]
SPECTRA: {}

NOBS: 28
NVAR: 6
VARLIST:  MJD	FLT FIELD	FLUXCAL	  FLUXCALERR

OBS: 57366.054  g  NULL 0.3760000 4.1931000
OBS: 57366.056  r  NULL -2.0360000 7.2858000
OBS: 57366.058  i  NULL 12.8900000 13.6420000
OBS: 57366.061  z  NULL 1.0060000 13.8920000
OBS: 57373.051  g  NULL 1.9150000 7.5056000
OBS: 57373.053  r  NULL 8.9180000 9.4922000
OBS: 57373.055  i  NULL 6.5750000 17.2770000
OBS: 57373.058  z  NULL 8.1382000 15.4550000
OBS: 57385.107  g  NULL 22.5960000 6.9881000
OBS: 57385.109  r  NULL 47.5670000 8.7703000
OBS: 57385.111  i  NULL 56.6900000 13.7980000
OBS: 57385.114  z  NULL 55.5110000 14.1000000
OBS: 57389.072  g  NULL 34.6220000 5.9639000
OBS: 57389.074  r  NULL 63.6920000 9.4188000
OBS: 57389.076  i  NULL 76.1340000 18.8110000
OBS: 57389.078  z  NULL 73.0650000 28.1950000
OBS: 57396.059  g  NULL 28.7080000 5.4307000
OBS: 57396.061  r  NULL 78.9480000 9.3748000
OBS: 57396.063  i  NULL 87.4350000 19.3610000
OBS: 57396.066  z  NULL 83.9530000 17.6480000
OBS: 57403.057  g  NULL 10.3970000 9.0605000
OBS: 57403.062  r  NULL 48.0930000 17.6400000
OBS: 57403.064  i  NULL 83.0700000 20.2560000
OBS: 57403.061  z  NULL 93.4430000 21.4950000
OBS: 57427.062  g  NULL 2.5400000 8.3886000
OBS: 57427.066  r  NULL 0.7647200 15.4320000
OBS: 57427.068  i  NULL 15.1910000 28.4370000
OBS: 57427.065  z  NULL -1.3350000 42.1740000
END_PHOTOMETRY:

# =============================================
