SURVEY: DES
SNID: 1334087
IAUC: NULL
FILTERS: griz
FAKE: 0
TYPE: 1
MASK_FLUXCOR_SNANA: 3
RA: 41.008358               # deg
DECL: -0.467395               # deg
MWEBV: 0.031                    # MW E(B-V)
MWEBV_ERR: 0.002                    # MW E(B-V)
PIXSIZE: 0.2700                    # arcSec
PEAKMJD: 57332.566
REDSHIFT_FINAL: 0.2663 +-  0.0010    # (CMB)
REDSHIFT_HELIO: 0.2672 +-  0.0010    # (HELIO)
HOSTGAL_OBJID: 40990
HOSTGAL_PHOTOZ: 0.3064 +-  0.0465   # (HELIO)
HOSTGAL_SPECZ: 0.2672 +- -9.0000   # (HELIO)
HOSTGAL_SNSEP: 2.2500              # arcSec
HOSTGAL_LOGMASS: 10.9510 +-  0.0565 # log10(M/Msolar)
HOSTGAL_MAG: 20.99    19.56    19.13    18.83    # griz
HOSTGAL_SB_FLUXCAL: 22.38    98.10   123.87   198.49    # griz
PRIVATE(DES_mjd_latest_ml): 57403.104
PRIVATE(DES_mjd_trigger): 57329.169
BAND: ['z' 'g' 'r' 'z' 'r' 'i' 'z' 'g' 'z' 'z' 'g' 'z' 'z' 'g' 'r' 'i' 'z' 'g'
 'g' 'z' 'g' 'z' 'z' 'g' 'r' 'i' 'z']
ZPFLUX: [30.675 30.486 30.461 30.637 30.707 30.965 30.64  30.747 30.643 30.645
 30.662 30.696 30.674 30.62  30.694 30.946 30.629 30.684 30.69  30.622
 30.714 30.637 30.589 30.657 30.715 30.959 30.631]
PSF: [1.95  3.17  2.92  2.95  2.49  2.75  2.55  2.57  2.03  2.43  3.17  2.74
 3.085 2.07  1.89  1.77  1.79  1.79  2.73  2.09  2.31  2.18  2.119 1.91
 1.67  1.62  1.671]
SKYSIG: [24.22  7.86 12.53 28.79 27.2  32.72 36.98 33.07 35.71 30.22  7.73 29.28
 21.63 24.06 23.36 30.55 35.29  7.55  8.65 26.94  7.3  30.33 23.55 16.24
 19.76 30.13 27.81]
GAIN: [3.98  4.05  3.72  4.03  3.78  3.94  4.02  4.24  3.835 4.04  4.01  4.03
 4.01  4.2   3.81  3.93  4.01  4.03  4.08  4.07  4.02  4.03  4.025 4.2
 3.73  3.9   4.015]
PHOTFLAG: [32768     0     0 32768     0     0 32768     0     0 32768     0 32768
     0     0     0     0 32768     0     0 32768     0 32768     0     0
     0     0     0]
PHOTPROB: [1.15 0.95 1.09 1.1  1.   1.04 1.06 1.01 0.99 1.07 1.17 1.14 1.1  1.07
 1.14 1.12 1.18 1.09 1.16 1.1  1.11 1.16 1.14 0.98 1.13 1.17 1.09]
SPECTRA: {}

NOBS: 27
NVAR: 6
VARLIST:  MJD	FLT FIELD	FLUXCAL	  FLUXCALERR

OBS: 57311.299  z  NULL 9.5980000 17.8850000
OBS: 57315.206  g  NULL 8.4905000 7.9224000
OBS: 57315.208  r  NULL 16.4180000 14.0190000
OBS: 57315.211  z  NULL 9.7880000 33.6190000
OBS: 57319.134  r  NULL 70.7370000 20.8860000
OBS: 57319.137  i  NULL 36.1730000 28.7190000
OBS: 57319.137  z  NULL 28.9020000 37.7950000
OBS: 57325.106  g  NULL 145.0200000 35.1170000
OBS: 57325.113  z  NULL 198.0000000 46.9750000
OBS: 57329.177  z  NULL 212.9100000 27.7730000
OBS: 57339.117  g  NULL 330.7900000 7.8807000
OBS: 57339.123  z  NULL 202.9400000 28.6300000
OBS: 57345.234  z  NULL 232.9100000 25.8570000
OBS: 57355.210  g  NULL 118.3000000 13.7780000
OBS: 57355.212  r  NULL 243.1100000 14.7220000
OBS: 57355.214  i  NULL 234.3200000 17.3610000
OBS: 57355.215  z  NULL 165.1600000 23.8230000
OBS: 57365.107  g  NULL 50.6600000 3.9158000
OBS: 57372.100  g  NULL 32.1930000 5.7867000
OBS: 57372.105  z  NULL 151.3000000 22.3310000
OBS: 57385.064  g  NULL 22.8950000 4.4185000
OBS: 57389.118  z  NULL 104.8900000 26.8480000
OBS: 57396.103  z  NULL 63.0270000 19.7090000
OBS: 57403.097  g  NULL 21.4360000 11.5350000
OBS: 57403.099  r  NULL 55.8900000 17.5880000
OBS: 57403.101  i  NULL 68.3710000 17.3790000
OBS: 57403.103  z  NULL 57.5820000 18.6040000
END_PHOTOMETRY:

# =============================================
