SURVEY: DES
SNID: 1345582
IAUC: NULL
FILTERS: griz
FAKE: 0
TYPE: 1
MASK_FLUXCOR_SNANA: 3
RA: 33.706467               # deg
DECL: -4.674740               # deg
MWEBV: 0.018                    # MW E(B-V)
MWEBV_ERR: 0.001                    # MW E(B-V)
PIXSIZE: 0.2700                    # arcSec
PEAKMJD: 57393.121
REDSHIFT_FINAL: 0.4588 +-  0.0050    # (CMB)
REDSHIFT_HELIO: 0.4600 +-  0.0050    # (HELIO)
HOSTGAL_OBJID: 45269
HOSTGAL_PHOTOZ: 0.7389 +-  0.0279   # (HELIO)
HOSTGAL_SPECZ: 0.7849 +- -9.0000   # (HELIO)
HOSTGAL_SNSEP: 1.0700              # arcSec
HOSTGAL_LOGMASS: 9.9140 +-  0.4300 # log10(M/Msolar)
HOSTGAL_MAG: 24.12    23.33    22.61    22.43    # griz
HOSTGAL_SB_FLUXCAL: 2.74     6.47    14.27    15.04    # griz
PRIVATE(DES_mjd_latest_ml): 57427.052
PRIVATE(DES_mjd_trigger): 57395.094
BAND: ['g' 'r' 'i' 'z' 'g' 'r' 'i' 'z' 'g' 'r' 'i' 'z' 'g' 'r' 'i' 'z' 'g' 'r'
 'i' 'z' 'g' 'r' 'i' 'z' 'g' 'r' 'i' 'z']
ZPFLUX: [30.349 30.55  30.924 30.496 30.664 30.708 30.941 30.622 30.672 30.736
 30.965 30.646 30.567 30.445 30.915 30.454 30.644 30.694 30.913 30.525
 30.66  30.715 30.956 30.596 30.539 30.611 30.871 30.522]
PSF: [2.38  2.01  1.74  1.78  2.42  2.21  2.27  2.133 2.44  2.21  2.14  1.857
 2.22  2.04  2.06  1.992 3.42  2.91  3.48  3.89  1.85  1.69  1.51  1.435
 3.86  3.14  3.22  2.994]
SKYSIG: [ 7.28 10.45 17.97 15.82  9.24 11.28 19.34 17.98 35.36 35.27 42.3  30.77
 10.53 13.3  20.65 20.49  7.47 11.27 23.03 32.43 12.23 14.22 22.76 21.06
  8.88 13.47 25.74 25.56]
GAIN: [4.22  3.91  3.94  4.134 4.28  3.92  3.9   4.065 4.45  4.06  4.05  4.06
 4.3   3.97  3.99  4.104 4.19  3.91  3.97  4.07  4.34  3.97  3.98  4.115
 4.25  3.96  3.93  4.068]
PHOTFLAG: [    0     0     0     0     0     0     0     0     0     0     0     0
     0     0     0     0     0     0     0 65536     0     0     0     0
     0     0     0     0]
PHOTPROB: [0.87 0.86 1.01 1.04 1.04 0.86 0.94 1.06 0.97 0.63 1.15 1.03 0.83 0.97
 1.03 1.01 1.   0.94 1.05 1.05 0.97 0.96 1.15 1.11 0.95 0.92 0.88 0.93]
SPECTRA: {}

NOBS: 28
NVAR: 6
VARLIST:  MJD	FLT FIELD	FLUXCAL	  FLUXCALERR

OBS: 57365.051  g  NULL 5.7110000 5.9575000
OBS: 57365.054  r  NULL -0.9550000 6.2173000
OBS: 57365.056  i  NULL -0.7250000 6.6718000
OBS: 57365.058  z  NULL 14.8840000 7.6711000
OBS: 57372.046  g  NULL 0.4996000 5.2757000
OBS: 57372.048  r  NULL -0.1790000 5.8283000
OBS: 57372.051  i  NULL 3.4086000 8.4187000
OBS: 57372.053  z  NULL 6.8133000 8.8640000
OBS: 57379.058  g  NULL -22.0100000 19.8230000
OBS: 57379.061  r  NULL 19.1060000 17.1950000
OBS: 57379.063  i  NULL 10.0760000 16.4270000
OBS: 57379.065  z  NULL 31.3740000 13.6870000
OBS: 57388.042  g  NULL 57.1480000 6.0954000
OBS: 57388.045  r  NULL 104.0800000 8.5288000
OBS: 57388.047  i  NULL 76.7190000 8.1339000
OBS: 57388.049  z  NULL 73.6020000 11.0010000
OBS: 57395.094  g  NULL 72.1380000 6.7029000
OBS: 57395.096  r  NULL 146.2900000 8.6857000
OBS: 57395.098  i  NULL 131.6000000 16.3600000
OBS: 57395.102  z  NULL 97.0720000 30.6220000
OBS: 57402.048  g  NULL 54.9310000 6.2268000
OBS: 57402.051  r  NULL 135.0100000 6.5519000
OBS: 57402.053  i  NULL 115.5600000 7.0033000
OBS: 57402.056  z  NULL 103.0200000 7.5658000
OBS: 57427.050  g  NULL 12.6760000 10.7140000
OBS: 57427.052  r  NULL 52.0210000 10.6160000
OBS: 57427.054  i  NULL 42.5340000 16.8860000
OBS: 57427.057  z  NULL 48.7870000 18.9760000
END_PHOTOMETRY:

# =============================================
