SURVEY: DES
SNID: 1342255
IAUC: NULL
FILTERS: griz
FAKE: 0
TYPE: 1
MASK_FLUXCOR_SNANA: 3
RA: 40.743481               # deg
DECL: -0.267406               # deg
MWEBV: 0.024                    # MW E(B-V)
MWEBV_ERR: 0.001                    # MW E(B-V)
PIXSIZE: 0.2700                    # arcSec
PEAKMJD: 57382.648
REDSHIFT_FINAL: 0.2141 +-  0.0050    # (CMB)
REDSHIFT_HELIO: 0.2150 +-  0.0050    # (HELIO)
HOSTGAL_OBJID: 44599
HOSTGAL_PHOTOZ: 0.2987 +-  0.0676   # (HELIO)
HOSTGAL_SPECZ: 0.2198 +- -9.0000   # (HELIO)
HOSTGAL_SNSEP: 2.8300              # arcSec
HOSTGAL_LOGMASS: 10.0240 +-  0.0665 # log10(M/Msolar)
HOSTGAL_MAG: 22.22    21.34    20.95    20.72    # griz
HOSTGAL_SB_FLUXCAL: 5.09    11.48    16.05    16.39    # griz
PRIVATE(DES_mjd_latest_ml): 57403.104
PRIVATE(DES_mjd_trigger): 57385.064
BAND: ['g' 'r' 'i' 'z' 'g' 'r' 'i' 'z' 'g' 'r' 'i' 'z' 'g' 'r' 'i' 'z' 'g' 'r'
 'i' 'z' 'g' 'r' 'i' 'z' 'g']
ZPFLUX: [30.669 30.719 30.964 30.604 30.681 30.73  30.984 30.653 30.701 30.744
 31.    30.686 30.681 30.735 30.985 30.642 30.671 30.723 30.977 30.606
 30.65  30.715 30.975 30.641 30.595]
PSF: [1.89  1.65  1.58  1.495 2.83  2.46  2.21  2.028 2.39  1.98  1.96  1.74
 2.51  2.3   2.36  2.153 2.5   2.29  2.11  2.147 2.01  1.74  1.67  1.71
 2.85 ]
SKYSIG: [ 7.97 11.11 19.32 15.99  9.15 11.98 20.58 19.24  7.67 10.59 19.94 18.81
  8.43 11.96 23.19 21.67  8.72 12.58 24.94 23.71 17.14 19.97 30.83 27.98
  9.34]
GAIN: [3.49  3.55  3.66  3.955 3.55  3.53  3.66  3.984 3.52  3.5   3.68  3.955
 3.53  3.51  3.69  3.93  3.53  3.55  3.69  3.925 3.71  3.58  3.72  3.92
 3.6  ]
PHOTFLAG: [0 0 0 0 0 0 0 0 0 0 0 0 0 0 0 0 0 0 0 0 0 0 0 0 0]
PHOTPROB: [1.14 1.03 0.9  0.93 0.92 1.01 0.96 1.01 1.05 1.1  0.95 0.88 1.02 1.01
 0.9  0.92 1.09 0.97 0.99 0.99 0.94 1.09 1.01 0.99 0.99]
SPECTRA: {}

NOBS: 25
NVAR: 6
VARLIST:  MJD	FLT FIELD	FLUXCAL	  FLUXCALERR

OBS: 57365.107  g  NULL 1.5940000 4.8846000
OBS: 57365.110  r  NULL 0.3770000 4.1869000
OBS: 57365.112  i  NULL 7.1760000 6.1829000
OBS: 57365.115  z  NULL -6.6850000 6.3002000
OBS: 57372.100  g  NULL 41.2330000 7.2343000
OBS: 57372.102  r  NULL 55.5870000 6.7923000
OBS: 57372.104  i  NULL 52.9100000 8.4083000
OBS: 57372.107  z  NULL 37.4660000 9.7398000
OBS: 57385.064  g  NULL 530.6500000 7.7149000
OBS: 57385.067  r  NULL 499.8600000 7.5289000
OBS: 57385.069  i  NULL 413.1400000 8.8453000
OBS: 57385.071  z  NULL 294.5700000 8.8760000
OBS: 57389.109  g  NULL 582.2000000 8.3982000
OBS: 57389.111  r  NULL 565.9300000 8.5817000
OBS: 57389.113  i  NULL 462.1100000 11.0980000
OBS: 57389.116  z  NULL 284.6100000 12.0000000
OBS: 57396.096  g  NULL 458.9700000 8.1271000
OBS: 57396.099  r  NULL 550.5400000 8.8352000
OBS: 57396.101  i  NULL 450.3200000 12.1430000
OBS: 57396.103  z  NULL 236.9300000 13.0330000
OBS: 57403.097  g  NULL 289.0100000 12.8010000
OBS: 57403.099  r  NULL 425.6700000 14.8380000
OBS: 57403.101  i  NULL 345.3800000 11.7260000
OBS: 57403.103  z  NULL 191.1000000 12.4970000
OBS: 57428.056  g  NULL 49.5970000 7.5220000
END_PHOTOMETRY:

# =============================================
