SURVEY: DES
SNID: 1322979
IAUC: NULL
FILTERS: griz
FAKE: 0
TYPE: 1
MASK_FLUXCOR_SNANA: 3
RA: 52.069336               # deg
DECL: -28.063671               # deg
MWEBV: 0.009                    # MW E(B-V)
MWEBV_ERR: 0.000                    # MW E(B-V)
PIXSIZE: 0.2700                    # arcSec
PEAKMJD: 57036.449
REDSHIFT_FINAL: 0.5294 +-  0.0050    # (CMB)
REDSHIFT_HELIO: 0.5300 +-  0.0050    # (HELIO)
HOSTGAL_OBJID: 27505
HOSTGAL_PHOTOZ: 0.6557 +-  0.0824   # (HELIO)
HOSTGAL_SPECZ: -9.9900 +- -9.0000   # (HELIO)
HOSTGAL_SNSEP: 0.3300              # arcSec
HOSTGAL_LOGMASS: 7.8610 +-  0.3550 # log10(M/Msolar)
HOSTGAL_MAG: 26.68    26.02    25.92    25.71    # griz
HOSTGAL_SB_FLUXCAL: 0.30     0.79     0.95     0.80    # griz
PRIVATE(DES_mjd_latest_ml): 57067.045
PRIVATE(DES_mjd_trigger): 57025.14
BAND: ['i' 'z' 'g' 'r' 'i' 'z' 'g' 'r' 'i' 'z' 'r' 'i' 'z' 'g' 'r' 'i' 'z' 'g'
 'r' 'i' 'z' 'g' 'r' 'i' 'z' 'g' 'r' 'i' 'z' 'r' 'i' 'z' 'g' 'r' 'z']
ZPFLUX: [31.647 31.212 30.698 31.273 31.59  31.134 30.875 31.819 31.632 31.213
 31.806 31.628 31.203 30.897 31.826 31.631 31.251 30.851 31.828 31.64
 31.214 30.898 31.825 31.646 31.119 30.822 31.771 31.578 31.204 30.775
 31.229 31.004 30.776 31.726 31.095]
PSF: [1.926 2.012 2.903 2.959 2.851 3.231 3.081 2.807 2.495 2.163 2.126 2.001
 1.964 2.707 2.349 2.017 1.739 2.354 1.923 1.947 1.54  1.703 2.283 2.471
 1.628 2.084 1.629 1.585 2.324 2.606 1.697 1.714 1.821 2.689 2.517]
SKYSIG: [12.72 11.36  4.63 10.26 10.98 10.96  4.41 10.06 13.96 10.93 25.38 22.55
 13.44 11.23 11.3  13.55 14.95  6.48 10.11 13.02 10.5   3.88  9.23 11.35
 11.23  9.22 19.15 18.31 12.08 11.47 18.08 14.78  4.99 11.27 11.87]
GAIN: [4.093 4.037 4.185 4.035 4.026 4.037 4.154 3.99  4.07  4.033 4.147 4.16
 4.03  4.417 4.003 4.086 4.005 4.285 3.989 4.068 4.048 4.17  3.973 4.012
 4.059 4.37  4.106 4.152 4.057 4.104 4.107 4.015 4.241 4.001 4.054]
PHOTFLAG: [    0     0     0     0     0     0     0     0     0     0     0 65536
     0     0     0     0 32768     0     0     0     0     0     0     0
     0     0     0     0     0     0 32768 32768     0     0     0]
PHOTPROB: [1.02 0.95 0.92 0.98 0.94 1.01 0.99 0.97 1.02 0.95 0.96 1.   0.99 0.96
 0.99 0.92 0.96 0.96 0.93 0.97 0.93 0.96 0.89 0.97 0.95 1.   0.96 0.92
 1.   0.95 0.95 0.95 0.96 0.91 0.96]
SPECTRA: {}

NOBS: 35
NVAR: 6
VARLIST:  MJD	FLT FIELD	FLUXCAL	  FLUXCALERR

OBS: 57008.040  i  NULL 1.7440000 2.1413000
OBS: 57008.065  z  NULL -0.6050000 2.9310000
OBS: 57012.190  g  NULL -2.8640000 3.4396000
OBS: 57012.202  r  NULL -1.6460000 3.5357000
OBS: 57012.219  i  NULL 6.5004000 2.8280000
OBS: 57012.242  z  NULL -0.5920000 5.0670000
OBS: 57018.184  g  NULL 3.6894000 2.3429000
OBS: 57018.193  r  NULL 14.1830000 2.1009000
OBS: 57018.210  i  NULL 9.7230000 3.0101000
OBS: 57019.146  z  NULL 12.4440000 3.1191000
OBS: 57025.140  r  NULL 52.6390000 4.5540000
OBS: 57025.154  i  NULL 49.6770000 3.7985000
OBS: 57026.046  z  NULL 49.5110000 3.4380000
OBS: 57029.056  g  NULL 40.8760000 5.2923000
OBS: 57032.104  r  NULL 88.0080000 2.0998000
OBS: 57032.121  i  NULL 72.1180000 2.4488000
OBS: 57033.113  z  NULL 74.6150000 3.2384000
OBS: 57034.160  g  NULL 42.8630000 2.8747000
OBS: 57039.072  r  NULL 98.2740000 1.6877000
OBS: 57039.089  i  NULL 85.9400000 2.3192000
OBS: 57040.126  z  NULL 86.0150000 2.2243000
OBS: 57041.068  g  NULL 34.1280000 1.4451000
OBS: 57044.116  r  NULL 89.5720000 1.7989000
OBS: 57044.145  i  NULL 80.8360000 2.5388000
OBS: 57047.040  z  NULL 77.7430000 2.5628000
OBS: 57048.036  g  NULL 16.9830000 3.8187000
OBS: 57051.104  r  NULL 64.8760000 2.5763000
OBS: 57051.120  i  NULL 70.0210000 2.6266000
OBS: 57053.041  z  NULL 55.1310000 3.5642000
OBS: 57061.041  r  NULL 40.7250000 6.4118000
OBS: 57061.074  i  NULL 53.0220000 4.1391000
OBS: 57061.096  z  NULL 41.9260000 4.0426000
OBS: 57063.033  g  NULL 2.6118000 1.7912000
OBS: 57066.064  r  NULL 29.7620000 2.4967000
OBS: 57067.047  z  NULL 31.7860000 4.1321000
END_PHOTOMETRY:

# =============================================
