SURVEY: DES
SNID: 1346966
IAUC: NULL
FILTERS: griz
FAKE: 0
TYPE: 101
MASK_FLUXCOR_SNANA: 3
RA: 55.340694               # deg
DECL: -29.149340               # deg
MWEBV: 0.012                    # MW E(B-V)
MWEBV_ERR: 0.001                    # MW E(B-V)
PIXSIZE: 0.2700                    # arcSec
PEAKMJD: 57402.352
REDSHIFT_FINAL: 0.3355 +-  0.0050    # (CMB)
REDSHIFT_HELIO: 0.3360 +-  0.0050    # (HELIO)
HOSTGAL_OBJID: 45548
HOSTGAL_PHOTOZ: 0.3511 +-  0.0586   # (HELIO)
HOSTGAL_SPECZ: 0.3356 +- -9.0000   # (HELIO)
HOSTGAL_SNSEP: 1.3500              # arcSec
HOSTGAL_LOGMASS: 9.5570 +-  0.0840 # log10(M/Msolar)
HOSTGAL_MAG: 22.15    21.42    21.29    21.06    # griz
HOSTGAL_SB_FLUXCAL: 18.16    34.29    44.41    52.17    # griz
PRIVATE(DES_mjd_latest_ml): 57426.15
PRIVATE(DES_mjd_trigger): 57401.122
BAND: ['r' 'i' 'z' 'g' 'r' 'i' 'z' 'g' 'r' 'i' 'z' 'g' 'r' 'i' 'z' 'g' 'r' 'i'
 'z' 'g' 'r' 'i' 'z' 'g' 'r' 'i' 'z']
ZPFLUX: [30.737 30.977 30.635 30.694 30.733 31.    30.677 30.669 30.715 30.971
 30.615 30.687 30.732 30.967 30.624 30.685 30.723 30.974 30.615 30.652
 30.702 30.942 30.552 30.549 30.632 30.91  30.507]
PSF: [4.52  4.29  4.312 2.07  1.82  1.69  1.582 2.14  1.92  1.8   1.643 3.16
 3.07  3.22  2.618 1.86  1.69  1.61  1.564 2.    1.74  1.64  1.564 3.14
 3.09  2.81  2.8  ]
SKYSIG: [20.49 27.82 22.1  32.15 29.84 36.1  27.36 14.65 15.32 24.77 22.11  7.91
 11.4  23.8  23.28  7.65 10.09 18.61 18.09 30.26 29.24 35.53 25.45  8.96
 12.81 25.37 35.24]
GAIN: [3.5   3.6   3.88  3.67  3.6   3.68  3.919 3.57  3.46  3.62  3.941 3.03
 3.33  3.64  3.894 2.97  3.23  3.6   3.9   3.69  3.61  3.69  3.931 3.17
 3.38  3.59  3.89 ]
PHOTFLAG: [    0     0     0     0     0     0     0     0     0     0     0     0
     0     0     0     0     0     0     0     0     0     0     0     0
     0     0 65536]
PHOTPROB: [0.87 0.99 1.03 1.02 1.07 1.   1.03 0.88 0.95 1.07 0.94 1.1  1.1  0.96
 0.99 1.   0.82 0.91 0.87 1.02 1.01 0.94 0.96 1.14 0.93 0.95 1.1 ]
SPECTRA: {}

NOBS: 27
NVAR: 6
VARLIST:  MJD	FLT FIELD	FLUXCAL	  FLUXCALERR

OBS: 57376.057  r  NULL -5.3940000 23.9340000
OBS: 57376.059  i  NULL -32.2960000 26.6770000
OBS: 57376.062  z  NULL 30.0340000 28.4810000
OBS: 57379.073  g  NULL -19.4080000 18.6780000
OBS: 57379.076  r  NULL 13.9660000 15.8790000
OBS: 57379.078  i  NULL -9.1900000 13.1590000
OBS: 57379.081  z  NULL -12.1810000 12.6070000
OBS: 57387.178  g  NULL 1.4352000 8.4766000
OBS: 57387.181  r  NULL 24.0030000 8.7296000
OBS: 57387.183  i  NULL 11.7330000 10.7920000
OBS: 57387.185  z  NULL 10.7370000 11.7940000
OBS: 57394.144  g  NULL 112.1200000 6.3229000
OBS: 57394.146  r  NULL 130.5000000 10.9780000
OBS: 57394.148  i  NULL 105.1000000 17.1480000
OBS: 57394.151  z  NULL 95.7310000 18.2860000
OBS: 57401.122  g  NULL 224.2200000 4.9501000
OBS: 57401.125  r  NULL 238.9700000 6.8560000
OBS: 57401.127  i  NULL 220.3400000 8.2043000
OBS: 57401.129  z  NULL 164.8900000 9.7740000
OBS: 57408.078  g  NULL 213.8400000 18.6890000
OBS: 57408.081  r  NULL 255.5100000 15.4580000
OBS: 57408.083  i  NULL 253.8400000 13.7070000
OBS: 57408.085  z  NULL 144.7900000 12.9530000
OBS: 57426.143  g  NULL 65.3320000 7.7902000
OBS: 57426.145  r  NULL 138.6900000 13.3210000
OBS: 57426.147  i  NULL 164.5800000 16.8780000
OBS: 57426.145  z  NULL 92.7340000 32.4400000
END_PHOTOMETRY:

# =============================================
