SURVEY: DES
SNID: 1322229
IAUC: NULL
FILTERS: griz
FAKE: 0
TYPE: 1
MASK_FLUXCOR_SNANA: 3
RA: 35.926357               # deg
DECL: -4.018886               # deg
MWEBV: 0.022                    # MW E(B-V)
MWEBV_ERR: 0.001                    # MW E(B-V)
PIXSIZE: 0.2700                    # arcSec
PEAKMJD: 57029.598
REDSHIFT_FINAL: 0.5261 +-  0.0010    # (CMB)
REDSHIFT_HELIO: 0.5274 +-  0.0010    # (HELIO)
HOSTGAL_OBJID: 38919
HOSTGAL_PHOTOZ: 0.4649 +-  0.0403   # (HELIO)
HOSTGAL_SPECZ: 0.5274 +- -9.0000   # (HELIO)
HOSTGAL_SNSEP: 0.1300              # arcSec
HOSTGAL_LOGMASS: 9.7460 +-  0.0170 # log10(M/Msolar)
HOSTGAL_MAG: 23.70    22.79    22.42    22.23    # griz
HOSTGAL_SB_FLUXCAL: 6.24    14.97    21.76    27.09    # griz
PRIVATE(DES_mjd_latest_ml): 57052.048
PRIVATE(DES_mjd_trigger): 57019.1
BAND: ['g' 'r' 'i' 'z' 'g' 'r' 'i' 'z' 'g' 'r' 'i' 'z' 'g' 'r' 'i' 'z' 'r' 'i'
 'r' 'i' 'g' 'r' 'i' 'z' 'g' 'r' 'z' 'g' 'z']
ZPFLUX: [30.913 31.843 31.671 31.225 30.922 31.852 31.684 31.244 30.924 31.851
 31.682 30.98  30.886 31.805 31.634 31.204 31.805 31.629 31.809 31.639
 30.905 31.746 31.635 31.213 30.85  31.804 31.239 30.782 31.13 ]
PSF: [2.302 1.826 1.795 1.923 3.334 2.616 2.387 2.47  2.996 2.522 2.546 2.791
 2.48  2.813 2.864 2.583 2.482 2.237 2.627 2.388 2.196 2.099 1.947 2.132
 3.134 3.214 2.787 2.717 1.775]
SKYSIG: [ 4.62 10.47 13.37 12.25  4.76 10.87 13.9  13.3   4.67  9.99 11.91 12.08
  6.68 12.28 15.44 10.89 29.78 24.02 11.06 14.68  6.4  11.78 16.87 11.71
  4.84 11.39 14.11 15.71 13.49]
GAIN: [4.102 3.79  3.936 4.105 4.143 3.78  3.921 4.078 4.103 3.776 3.872 4.122
 4.233 3.857 3.928 4.104 3.943 4.028 3.774 3.934 4.188 3.821 3.961 4.109
 4.14  3.786 4.055 4.347 4.073]
PHOTFLAG: [    0     0     0 65536     0     0     0     0     0     0     0 98304
     0     0     0     0     0     0     0     0     0     0     0     0
     0     0     0     0     0]
PHOTPROB: [1.03 0.91 0.96 0.94 0.98 0.99 0.86 0.93 0.99 0.89 0.86 0.94 0.98 0.94
 0.95 0.93 0.98 0.95 0.93 0.88 0.98 0.88 0.92 0.96 0.95 0.95 0.98 0.98
 0.97]
SPECTRA: {}

NOBS: 29
NVAR: 6
VARLIST:  MJD	FLT FIELD	FLUXCAL	  FLUXCALERR

OBS: 57001.050  g  NULL -1.6270000 2.4679000
OBS: 57001.060  r  NULL 1.2150000 1.9250000
OBS: 57001.076  i  NULL -0.3830000 3.2659000
OBS: 57001.098  z  NULL -3.1080000 4.5237000
OBS: 57005.086  g  NULL -2.4710000 3.2607000
OBS: 57005.095  r  NULL 1.6088000 2.6840000
OBS: 57005.110  i  NULL -6.7780000 4.4125000
OBS: 57005.142  z  NULL -1.3970000 6.0702000
OBS: 57012.096  g  NULL 5.2985000 2.9481000
OBS: 57012.105  r  NULL 12.0230000 2.4805000
OBS: 57012.120  i  NULL 12.6690000 4.0534000
OBS: 57012.150  z  NULL 15.2320000 8.3013000
OBS: 57018.099  g  NULL 19.0210000 3.4283000
OBS: 57018.131  r  NULL 52.2000000 3.6710000
OBS: 57018.153  i  NULL 43.5110000 6.0084000
OBS: 57019.099  z  NULL 48.2770000 5.5716000
OBS: 57025.099  r  NULL 73.9900000 8.8255000
OBS: 57025.116  i  NULL 71.9530000 7.1421000
OBS: 57032.064  r  NULL 95.0060000 3.1328000
OBS: 57032.080  i  NULL 86.6970000 5.0518000
OBS: 57036.042  g  NULL 25.3670000 3.1146000
OBS: 57038.118  r  NULL 90.8040000 2.8225000
OBS: 57039.041  i  NULL 88.5920000 4.6685000
OBS: 57040.060  z  NULL 85.0410000 5.1275000
OBS: 57042.064  g  NULL 14.2110000 3.4057000
OBS: 57044.076  r  NULL 73.2270000 3.6407000
OBS: 57045.061  z  NULL 85.7310000 8.1363000
OBS: 57049.056  g  NULL 14.0500000 9.7685000
OBS: 57052.048  z  NULL 60.9660000 5.0240000
END_PHOTOMETRY:

# =============================================
