SURVEY: DES
SNID: 1346387
IAUC: NULL
FILTERS: griz
FAKE: 0
TYPE: 1
MASK_FLUXCOR_SNANA: 3
RA: 52.695011               # deg
DECL: -28.649330               # deg
MWEBV: 0.008                    # MW E(B-V)
MWEBV_ERR: 0.000                    # MW E(B-V)
PIXSIZE: 0.2700                    # arcSec
PEAKMJD: 57393.219
REDSHIFT_FINAL: 0.3445 +-  0.0050    # (CMB)
REDSHIFT_HELIO: 0.3450 +-  0.0050    # (HELIO)
HOSTGAL_OBJID: 44830
HOSTGAL_PHOTOZ: 0.3290 +-  0.0809   # (HELIO)
HOSTGAL_SPECZ: 0.3362 +- -9.0000   # (HELIO)
HOSTGAL_SNSEP: 6.9900              # arcSec
HOSTGAL_LOGMASS: 10.8120 +-  0.0525 # log10(M/Msolar)
HOSTGAL_MAG: 22.56    21.76    21.35    21.19    # griz
HOSTGAL_SB_FLUXCAL: 0.68     1.64     2.63     3.18    # griz
PRIVATE(DES_mjd_latest_ml): 57426.072
PRIVATE(DES_mjd_trigger): 57387.108
BAND: ['g' 'r' 'i' 'z' 'g' 'z' 'g' 'r' 'i' 'z' 'g' 'r' 'i' 'z' 'g' 'r' 'i' 'g'
 'z' 'r' 'i' 'g' 'z' 'r' 'i' 'g' 'z' 'r']
ZPFLUX: [30.849 31.686 31.529 30.909 30.853 31.206 30.821 31.787 31.605 31.153
 30.861 31.797 30.89  31.151 30.819 31.773 31.592 30.803 31.154 31.786
 31.629 30.856 31.191 31.752 31.579 30.766 31.09  31.716]
PSF: [1.95  2.071 2.003 1.448 3.146 1.606 1.55  1.577 1.543 1.493 2.871 2.37
 2.004 2.348 2.961 3.825 2.034 2.841 1.478 1.586 1.715 2.061 1.853 1.855
 2.54  2.588 2.424 2.935]
SKYSIG: [ 4.05  9.37 12.17 12.06 11.65 13.91 11.39 17.11 10.33 11.56  4.42 10.01
 14.86 11.98  4.1   9.34 13.45  4.23  8.83 12.53 14.19 12.66 13.58 26.49
 27.79  4.59 10.18 10.42]
GAIN: [4.013 3.914 4.044 4.025 4.282 3.979 4.28  4.017 3.996 4.005 4.027 3.93
 4.08  3.997 4.003 3.901 4.011 4.054 4.011 3.916 4.029 4.28  3.994 4.08
 4.06  4.04  3.987 3.909]
PHOTFLAG: [    0     0     0 32768     0     0     0     0     0     0     0     0
 98304     0     0     0 65536     0     0 65536     0     0     0     0
 65536     0     0     0]
PHOTPROB: [0.74 0.59 0.57 0.76 0.92 0.72 0.92 0.64 0.58 0.74 0.81 0.56 0.75 0.69
 0.79 0.49 0.61 0.82 0.68 0.62 0.62 0.92 0.72 0.81 0.57 0.77 0.68 0.56]
SPECTRA: {}

NOBS: 28
NVAR: 6
VARLIST:  MJD	FLT FIELD	FLUXCAL	  FLUXCALERR

OBS: 57372.127  g  NULL -0.8610000 2.0152000
OBS: 57372.136  r  NULL 0.7830000 2.1499000
OBS: 57372.153  i  NULL 1.5210000 3.0506000
OBS: 57372.178  z  NULL -0.3490000 3.4078000
OBS: 57376.172  g  NULL -4.9150000 8.4245000
OBS: 57378.143  z  NULL 9.3337000 3.4090000
OBS: 57385.162  g  NULL 45.9320000 3.9870000
OBS: 57385.171  r  NULL 74.0030000 2.6916000
OBS: 57387.108  i  NULL 85.8590000 2.0506000
OBS: 57387.130  z  NULL 81.3690000 2.9635000
OBS: 57389.140  g  NULL 78.7820000 3.0680000
OBS: 57389.163  r  NULL 109.6900000 2.6817000
OBS: 57391.171  i  NULL 118.7600000 6.2225000
OBS: 57394.095  z  NULL 103.4500000 4.5422000
OBS: 57394.171  g  NULL 82.4030000 3.0468000
OBS: 57395.159  r  NULL 132.7500000 4.3780000
OBS: 57397.090  i  NULL 124.9800000 3.3031000
OBS: 57399.176  g  NULL 59.3000000 3.0156000
OBS: 57401.076  z  NULL 97.4820000 2.3240000
OBS: 57402.112  r  NULL 110.6100000 2.3195000
OBS: 57404.045  i  NULL 109.4100000 2.7805000
OBS: 57406.045  g  NULL 39.5780000 5.8159000
OBS: 57406.115  z  NULL 71.2440000 3.9815000
OBS: 57408.092  r  NULL 80.4880000 5.2411000
OBS: 57425.071  i  NULL 34.8520000 8.9567000
OBS: 57425.110  g  NULL 4.4357000 2.7580000
OBS: 57426.068  z  NULL 48.4740000 4.3294000
OBS: 57426.118  r  NULL 17.1760000 3.2376000
END_PHOTOMETRY:

# =============================================
