SURVEY: DES
SNID: 1298893
IAUC: NULL
FILTERS: griz
FAKE: 0
TYPE: 1
MASK_FLUXCOR_SNANA: 3
RA: 35.724033               # deg
DECL: -6.256828               # deg
MWEBV: 0.025                    # MW E(B-V)
MWEBV_ERR: 0.001                    # MW E(B-V)
PIXSIZE: 0.2700                    # arcSec
PEAKMJD: 56928.789
REDSHIFT_FINAL: 0.1962 +-  0.0010    # (CMB)
REDSHIFT_HELIO: 0.1971 +-  0.0010    # (HELIO)
HOSTGAL_OBJID: 36019
HOSTGAL_PHOTOZ: 0.2418 +-  0.0391   # (HELIO)
HOSTGAL_SPECZ: 0.1971 +- -9.0000   # (HELIO)
HOSTGAL_SNSEP: 1.6200              # arcSec
HOSTGAL_LOGMASS: 10.7840 +-  0.1435 # log10(M/Msolar)
HOSTGAL_MAG: 20.91    19.66    19.13    18.82    # griz
HOSTGAL_SB_FLUXCAL: 43.69   131.02   197.01   352.60    # griz
PRIVATE(DES_mjd_latest_ml): 56956.211
PRIVATE(DES_mjd_trigger): 56924.18
BAND: ['z' 'z' 'z' 'g' 'z' 'i' 'z' 'r' 'i' 'z' 'r' 'z' 'g' 'r' 'i' 'z' 'g' 'i'
 'z' 'r' 'i' 'z']
ZPFLUX: [30.683 30.668 30.671 30.704 30.662 30.972 30.614 30.774 31.019 30.711
 29.865 29.915 30.598 30.622 30.817 30.558 29.867 28.748 30.21  30.766
 31.025 30.76 ]
PSF: [2.194 3.09  2.04  2.97  2.18  4.41  4.46  1.88  1.89  1.92  2.55  2.55
 2.08  1.86  1.8   1.746 2.51  2.18  1.89  2.2   2.1   2.033]
SKYSIG: [20.48 26.7  24.45 11.96 35.02 24.13 34.67 17.31 20.74 16.94 13.78 31.
  9.02 12.82 22.61 22.02 21.01 46.91 35.58 20.88 28.35 25.37]
GAIN: [3.955 3.91  3.93  3.92  3.91  3.96  3.9   3.99  4.04  3.94  3.96  3.96
 3.79  3.92  3.99  3.944 4.03  4.07  3.93  4.04  4.01  3.915]
PHOTFLAG: [     0  65536  65536      0  65536      0  65536      0      0      0
      0  65536      0      0      0      0      0 131072  32768      0
      0      0]
PHOTPROB: [1.15 0.95 0.86 1.03 0.85 1.04 0.86 1.07 1.19 0.99 1.07 0.94 0.93 1.13
 1.19 0.87 0.73 0.87 0.83 1.15 1.03 1.08]
SPECTRA: {}

NOBS: 22
NVAR: 6
VARLIST:  MJD	FLT FIELD	FLUXCAL	  FLUXCALERR

OBS: 56915.299  z  NULL -8.7390000 22.9220000
OBS: 56923.307  z  NULL 34.3100000 41.4040000
OBS: 56924.185  z  NULL 77.3020000 28.4110000
OBS: 56931.161  g  NULL 362.7500000 11.3720000
OBS: 56931.166  z  NULL 245.6500000 39.2910000
OBS: 56934.371  i  NULL 406.8700000 45.4460000
OBS: 56934.372  z  NULL 353.4800000 94.9720000
OBS: 56943.247  r  NULL 367.9900000 15.7510000
OBS: 56943.249  i  NULL 299.0200000 16.7740000
OBS: 56943.252  z  NULL 160.7100000 18.6990000
OBS: 56949.115  r  NULL 217.2600000 31.4440000
OBS: 56949.117  z  NULL 113.2400000 77.8390000
OBS: 56956.203  g  NULL 50.8930000 6.3487000
OBS: 56956.206  r  NULL 176.0200000 12.8570000
OBS: 56956.208  i  NULL 171.4500000 19.7380000
OBS: 56956.211  z  NULL 161.7600000 23.4690000
OBS: 56990.071  g  NULL 33.3740000 43.2260000
OBS: 56990.076  i  NULL 137.9400000 297.1600000
OBS: 56990.080  z  NULL 49.7210000 58.9990000
OBS: 56992.064  r  NULL 41.1800000 16.5500000
OBS: 56992.066  i  NULL 24.3850000 21.0570000
OBS: 56992.068  z  NULL 55.6800000 24.3310000
END_PHOTOMETRY:

# =============================================
