SURVEY: DES
SNID: 1345594
IAUC: NULL
FILTERS: griz
FAKE: 0
TYPE: 1
MASK_FLUXCOR_SNANA: 3
RA: 33.898705               # deg
DECL: -5.599823               # deg
MWEBV: 0.020                    # MW E(B-V)
MWEBV_ERR: 0.001                    # MW E(B-V)
PIXSIZE: 0.2700                    # arcSec
PEAKMJD: 57394.059
REDSHIFT_FINAL: 0.4224 +-  0.0010    # (CMB)
REDSHIFT_HELIO: 0.4236 +-  0.0010    # (HELIO)
HOSTGAL_OBJID: 45280
HOSTGAL_PHOTOZ: 0.4247 +-  0.0518   # (HELIO)
HOSTGAL_SPECZ: 0.4236 +- -9.0000   # (HELIO)
HOSTGAL_SNSEP: 0.4300              # arcSec
HOSTGAL_LOGMASS: 11.1900 +-  0.1540 # log10(M/Msolar)
HOSTGAL_MAG: 22.78    21.01    20.33    19.90    # griz
HOSTGAL_SB_FLUXCAL: 18.87    97.37   178.74   257.57    # griz
PRIVATE(DES_mjd_latest_ml): 57402.056
PRIVATE(DES_mjd_trigger): 57395.094
BAND: ['g' 'r' 'i' 'z' 'g' 'r' 'i' 'z' 'g' 'r' 'i' 'z' 'g' 'r' 'i' 'z' 'g' 'i'
 'z' 'g' 'r' 'i' 'z']
ZPFLUX: [30.677 30.717 30.954 30.635 30.649 30.734 30.983 30.651 30.582 30.451
 30.913 30.471 30.658 30.706 30.92  30.53  30.66  30.958 30.595 30.529
 30.645 30.894 30.522]
PSF: [2.38  2.23  2.3   2.144 2.4   2.2   2.14  1.861 2.15  2.03  2.08  2.04
 3.37  2.95  3.52  3.682 1.88  1.54  1.465 3.8   3.22  3.25  2.967]
SKYSIG: [ 9.8  11.64 19.66 18.11 37.55 36.85 43.7  31.42 11.18 13.74 21.11 20.57
  7.93 11.66 23.56 23.06 12.96 23.26 21.31  9.34 13.85 26.27 25.73]
GAIN: [3.79  3.65  3.76  3.99  3.92  3.76  3.86  3.961 3.77  3.7   3.83  4.027
 3.68  3.63  3.79  4.004 3.83  3.81  4.025 3.78  3.69  3.77  4.018]
PHOTFLAG: [0 0 0 0 0 0 0 0 0 0 0 0 0 0 0 0 0 0 0 0 0 0 0]
PHOTPROB: [0.87 1.15 1.15 0.95 0.8  0.88 0.95 1.06 1.04 1.07 0.92 1.04 1.12 0.99
 1.   1.   0.79 1.11 0.99 1.   1.03 0.91 1.  ]
SPECTRA: {}

NOBS: 23
NVAR: 6
VARLIST:  MJD	FLT FIELD	FLUXCAL	  FLUXCALERR

OBS: 57372.046  g  NULL 4.6940000 6.6418000
OBS: 57372.048  r  NULL -2.3550000 10.3510000
OBS: 57372.051  i  NULL 1.6576000 16.8170000
OBS: 57372.053  z  NULL 0.7919300 19.7180000
OBS: 57379.058  g  NULL 85.6010000 41.4050000
OBS: 57379.061  r  NULL 13.4650000 27.5140000
OBS: 57379.063  i  NULL -20.6600000 28.3060000
OBS: 57379.066  z  NULL 14.4800000 26.6690000
OBS: 57388.042  g  NULL 90.2990000 7.8752000
OBS: 57388.045  r  NULL 122.3800000 14.2310000
OBS: 57388.047  i  NULL 94.8930000 17.1810000
OBS: 57388.049  z  NULL 73.7400000 23.7420000
OBS: 57395.094  g  NULL 99.1820000 7.9566000
OBS: 57395.096  r  NULL 157.9700000 13.8060000
OBS: 57395.098  i  NULL 163.0800000 27.9700000
OBS: 57395.100  z  NULL 115.2600000 41.6880000
OBS: 57402.048  g  NULL 80.4230000 7.6054000
OBS: 57402.053  i  NULL 158.4300000 14.7460000
OBS: 57402.056  z  NULL 119.1900000 16.7430000
OBS: 57427.050  g  NULL 8.6160000 10.3360000
OBS: 57427.052  r  NULL 34.5290000 18.3630000
OBS: 57427.054  i  NULL 44.3610000 27.5090000
OBS: 57427.057  z  NULL 30.8220000 35.6330000
END_PHOTOMETRY:

# =============================================
