SURVEY: DES
SNID: 1287626
IAUC: NULL
FILTERS: griz
FAKE: 0
TYPE: 1
MASK_FLUXCOR_SNANA: 3
RA: 35.931824               # deg
DECL: -5.961218               # deg
MWEBV: 0.023                    # MW E(B-V)
MWEBV_ERR: 0.001                    # MW E(B-V)
PIXSIZE: 0.2700                    # arcSec
PEAKMJD: 56678.934
REDSHIFT_FINAL: 0.3040 +-  0.0050    # (CMB)
REDSHIFT_HELIO: 0.3050 +-  0.0050    # (HELIO)
HOSTGAL_OBJID: 16391
HOSTGAL_PHOTOZ: 0.6285 +-  0.0823   # (HELIO)
HOSTGAL_SPECZ: -9.9900 +- -9.0000   # (HELIO)
HOSTGAL_SNSEP: 1.2600              # arcSec
HOSTGAL_LOGMASS: 8.2030 +-  0.2260 # log10(M/Msolar)
HOSTGAL_MAG: 25.20    24.47    24.05    24.22    # griz
HOSTGAL_SB_FLUXCAL: 0.95     3.10     2.14     1.51    # griz
PRIVATE(DES_mjd_latest_ml): 56697.073
PRIVATE(DES_mjd_trigger): 56675.116
BAND: ['g' 'i' 'z' 'g' 'r' 'i' 'z' 'g' 'r' 'i' 'z' 'i' 'g' 'r' 'i' 'z' 'g' 'r'
 'i' 'z' 'r' 'i' 'z']
ZPFLUX: [30.065 30.651 30.624 30.786 30.807 31.014 30.622 30.757 30.782 31.002
 30.666 30.887 30.647 30.712 30.945 30.541 30.709 30.733 30.97  30.589
 30.707 30.959 30.617]
PSF: [3.57  3.48  3.751 2.17  2.47  2.32  2.321 2.13  2.08  1.94  1.9   1.98
 2.15  2.02  1.95  2.082 2.17  2.15  1.98  1.859 2.05  2.04  2.031]
SKYSIG: [10.12 22.3  20.16  8.38 12.03 23.75 22.9  28.75 31.48 42.47 34.82 40.94
  9.57 13.95 26.43 25.88 13.62 15.23 25.15 23.37 26.43 34.55 29.01]
GAIN: [3.69  3.97  3.944 3.6   3.73  3.92  3.93  3.79  3.76  3.76  3.715 4.01
 3.68  3.75  3.98  3.955 3.75  3.77  3.93  3.941 3.8   3.99  3.934]
PHOTFLAG: [    0     0     0     0     0 65536     0     0     0     0     0     0
     0     0     0     0     0     0     0     0     0     0     0]
PHOTPROB: [1.01 1.05 0.97 0.9  1.01 0.96 0.95 1.11 1.19 1.04 1.1  1.   1.04 1.04
 0.96 1.09 1.04 1.02 0.91 0.94 0.93 1.04 1.01]
SPECTRA: {}

NOBS: 23
NVAR: 6
VARLIST:  MJD	FLT FIELD	FLUXCAL	  FLUXCALERR

OBS: 56653.047  g  NULL -9.9630000 14.3090000
OBS: 56653.052  i  NULL -8.2750000 17.9550000
OBS: 56653.054  z  NULL 3.8030000 16.9230000
OBS: 56660.103  g  NULL 1.4437000 3.4414000
OBS: 56660.105  r  NULL -1.1320000 6.0119000
OBS: 56660.105  i  NULL 13.5050000 8.3570000
OBS: 56660.110  z  NULL 7.2510000 10.3290000
OBS: 56667.075  g  NULL 75.9370000 13.6990000
OBS: 56667.077  r  NULL 33.5760000 16.5640000
OBS: 56667.079  i  NULL 70.7090000 13.6150000
OBS: 56667.081  z  NULL 55.0240000 13.6470000
OBS: 56675.118  i  NULL 212.1200000 14.4360000
OBS: 56682.095  g  NULL 201.0700000 5.4372000
OBS: 56682.098  r  NULL 268.0400000 6.7434000
OBS: 56682.100  i  NULL 265.6600000 8.3077000
OBS: 56682.103  z  NULL 156.3600000 12.2690000
OBS: 56690.035  g  NULL 150.0800000 7.2411000
OBS: 56690.038  r  NULL 245.9500000 7.4446000
OBS: 56690.040  i  NULL 242.0800000 8.1536000
OBS: 56690.043  z  NULL 146.6500000 9.2188000
OBS: 56697.068  r  NULL 182.0200000 11.7900000
OBS: 56697.070  i  NULL 168.3400000 10.9650000
OBS: 56697.072  z  NULL 89.5680000 11.8200000
END_PHOTOMETRY:

# =============================================
