SURVEY: DES
SNID: 1339392
IAUC: NULL
FILTERS: griz
FAKE: 0
TYPE: 1
MASK_FLUXCOR_SNANA: 3
RA: 54.124462               # deg
DECL: -28.569849               # deg
MWEBV: 0.010                    # MW E(B-V)
MWEBV_ERR: 0.000                    # MW E(B-V)
PIXSIZE: 0.2700                    # arcSec
PEAKMJD: 57362.551
REDSHIFT_FINAL: 0.1804 +-  0.0010    # (CMB)
REDSHIFT_HELIO: 0.1809 +-  0.0010    # (HELIO)
HOSTGAL_OBJID: 42724
HOSTGAL_PHOTOZ: 0.3236 +-  0.0637   # (HELIO)
HOSTGAL_SPECZ: 0.1809 +- -9.0000   # (HELIO)
HOSTGAL_SNSEP: 0.2900              # arcSec
HOSTGAL_LOGMASS: 10.2920 +-  0.0435 # log10(M/Msolar)
HOSTGAL_MAG: 20.64    19.52    19.13    18.83    # griz
HOSTGAL_SB_FLUXCAL: 118.22   337.36   499.47   649.16    # griz
PRIVATE(DES_mjd_latest_ml): 57426.15
PRIVATE(DES_mjd_trigger): 57365.245
BAND: ['r' 'i' 'z' 'g' 'r' 'i' 'z' 'g' 'r' 'z' 'z' 'z' 'i' 'z' 'g' 'r' 'z' 'i'
 'z' 'i' 'z' 'z' 'g' 'r' 'i' 'z' 'r' 'i' 'z']
ZPFLUX: [30.7   30.973 30.716 30.646 30.694 30.956 30.663 30.68  30.721 30.704
 30.583 30.443 30.936 30.611 30.69  30.732 30.653 30.948 30.598 30.943
 30.604 30.598 30.65  30.691 30.92  30.531 30.622 30.88  30.495]
PSF: [2.81  2.68  2.484 2.87  3.15  2.79  3.56  1.63  1.49  1.38  1.369 1.63
 4.26  4.302 1.98  1.71  1.535 1.72  1.583 3.22  2.636 1.535 1.92  1.66
 1.59  1.515 3.14  2.84  2.83 ]
SKYSIG: [11.79 21.98 23.74 25.75 26.45 33.49 37.88 15.65 15.72 22.52 13.43 25.33
 26.89 22.17 31.7  29.76 27.6  23.91 22.25 23.03 23.48 18.23 29.98 29.12
 34.72 25.65 12.2  24.95 35.74]
GAIN: [3.52  3.79  3.88  3.71  3.61  3.84  3.89  3.68  3.58  3.915 3.885 3.894
 3.81  3.874 3.75  3.66  3.905 3.82  3.9   3.81  3.885 3.905 3.73  3.66
 3.85  3.915 3.55  3.79  3.91 ]
PHOTFLAG: [    0     0     0     0     0     0 32768     0     0     0     0     0
     0     0     0     0     0     0     0     0     0     0     0     0
     0     0     0     0 65536]
PHOTPROB: [1.11 1.07 1.01 1.02 1.18 1.07 0.99 1.02 1.03 1.04 1.16 1.07 1.19 1.01
 0.97 1.07 1.   1.1  1.13 0.97 0.97 1.1  1.01 1.1  0.97 1.06 1.08 1.05
 1.01]
SPECTRA: {}

NOBS: 29
NVAR: 6
VARLIST:  MJD	FLT FIELD	FLUXCAL	  FLUXCALERR

OBS: 57345.331  r  NULL 11.4470000 30.7750000
OBS: 57345.333  i  NULL 13.5770000 39.1960000
OBS: 57345.335  z  NULL 2.2860000 43.9340000
OBS: 57349.299  g  NULL 26.2340000 29.9960000
OBS: 57349.301  r  NULL 25.3810000 47.9400000
OBS: 57349.303  i  NULL 16.0500000 44.5760000
OBS: 57349.308  z  NULL -92.4890000 88.0460000
OBS: 57356.168  g  NULL 148.4200000 13.4860000
OBS: 57356.170  r  NULL 192.8000000 23.7090000
OBS: 57356.175  z  NULL 143.2600000 27.7300000
OBS: 57365.252  z  NULL 395.0600000 26.9520000
OBS: 57372.229  z  NULL 436.7400000 44.6300000
OBS: 57376.059  i  NULL 549.4400000 67.4030000
OBS: 57376.062  z  NULL 314.8100000 77.1750000
OBS: 57379.073  g  NULL 599.0400000 27.0810000
OBS: 57379.076  r  NULL 722.8700000 37.3000000
OBS: 57379.081  z  NULL 324.1700000 35.5560000
OBS: 57387.183  i  NULL 389.4300000 29.8590000
OBS: 57387.185  z  NULL 279.4600000 33.8060000
OBS: 57394.148  i  NULL 347.1100000 44.1380000
OBS: 57394.151  z  NULL 313.6600000 52.5090000
OBS: 57401.129  z  NULL 293.3200000 29.8990000
OBS: 57408.078  g  NULL 48.2380000 26.1880000
OBS: 57408.081  r  NULL 171.2000000 35.0490000
OBS: 57408.083  i  NULL 221.1700000 32.8050000
OBS: 57408.086  z  NULL 208.5300000 34.8250000
OBS: 57426.145  r  NULL 83.5670000 36.2010000
OBS: 57426.147  i  NULL 86.2480000 45.9080000
OBS: 57426.145  z  NULL 76.1600000 96.1350000
END_PHOTOMETRY:

# =============================================
