SURVEY: DES
SNID: 1341370
IAUC: NULL
FILTERS: griz
FAKE: 0
TYPE: 1
MASK_FLUXCOR_SNANA: 3
RA: 8.963905               # deg
DECL: -44.676697               # deg
MWEBV: 0.009                    # MW E(B-V)
MWEBV_ERR: 0.000                    # MW E(B-V)
PIXSIZE: 0.2700                    # arcSec
PEAKMJD: 57373.125
REDSHIFT_FINAL: 0.4090 +-  0.0050    # (CMB)
REDSHIFT_HELIO: 0.4100 +-  0.0050    # (HELIO)
HOSTGAL_OBJID: 43169
HOSTGAL_PHOTOZ: 0.5007 +-  0.0486   # (HELIO)
HOSTGAL_SPECZ: -9.9900 +- -9.0000   # (HELIO)
HOSTGAL_SNSEP: 1.1500              # arcSec
HOSTGAL_LOGMASS: 8.6480 +-  0.0555 # log10(M/Msolar)
HOSTGAL_MAG: 25.28    23.95    23.75    23.59    # griz
HOSTGAL_SB_FLUXCAL: 1.44     3.73     4.35     5.12    # griz
PRIVATE(DES_mjd_latest_ml): 57403.052
PRIVATE(DES_mjd_trigger): 57366.039
BAND: ['g' 'r' 'i' 'z' 'g' 'r' 'i' 'z' 'g' 'r' 'i' 'z' 'g' 'r' 'i' 'z' 'g' 'r'
 'i' 'z' 'g' 'r' 'i' 'z' 'g' 'r' 'i' 'z' 'g' 'r' 'i' 'z']
ZPFLUX: [30.723 30.736 31.011 30.694 30.72  30.755 31.006 30.712 30.737 30.758
 30.991 30.643 30.784 30.798 31.027 30.682 30.709 30.756 31.004 30.696
 30.748 30.765 31.001 30.665 30.716 30.75  30.999 30.65  30.702 30.742
 31.    30.665]
PSF: [1.91  2.39  1.82  1.821 2.04  1.74  1.63  1.51  2.18  1.98  1.86  1.78
 3.48  2.94  2.85  2.574 2.7   2.26  1.89  1.841 2.87  2.47  2.18  2.357
 2.61  2.33  2.23  2.352 1.98  1.78  1.69  1.66 ]
SKYSIG: [21.51 22.09 30.26 24.17  8.24 11.89 22.51 28.21  8.64 11.3  21.2  21.06
 16.35 16.59 27.22 23.33  9.74 13.19 23.81 22.78  7.85 11.52 23.85 23.49
 11.71 13.48 24.36 22.45 16.57 17.9  28.4  26.14]
GAIN: [3.96  3.77  3.84  4.003 3.74  3.65  3.79  4.02  3.76  3.65  3.85  4.01
 3.87  3.68  3.76  3.99  3.82  3.69  3.83  4.01  3.72  3.67  3.81  4.
 3.86  3.7   3.77  4.01  3.91  3.72  3.86  4.021]
PHOTFLAG: [    0     0     0     0     0     0     0 65536     0     0     0     0
     0     0     0     0     0     0     0     0     0     0     0     0
     0     0     0     0     0     0     0     0]
PHOTPROB: [1.02 1.05 1.09 1.02 0.97 0.99 1.03 0.97 1.04 1.01 1.05 1.05 1.03 0.97
 1.   0.98 0.96 1.01 1.06 0.95 1.05 0.87 1.08 1.03 0.98 1.07 1.12 1.03
 0.95 1.02 0.95 0.99]
SPECTRA: {}

NOBS: 32
NVAR: 6
VARLIST:  MJD	FLT FIELD	FLUXCAL	  FLUXCALERR

OBS: 57347.076  g  NULL 8.9600000 8.8409000
OBS: 57347.079  r  NULL -2.3490000 10.3650000
OBS: 57347.081  i  NULL 1.4860000 7.7477000
OBS: 57347.083  z  NULL -10.8280000 8.9244000
OBS: 57356.120  g  NULL 2.9985000 3.8019000
OBS: 57356.122  r  NULL 28.8510000 4.2540000
OBS: 57356.125  i  NULL 11.9440000 5.2226000
OBS: 57356.129  z  NULL 28.7850000 7.8423000
OBS: 57366.039  g  NULL 60.1410000 4.4247000
OBS: 57366.041  r  NULL 98.4120000 4.9626000
OBS: 57366.043  i  NULL 90.9100000 6.1842000
OBS: 57366.046  z  NULL 92.2880000 7.8642000
OBS: 57373.036  g  NULL 65.1500000 11.9250000
OBS: 57373.038  r  NULL 121.9700000 9.4768000
OBS: 57373.040  i  NULL 128.9400000 12.1570000
OBS: 57373.043  z  NULL 106.1900000 11.4700000
OBS: 57385.092  g  NULL 33.5220000 6.3805000
OBS: 57385.095  r  NULL 115.6900000 6.1895000
OBS: 57385.097  i  NULL 121.9800000 7.0030000
OBS: 57385.100  z  NULL 91.5610000 8.4315000
OBS: 57389.057  g  NULL 32.1570000 4.8250000
OBS: 57389.060  r  NULL 93.5340000 5.5877000
OBS: 57389.062  i  NULL 101.3100000 7.6768000
OBS: 57389.063  z  NULL 96.2840000 11.3420000
OBS: 57396.044  g  NULL 18.7140000 7.0140000
OBS: 57396.047  r  NULL 63.9860000 6.6856000
OBS: 57396.049  i  NULL 86.5720000 8.2417000
OBS: 57396.051  z  NULL 50.7340000 11.3900000
OBS: 57403.045  g  NULL 11.1160000 6.5083000
OBS: 57403.047  r  NULL 42.2850000 5.7992000
OBS: 57403.049  i  NULL 57.4880000 7.1754000
OBS: 57403.052  z  NULL 51.1830000 8.7944000
END_PHOTOMETRY:

# =============================================
