SURVEY: DES
SNID: 1346137
IAUC: NULL
FILTERS: griz
FAKE: 0
TYPE: 1
MASK_FLUXCOR_SNANA: 3
RA: 53.259174               # deg
DECL: -26.854090               # deg
MWEBV: 0.008                    # MW E(B-V)
MWEBV_ERR: 0.000                    # MW E(B-V)
PIXSIZE: 0.2700                    # arcSec
PEAKMJD: 57401.25
REDSHIFT_FINAL: 0.3635 +-  0.0050    # (CMB)
REDSHIFT_HELIO: 0.3640 +-  0.0050    # (HELIO)
HOSTGAL_OBJID: 44801
HOSTGAL_PHOTOZ: 0.3525 +-  0.0591   # (HELIO)
HOSTGAL_SPECZ: 0.3638 +- -9.0000   # (HELIO)
HOSTGAL_SNSEP: 0.3800              # arcSec
HOSTGAL_LOGMASS: 10.0930 +-  0.1010 # log10(M/Msolar)
HOSTGAL_MAG: 21.88    21.08    20.83    20.56    # griz
HOSTGAL_SB_FLUXCAL: 37.06    82.17   105.10   136.63    # griz
PRIVATE(DES_mjd_latest_ml): 57425.151
PRIVATE(DES_mjd_trigger): 57389.149
BAND: ['g' 'r' 'i' 'z' 'g' 'r' 'i' 'z' 'g' 'r' 'i' 'z' 'g' 'r' 'i' 'z' 'g' 'r'
 'i' 'z' 'g' 'r' 'i' 'z' 'g' 'r' 'i' 'z']
ZPFLUX: [30.68  30.719 30.969 30.614 30.714 30.73  30.977 30.642 30.733 30.748
 30.987 30.653 30.645 30.748 30.982 30.6   30.686 30.714 30.96  30.591
 30.701 30.695 30.937 30.544 30.568 30.651 30.941 30.577]
PSF: [2.54  2.51  2.19  2.161 1.91  1.71  1.6   1.63  3.18  2.65  2.37  2.376
 3.06  2.67  2.52  2.394 1.86  1.69  1.64  1.61  2.06  1.78  1.66  1.565
 3.41  2.97  2.83  2.911]
SKYSIG: [15.82 17.11 25.13 21.28 17.21 16.66 23.06 20.32  7.03 10.36 22.3  22.87
  6.68 10.91 24.72 25.16  6.24  9.23 18.77 18.58 27.7  27.74 34.74 25.78
  7.66 11.64 23.9  24.52]
GAIN: [4.42  4.02  3.95  4.095 4.38  4.02  4.01  4.104 4.2   3.88  3.99  4.091
 4.17  3.93  3.94  4.07  4.12  3.84  3.92  4.11  4.44  4.08  4.02  4.095
 4.32  3.91  3.96  4.06 ]
PHOTFLAG: [0 0 0 0 0 0 0 0 0 0 0 0 0 0 0 0 0 0 0 0 0 0 0 0 0 0 0 0]
PHOTPROB: [1.02 0.97 0.78 0.9  1.01 0.93 0.94 0.89 0.89 0.93 0.88 0.93 0.97 0.8
 0.82 0.93 0.85 1.04 0.9  0.9  1.   1.09 0.91 0.89 1.   0.83 0.81 0.89]
SPECTRA: {}

NOBS: 28
NVAR: 6
VARLIST:  MJD	FLT FIELD	FLUXCAL	  FLUXCALERR

OBS: 57375.046  g  NULL 10.0770000 9.8072000
OBS: 57375.048  r  NULL -1.4940000 14.6610000
OBS: 57375.050  i  NULL -3.3460000 17.5250000
OBS: 57375.053  z  NULL -13.0790000 18.9440000
OBS: 57385.148  g  NULL 19.6530000 8.7881000
OBS: 57385.151  r  NULL 39.6350000 10.8700000
OBS: 57385.153  i  NULL 40.6320000 12.5970000
OBS: 57385.155  z  NULL 30.5430000 14.9300000
OBS: 57389.149  g  NULL 55.1250000 7.3073000
OBS: 57389.152  r  NULL 81.2500000 11.6890000
OBS: 57389.154  i  NULL 81.5430000 16.6390000
OBS: 57389.156  z  NULL 67.1120000 23.7010000
OBS: 57394.158  g  NULL 91.5440000 8.0433000
OBS: 57394.160  r  NULL 136.2900000 13.9060000
OBS: 57394.162  i  NULL 128.0400000 21.3730000
OBS: 57394.165  z  NULL 96.3980000 24.9510000
OBS: 57401.136  g  NULL 110.3900000 5.5459000
OBS: 57401.138  r  NULL 166.5600000 9.1971000
OBS: 57401.140  i  NULL 157.8000000 11.5220000
OBS: 57401.143  z  NULL 136.2600000 14.5520000
OBS: 57408.065  g  NULL 88.8200000 17.7470000
OBS: 57408.067  r  NULL 154.8400000 19.0100000
OBS: 57408.069  i  NULL 176.3000000 19.0250000
OBS: 57408.072  z  NULL 150.2000000 18.7990000
OBS: 57425.146  g  NULL 15.9880000 8.7617000
OBS: 57425.149  r  NULL 79.1790000 14.3300000
OBS: 57425.151  i  NULL 97.9280000 22.7170000
OBS: 57425.153  z  NULL 57.7700000 27.5370000
END_PHOTOMETRY:

# =============================================
