SURVEY: DES
SNID: 1304442
IAUC: NULL
FILTERS: griz
FAKE: 0
TYPE: 1
MASK_FLUXCOR_SNANA: 3
RA: 52.163063               # deg
DECL: -28.108288               # deg
MWEBV: 0.007                    # MW E(B-V)
MWEBV_ERR: 0.000                    # MW E(B-V)
PIXSIZE: 0.2700                    # arcSec
PEAKMJD: 56958.039
REDSHIFT_FINAL: 0.2171 +-  0.0010    # (CMB)
REDSHIFT_HELIO: 0.2176 +-  0.0010    # (HELIO)
HOSTGAL_OBJID: 27359
HOSTGAL_PHOTOZ: 0.2287 +-  0.0485   # (HELIO)
HOSTGAL_SPECZ: 0.2176 +- -9.0000   # (HELIO)
HOSTGAL_SNSEP: 0.6400              # arcSec
HOSTGAL_LOGMASS: 9.5680 +-  0.0135 # log10(M/Msolar)
HOSTGAL_MAG: 22.00    21.41    21.13    21.04    # griz
HOSTGAL_SB_FLUXCAL: 34.15    58.09    76.55    93.53    # griz
PRIVATE(DES_mjd_latest_ml): 57012.244
PRIVATE(DES_mjd_trigger): 56950.113
BAND: ['z' 'r' 'i' 'g' 'z' 'i' 'g' 'z' 'z' 'g' 'r' 'z' 'z' 'g' 'z' 'g']
ZPFLUX: [31.243 31.854 31.655 30.83  31.129 31.49  30.735 31.239 31.253 30.806
 31.726 31.189 31.305 30.867 31.159 30.897]
PSF: [2.49  2.065 1.552 2.93  1.523 2.005 3.02  2.12  1.968 2.309 2.24  2.16
 2.134 2.82  3.17  2.62 ]
SKYSIG: [44.79 20.05 19.27  5.99 11.17 13.53  8.51 43.15 24.54  5.99 18.72 44.05
 25.67  7.81 13.75 11.5 ]
GAIN: [3.93  4.079 4.036 4.005 3.945 4.043 4.02  3.93  3.917 3.989 3.97  3.91
 3.913 3.93  3.91  4.166]
PHOTFLAG: [65536 65536 65536 65536     0     0 65536 65536 65536 65536 65536 98304
 65536 65536 65536     0]
PHOTPROB: [0.7  0.98 0.93 1.   0.78 0.88 1.13 0.83 0.7  1.13 0.85 0.66 0.71 0.99
 0.74 0.99]
SPECTRA: {}

NOBS: 16
NVAR: 6
VARLIST:  MJD	FLT FIELD	FLUXCAL	  FLUXCALERR

OBS: 56943.114  z  NULL 19.6100000 34.4070000
OBS: 56943.355  r  NULL 4.5616000 8.1897000
OBS: 56949.351  i  NULL 105.0900000 8.4032000
OBS: 56950.113  g  NULL 126.5100000 6.4615000
OBS: 56956.155  z  NULL 249.9400000 5.7368000
OBS: 56956.313  i  NULL 307.0500000 7.8625000
OBS: 56957.133  g  NULL 415.5700000 12.0990000
OBS: 56961.293  z  NULL 286.2800000 27.0800000
OBS: 56987.267  z  NULL 121.2100000 14.6760000
OBS: 56990.208  g  NULL 78.7060000 5.4000000
OBS: 56990.214  r  NULL 207.8700000 11.0270000
OBS: 56990.240  z  NULL 115.2300000 27.2410000
OBS: 56992.065  z  NULL 129.9800000 15.7270000
OBS: 57012.189  g  NULL 27.8230000 7.9252000
OBS: 57012.240  z  NULL 99.5600000 14.3880000
OBS: 57029.056  g  NULL 2.4820000 8.6611000
END_PHOTOMETRY:

# =============================================
