SURVEY: DES
SNID: 1343401
IAUC: NULL
FILTERS: griz
FAKE: 0
TYPE: 1
MASK_FLUXCOR_SNANA: 3
RA: 34.572121               # deg
DECL: -5.654875               # deg
MWEBV: 0.021                    # MW E(B-V)
MWEBV_ERR: 0.001                    # MW E(B-V)
PIXSIZE: 0.2700                    # arcSec
PEAKMJD: 57393.004
REDSHIFT_FINAL: 0.3829 +-  0.0050    # (CMB)
REDSHIFT_HELIO: 0.3840 +-  0.0050    # (HELIO)
HOSTGAL_OBJID: 44626
HOSTGAL_PHOTOZ: 0.3934 +-  0.0425   # (HELIO)
HOSTGAL_SPECZ: 0.3840 +- -9.0000   # (HELIO)
HOSTGAL_SNSEP: 0.9700              # arcSec
HOSTGAL_LOGMASS: 10.7400 +-  0.0730 # log10(M/Msolar)
HOSTGAL_MAG: 22.54    20.87    20.23    19.92    # griz
HOSTGAL_SB_FLUXCAL: 19.57   100.63   168.74   227.42    # griz
PRIVATE(DES_mjd_latest_ml): 57427.057
PRIVATE(DES_mjd_trigger): 57379.061
BAND: ['g' 'r' 'i' 'z' 'g' 'r' 'i' 'z' 'g' 'r' 'i' 'z' 'g' 'r' 'i' 'z' 'g' 'r'
 'i' 'z' 'g' 'r' 'i' 'z']
ZPFLUX: [30.69  30.715 30.957 30.644 30.769 30.742 30.988 30.656 30.574 30.459
 30.918 30.469 30.693 30.722 30.966 30.56  30.649 30.711 30.962 30.612
 30.571 30.64  30.93  30.558]
PSF: [2.29  2.15  2.27  2.071 2.31  2.14  2.07  1.791 2.04  1.93  1.99  1.947
 3.28  2.87  3.45  3.684 1.72  1.56  1.42  1.38  3.76  3.17  3.13  2.945]
SKYSIG: [10.13 12.   20.   18.66 38.65 37.39 44.14 32.03 11.43 14.13 21.51 21.15
  8.16 11.99 23.87 23.67 13.28 15.02 23.57 21.83  9.59 14.2  26.64 26.44]
GAIN: [3.52  3.44  3.6   3.739 3.67  3.62  3.73  3.765 3.58  3.5   3.67  3.78
 3.45  3.42  3.64  3.763 3.59  3.5   3.66  3.785 3.52  3.46  3.62  3.796]
PHOTFLAG: [0 0 0 0 0 0 0 0 0 0 0 0 0 0 0 0 0 0 0 0 0 0 0 0]
PHOTPROB: [1.17 1.19 0.93 0.99 0.99 1.01 0.84 1.05 0.95 0.96 1.15 0.98 1.   1.03
 1.13 1.   1.03 1.07 1.05 1.08 1.09 1.07 1.05 1.01]
SPECTRA: {}

NOBS: 24
NVAR: 6
VARLIST:  MJD	FLT FIELD	FLUXCAL	  FLUXCALERR

OBS: 57372.046  g  NULL 1.0355000 5.3275000
OBS: 57372.048  r  NULL 12.3550000 8.2013000
OBS: 57372.051  i  NULL 13.7760000 16.1350000
OBS: 57372.053  z  NULL 19.0970000 13.9090000
OBS: 57379.058  g  NULL 15.9760000 27.8660000
OBS: 57379.061  r  NULL 95.6500000 28.0010000
OBS: 57379.063  i  NULL 60.8080000 23.9510000
OBS: 57379.066  z  NULL 65.2260000 21.8100000
OBS: 57388.042  g  NULL 132.2500000 6.8396000
OBS: 57388.045  r  NULL 176.3100000 12.0390000
OBS: 57388.047  i  NULL 164.8300000 16.2560000
OBS: 57388.049  z  NULL 137.3100000 18.4010000
OBS: 57395.094  g  NULL 120.6100000 7.6528000
OBS: 57395.096  r  NULL 203.4800000 11.7670000
OBS: 57395.098  i  NULL 187.4500000 31.2970000
OBS: 57395.100  z  NULL 148.0200000 38.3330000
OBS: 57402.048  g  NULL 90.2710000 5.9582000
OBS: 57402.051  r  NULL 182.4200000 8.8144000
OBS: 57402.053  i  NULL 184.8100000 12.2180000
OBS: 57402.056  z  NULL 140.7100000 12.2810000
OBS: 57427.050  g  NULL 14.7110000 10.6230000
OBS: 57427.052  r  NULL 46.0930000 14.3650000
OBS: 57427.054  i  NULL 60.8310000 26.0910000
OBS: 57427.057  z  NULL 76.1700000 31.7370000
END_PHOTOMETRY:

# =============================================
