SURVEY: DES
SNID: 1296657
IAUC: NULL
FILTERS: griz
FAKE: 0
TYPE: 1
MASK_FLUXCOR_SNANA: 3
RA: 36.255188               # deg
DECL: -6.278562               # deg
MWEBV: 0.030                    # MW E(B-V)
MWEBV_ERR: 0.001                    # MW E(B-V)
PIXSIZE: 0.2700                    # arcSec
PEAKMJD: 56920.957
REDSHIFT_FINAL: 0.1462 +-  0.0010    # (CMB)
REDSHIFT_HELIO: 0.1471 +-  0.0010    # (HELIO)
HOSTGAL_OBJID: 36836
HOSTGAL_PHOTOZ: 0.0819 +-  0.0638   # (HELIO)
HOSTGAL_SPECZ: 0.1472 +- -9.0000   # (HELIO)
HOSTGAL_SNSEP: 0.3800              # arcSec
HOSTGAL_LOGMASS: 9.4760 +-  0.0095 # log10(M/Msolar)
HOSTGAL_MAG: 20.16    19.93    19.64    19.69    # griz
HOSTGAL_SB_FLUXCAL: 172.81   230.28   319.42   295.77    # griz
PRIVATE(DES_mjd_latest_ml): 57033.047
PRIVATE(DES_mjd_trigger): 56923.302
BAND: ['g' 'r' 'i' 'z' 'g' 'i' 'z' 'i' 'z' 'z' 'i' 'z' 'i' 'z' 'g' 'r' 'i' 'z'
 'g' 'z' 'z' 'i' 'z' 'r' 'z' 'r' 'i' 'z' 'i' 'z' 'i' 'z']
ZPFLUX: [30.997 30.784 31.042 30.738 30.791 31.008 30.74  31.018 30.745 30.732
 31.008 30.721 31.012 30.675 30.778 30.762 31.017 30.751 30.778 30.764
 29.963 30.82  30.61  30.787 30.739 30.765 30.995 30.732 30.985 30.678
 31.021 30.756]
PSF: [3.17  2.6   2.4   2.276 2.57  2.18  2.23  3.21  2.965 1.953 2.23  2.046
 4.4   4.45  2.7   2.37  2.23  2.113 2.29  1.94  2.164 1.76  1.716 3.1
 2.862 1.98  1.82  1.94  1.89  1.688 1.82  1.87 ]
SKYSIG: [19.38 18.62 25.11 22.34 15.85 24.29 20.58 19.87 18.76 17.56 25.6  24.39
 24.72 34.53 16.78 19.79 27.98 23.89 18.71 17.08 21.63 23.12 22.   12.75
 21.19 12.1  21.82 30.36 26.9  25.88 22.72 31.32]
GAIN: [3.89  3.68  3.84  3.94  3.85  3.84  3.955 3.81  3.98  3.915 3.85  3.92
 3.83  3.9   3.86  3.68  3.92  3.924 3.9   3.925 3.977 3.88  3.954 3.59
 3.945 3.6   3.85  3.95  3.85  3.966 3.86  3.95 ]
PHOTFLAG: [    0     0     0     0     0     0     0     0     0     0     0     0
     0 65536     0     0     0     0     0     0     0     0     0     0
     0     0     0 65536     0     0     0 32768]
PHOTPROB: [1.05 1.04 1.07 1.1  1.14 1.18 1.01 1.18 1.09 1.11 1.04 1.04 1.16 0.99
 1.11 1.   1.15 1.08 1.11 1.04 0.99 1.02 1.02 1.07 1.11 1.14 1.07 1.01
 1.   1.02 1.1  1.03]
SPECTRA: {}

NOBS: 32
NVAR: 6
VARLIST:  MJD	FLT FIELD	FLUXCAL	  FLUXCALERR

OBS: 56904.221  g  NULL 21.8870000 40.7670000
OBS: 56904.223  r  NULL 9.6100000 24.3480000
OBS: 56904.225  i  NULL 15.7950000 26.3080000
OBS: 56904.227  z  NULL 5.0040000 21.9270000
OBS: 56915.292  g  NULL 755.4800000 29.5420000
OBS: 56915.296  i  NULL 612.4800000 26.6480000
OBS: 56915.299  z  NULL 396.1900000 21.0670000
OBS: 56923.306  i  NULL 730.7500000 31.2320000
OBS: 56923.309  z  NULL 462.9600000 25.9490000
OBS: 56924.187  z  NULL 462.4800000 16.9650000
OBS: 56931.165  i  NULL 685.3500000 29.7990000
OBS: 56931.168  z  NULL 371.5900000 22.3570000
OBS: 56934.371  i  NULL 546.9700000 46.5140000
OBS: 56934.372  z  NULL 317.7600000 67.3760000
OBS: 56936.361  g  NULL 540.6500000 29.2210000
OBS: 56936.363  r  NULL 683.6300000 25.8260000
OBS: 56936.365  i  NULL 473.2100000 28.5640000
OBS: 56936.368  z  NULL 262.0100000 20.8460000
OBS: 56943.245  g  NULL 321.8400000 27.7800000
OBS: 56943.252  z  NULL 226.9100000 14.7120000
OBS: 56949.120  z  NULL 292.3300000 37.8350000
OBS: 56956.208  i  NULL 396.5100000 24.7620000
OBS: 56956.211  z  NULL 345.4200000 19.3410000
OBS: 56960.228  r  NULL 284.0300000 23.1420000
OBS: 56960.233  z  NULL 325.5500000 27.5730000
OBS: 56973.075  r  NULL 170.9800000 16.1840000
OBS: 56973.077  i  NULL 167.3900000 21.5900000
OBS: 56973.078  z  NULL 160.5600000 26.0260000
OBS: 56980.070  i  NULL 127.1300000 23.3140000
OBS: 56980.072  z  NULL 114.2700000 18.8380000
OBS: 56987.075  i  NULL 112.1100000 19.8760000
OBS: 56987.079  z  NULL 79.7150000 25.4920000
END_PHOTOMETRY:

# =============================================
