117 117
0.369060065715 0.01407364922 0.0136031584 0.01301057124 0.01326874948 0.01338097659 0.01337270177 0.01320475779 0.01312667669 0.01324835753 0.01337684164 0.012980816 0.01238514365 0.0131238264 0.01318607092 0.01313919848 0.0131668879 0.01372866604 0.01359976847 0.01326378741 0.01296048923 0.01291621045 0.01267298593 0.01352425755 0.01315038078 0.01359074785 0.01324759747 0.0 0.0 0.0 0.0 0.0 0.0 0.0 0.0 0.0 0.0 0.0 0.0 0.0 0.0 0.0 0.0 0.0 0.0 0.0 0.0 0.0 0.0 0.0 0.0 0.0 0.0 0.0 0.0 0.0 0.0 0.0 0.0 0.0 0.0 0.0 0.0 0.0 0.0 0.0 0.0 0.0 0.0 0.0 0.0 0.0 0.0 0.0 0.0 0.0 0.0 0.0 0.0 0.0 0.0 0.0 0.0 0.0 0.0 0.0 0.0 0.0 0.0 0.0 0.0 0.0 0.0 0.0 0.0 0.0 0.0 0.0 0.0 0.0 0.0 0.0 0.0 0.0 0.0 0.0 0.0 0.0 0.0 0.0 0.0 0.0 0.0 0.0 0.0 0.0 0.0
0.01407364922 0.302456689137 0.01436501735 0.01241356304 0.01329047061 0.01357723403 0.01364605579 0.01319277763 0.01299381285 0.01339246862 0.01401583569 0.01263986669 0.01073684162 0.01277968606 0.01343573366 0.01283831665 0.01332554895 0.01597750679 0.01482272259 0.01349636687 0.0123345727 0.01217537102 0.01157715541 0.01521881759 0.01309958296 0.01526040124 0.01300543152 0.0 0.0 0.0 0.0 0.0 0.0 0.0 0.0 0.0 0.0 0.0 0.0 0.0 0.0 0.0 0.0 0.0 0.0 0.0 0.0 0.0 0.0 0.0 0.0 0.0 0.0 0.0 0.0 0.0 0.0 0.0 0.0 0.0 0.0 0.0 0.0 0.0 0.0 0.0 0.0 0.0 0.0 0.0 0.0 0.0 0.0 0.0 0.0 0.0 0.0 0.0 0.0 0.0 0.0 0.0 0.0 0.0 0.0 0.0 0.0 0.0 0.0 0.0 0.0 0.0 0.0 0.0 0.0 0.0 0.0 0.0 0.0 0.0 0.0 0.0 0.0 0.0 0.0 0.0 0.0 0.0 0.0 0.0 0.0 0.0 0.0 0.0 0.0 0.0 0.0
0.0136031584 0.01436501735 0.411033706416 0.0129345452 0.01324913662 0.01342200201 0.01341872602 0.01317484895 0.01307893566 0.01327986578 0.01344281394 0.01290730487 0.01223782949 0.0130700193 0.01316238686 0.01308003784 0.01317710085 0.013919815 0.01372330946 0.01326708589 0.01287969229 0.0128202067 0.01255191487 0.01361428755 0.01312703491 0.01372901689 0.01322449547 0.0 0.0 0.0 0.0 0.0 0.0 0.0 0.0 0.0 0.0 0.0 0.0 0.0 0.0 0.0 0.0 0.0 0.0 0.0 0.0 0.0 0.0 0.0 0.0 0.0 0.0 0.0 0.0 0.0 0.0 0.0 0.0 0.0 0.0 0.0 0.0 0.0 0.0 0.0 0.0 0.0 0.0 0.0 0.0 0.0 0.0 0.0 0.0 0.0 0.0 0.0 0.0 0.0 0.0 0.0 0.0 0.0 0.0 0.0 0.0 0.0 0.0 0.0 0.0 0.0 0.0 0.0 0.0 0.0 0.0 0.0 0.0 0.0 0.0 0.0 0.0 0.0 0.0 0.0 0.0 0.0 0.0 0.0 0.0 0.0 0.0 0.0 0.0 0.0 0.0
0.01301057124 0.01241356304 0.0129345452 0.374742434345 0.01319482151 0.01315793416 0.01309551286 0.01320819166 0.01330713049 0.01312453717 0.01295693699 0.0133957719 0.01372208641 0.01325848914 0.01313292178 0.01325639009 0.01312360464 0.0126690776 0.01276175096 0.01311892374 0.01337777461 0.01343750556 0.01359991849 0.01266063251 0.01320176385 0.01256552549 0.01323966928 0.0 0.0 0.0 0.0 0.0 0.0 0.0 0.0 0.0 0.0 0.0 0.0 0.0 0.0 0.0 0.0 0.0 0.0 0.0 0.0 0.0 0.0 0.0 0.0 0.0 0.0 0.0 0.0 0.0 0.0 0.0 0.0 0.0 0.0 0.0 0.0 0.0 0.0 0.0 0.0 0.0 0.0 0.0 0.0 0.0 0.0 0.0 0.0 0.0 0.0 0.0 0.0 0.0 0.0 0.0 0.0 0.0 0.0 0.0 0.0 0.0 0.0 0.0 0.0 0.0 0.0 0.0 0.0 0.0 0.0 0.0 0.0 0.0 0.0 0.0 0.0 0.0 0.0 0.0 0.0 0.0 0.0 0.0 0.0 0.0 0.0 0.0 0.0 0.0 0.0
0.01326874948 0.01329047061 0.01324913662 0.01319482151 0.312090793408 0.01326784118 0.01324228917 0.01324855143 0.01326640866 0.0132118402 0.01320850997 0.01323980801 0.01296558155 0.01317336087 0.01324915954 0.01320660651 0.01315747072 0.01332448852 0.01321454989 0.01323822145 0.01315529268 0.0131528576 0.01309650823 0.013218485 0.013223655 0.01314594445 0.01319980405 0.0 0.0 0.0 0.0 0.0 0.0 0.0 0.0 0.0 0.0 0.0 0.0 0.0 0.0 0.0 0.0 0.0 0.0 0.0 0.0 0.0 0.0 0.0 0.0 0.0 0.0 0.0 0.0 0.0 0.0 0.0 0.0 0.0 0.0 0.0 0.0 0.0 0.0 0.0 0.0 0.0 0.0 0.0 0.0 0.0 0.0 0.0 0.0 0.0 0.0 0.0 0.0 0.0 0.0 0.0 0.0 0.0 0.0 0.0 0.0 0.0 0.0 0.0 0.0 0.0 0.0 0.0 0.0 0.0 0.0 0.0 0.0 0.0 0.0 0.0 0.0 0.0 0.0 0.0 0.0 0.0 0.0 0.0 0.0 0.0 0.0 0.0 0.0 0.0 0.0
0.01338097659 0.01357723403 0.01342200201 0.01315793416 0.01326784118 0.440557771637 0.01331558786 0.01323298857 0.01325234018 0.01325151368 0.01326842953 0.01318118085 0.01280702892 0.01312839098 0.0132212369 0.01316448903 0.0131638091 0.0135530729 0.01332336383 0.01325592528 0.01307168894 0.01307324072 0.01299412233 0.0132866793 0.01320547543 0.01321472773 0.01320770036 0.0 0.0 0.0 0.0 0.0 0.0 0.0 0.0 0.0 0.0 0.0 0.0 0.0 0.0 0.0 0.0 0.0 0.0 0.0 0.0 0.0 0.0 0.0 0.0 0.0 0.0 0.0 0.0 0.0 0.0 0.0 0.0 0.0 0.0 0.0 0.0 0.0 0.0 0.0 0.0 0.0 0.0 0.0 0.0 0.0 0.0 0.0 0.0 0.0 0.0 0.0 0.0 0.0 0.0 0.0 0.0 0.0 0.0 0.0 0.0 0.0 0.0 0.0 0.0 0.0 0.0 0.0 0.0 0.0 0.0 0.0 0.0 0.0 0.0 0.0 0.0 0.0 0.0 0.0 0.0 0.0 0.0 0.0 0.0 0.0 0.0 0.0 0.0 0.0 0.0
0.01337270177 0.01364605579 0.01341872602 0.01309551286 0.01324228917 0.01331558786 14.1590031327 0.01322220875 0.01319706075 0.01326033032 0.01331343867 0.01310762016 0.01269276142 0.01312978937 0.01323519709 0.01315247422 0.01318987417 0.013549011 0.0134059669 0.01325770996 0.01304281906 0.01302729783 0.01291596055 0.01336716664 0.01317564169 0.01337025142 0.01318687333 0.0 0.0 0.0 0.0 0.0 0.0 0.0 0.0 0.0 0.0 0.0 0.0 0.0 0.0 0.0 0.0 0.0 0.0 0.0 0.0 0.0 0.0 0.0 0.0 0.0 0.0 0.0 0.0 0.0 0.0 0.0 0.0 0.0 0.0 0.0 0.0 0.0 0.0 0.0 0.0 0.0 0.0 0.0 0.0 0.0 0.0 0.0 0.0 0.0 0.0 0.0 0.0 0.0 0.0 0.0 0.0 0.0 0.0 0.0 0.0 0.0 0.0 0.0 0.0 0.0 0.0 0.0 0.0 0.0 0.0 0.0 0.0 0.0 0.0 0.0 0.0 0.0 0.0 0.0 0.0 0.0 0.0 0.0 0.0 0.0 0.0 0.0 0.0 0.0 0.0
0.01320475779 0.01319277763 0.01317484895 0.01320819166 0.01324855143 0.01323298857 0.01322220875 0.424520322649 0.01329644445 0.01322158349 0.01320904704 0.01328025064 0.01306881457 0.01315979919 0.01329456429 0.01320743223 0.01317128087 0.01333243753 0.01316835685 0.01324997082 0.01317744512 0.01317656836 0.01316181242 0.01323502432 0.01324542236 0.01311740331 0.01314356813 0.0 0.0 0.0 0.0 0.0 0.0 0.0 0.0 0.0 0.0 0.0 0.0 0.0 0.0 0.0 0.0 0.0 0.0 0.0 0.0 0.0 0.0 0.0 0.0 0.0 0.0 0.0 0.0 0.0 0.0 0.0 0.0 0.0 0.0 0.0 0.0 0.0 0.0 0.0 0.0 0.0 0.0 0.0 0.0 0.0 0.0 0.0 0.0 0.0 0.0 0.0 0.0 0.0 0.0 0.0 0.0 0.0 0.0 0.0 0.0 0.0 0.0 0.0 0.0 0.0 0.0 0.0 0.0 0.0 0.0 0.0 0.0 0.0 0.0 0.0 0.0 0.0 0.0 0.0 0.0 0.0 0.0 0.0 0.0 0.0 0.0 0.0 0.0 0.0 0.0
0.01312667669 0.01299381285 0.01307893566 0.01330713049 0.01326640866 0.01325234018 0.01319706075 0.01329644445 0.37320942341 0.01324282004 0.01317032232 0.01352008994 0.01330945591 0.0131191139 0.01338104246 0.01319351616 0.01317069142 0.01341411895 0.01301135313 0.01327527093 0.01322563829 0.01324863374 0.01340332501 0.01312616779 0.01328439654 0.01287931413 0.01307160335 0.0 0.0 0.0 0.0 0.0 0.0 0.0 0.0 0.0 0.0 0.0 0.0 0.0 0.0 0.0 0.0 0.0 0.0 0.0 0.0 0.0 0.0 0.0 0.0 0.0 0.0 0.0 0.0 0.0 0.0 0.0 0.0 0.0 0.0 0.0 0.0 0.0 0.0 0.0 0.0 0.0 0.0 0.0 0.0 0.0 0.0 0.0 0.0 0.0 0.0 0.0 0.0 0.0 0.0 0.0 0.0 0.0 0.0 0.0 0.0 0.0 0.0 0.0 0.0 0.0 0.0 0.0 0.0 0.0 0.0 0.0 0.0 0.0 0.0 0.0 0.0 0.0 0.0 0.0 0.0 0.0 0.0 0.0 0.0 0.0 0.0 0.0 0.0 0.0 0.0
0.01324835753 0.01339246862 0.01327986578 0.01312453717 0.0132118402 0.01325151368 0.01326033032 0.01322158349 0.01324282004 0.326210689631 0.01330893183 0.01318433819 0.01293632853 0.01310456475 0.0133016676 0.01315446352 0.01321311882 0.01353681501 0.01328923619 0.01327023056 0.01309669091 0.01306581578 0.01303252313 0.01337075849 0.01323227245 0.0133197629 0.01308836678 0.0 0.0 0.0 0.0 0.0 0.0 0.0 0.0 0.0 0.0 0.0 0.0 0.0 0.0 0.0 0.0 0.0 0.0 0.0 0.0 0.0 0.0 0.0 0.0 0.0 0.0 0.0 0.0 0.0 0.0 0.0 0.0 0.0 0.0 0.0 0.0 0.0 0.0 0.0 0.0 0.0 0.0 0.0 0.0 0.0 0.0 0.0 0.0 0.0 0.0 0.0 0.0 0.0 0.0 0.0 0.0 0.0 0.0 0.0 0.0 0.0 0.0 0.0 0.0 0.0 0.0 0.0 0.0 0.0 0.0 0.0 0.0 0.0 0.0 0.0 0.0 0.0 0.0 0.0 0.0 0.0 0.0 0.0 0.0 0.0 0.0 0.0 0.0 0.0 0.0
0.01337684164 0.01401583569 0.01344281394 0.01295693699 0.01320850997 0.01326842953 0.01331343867 0.01320904704 0.01317032232 0.01330893183 0.44841444507 0.01305152211 0.0124971241 0.01303908312 0.01336157932 0.01309564081 0.01325497127 0.01397244235 0.01361886299 0.01332540559 0.01294784464 0.01287619323 0.01271813819 0.0138146057 0.01321645293 0.01378515627 0.01303685895 0.0 0.0 0.0 0.0 0.0 0.0 0.0 0.0 0.0 0.0 0.0 0.0 0.0 0.0 0.0 0.0 0.0 0.0 0.0 0.0 0.0 0.0 0.0 0.0 0.0 0.0 0.0 0.0 0.0 0.0 0.0 0.0 0.0 0.0 0.0 0.0 0.0 0.0 0.0 0.0 0.0 0.0 0.0 0.0 0.0 0.0 0.0 0.0 0.0 0.0 0.0 0.0 0.0 0.0 0.0 0.0 0.0 0.0 0.0 0.0 0.0 0.0 0.0 0.0 0.0 0.0 0.0 0.0 0.0 0.0 0.0 0.0 0.0 0.0 0.0 0.0 0.0 0.0 0.0 0.0 0.0 0.0 0.0 0.0 0.0 0.0 0.0 0.0 0.0 0.0
0.012980816 0.01263986669 0.01290730487 0.0133957719 0.01323980801 0.01318118085 0.01310762016 0.01328025064 0.01352008994 0.01318433819 0.01305152211 1.44273090426 0.01373854503 0.01312027717 0.01337256677 0.01318300285 0.01314477199 0.01319867484 0.01280404066 0.01322660003 0.01332576391 0.01337656221 0.01372692867 0.01293391407 0.01328574906 0.01263392498 0.01303177555 0.0 0.0 0.0 0.0 0.0 0.0 0.0 0.0 0.0 0.0 0.0 0.0 0.0 0.0 0.0 0.0 0.0 0.0 0.0 0.0 0.0 0.0 0.0 0.0 0.0 0.0 0.0 0.0 0.0 0.0 0.0 0.0 0.0 0.0 0.0 0.0 0.0 0.0 0.0 0.0 0.0 0.0 0.0 0.0 0.0 0.0 0.0 0.0 0.0 0.0 0.0 0.0 0.0 0.0 0.0 0.0 0.0 0.0 0.0 0.0 0.0 0.0 0.0 0.0 0.0 0.0 0.0 0.0 0.0 0.0 0.0 0.0 0.0 0.0 0.0 0.0 0.0 0.0 0.0 0.0 0.0 0.0 0.0 0.0 0.0 0.0 0.0 0.0 0.0 0.0
0.01238514365 0.01073684162 0.01223782949 0.01372208641 0.01296558155 0.01280702892 0.01269276142 0.01306881457 0.01330945591 0.01293632853 0.0124971241 0.01373854503 5.20421037619 0.01333537491 0.01293227428 0.01326246688 0.01305328974 0.01145218765 0.01189673105 0.01286299917 0.01375889504 0.01394083075 0.01476261084 0.01171876838 0.01313192299 0.01159890256 0.0131275195 0.0 0.0 0.0 0.0 0.0 0.0 0.0 0.0 0.0 0.0 0.0 0.0 0.0 0.0 0.0 0.0 0.0 0.0 0.0 0.0 0.0 0.0 0.0 0.0 0.0 0.0 0.0 0.0 0.0 0.0 0.0 0.0 0.0 0.0 0.0 0.0 0.0 0.0 0.0 0.0 0.0 0.0 0.0 0.0 0.0 0.0 0.0 0.0 0.0 0.0 0.0 0.0 0.0 0.0 0.0 0.0 0.0 0.0 0.0 0.0 0.0 0.0 0.0 0.0 0.0 0.0 0.0 0.0 0.0 0.0 0.0 0.0 0.0 0.0 0.0 0.0 0.0 0.0 0.0 0.0 0.0 0.0 0.0 0.0 0.0 0.0 0.0 0.0 0.0 0.0
0.0131238264 0.01277968606 0.0130700193 0.01325848914 0.01317336087 0.01312839098 0.01312978937 0.01315979919 0.0131191139 0.01310456475 0.01303908312 0.01312027717 0.01333537491 0.471526449941 0.01305157384 0.0132508267 0.01313083218 0.01268548853 0.01301270622 0.01309803105 0.01328136503 0.01330134358 0.01325965656 0.01286654804 0.01314433646 0.01294297009 0.01331212631 0.0 0.0 0.0 0.0 0.0 0.0 0.0 0.0 0.0 0.0 0.0 0.0 0.0 0.0 0.0 0.0 0.0 0.0 0.0 0.0 0.0 0.0 0.0 0.0 0.0 0.0 0.0 0.0 0.0 0.0 0.0 0.0 0.0 0.0 0.0 0.0 0.0 0.0 0.0 0.0 0.0 0.0 0.0 0.0 0.0 0.0 0.0 0.0 0.0 0.0 0.0 0.0 0.0 0.0 0.0 0.0 0.0 0.0 0.0 0.0 0.0 0.0 0.0 0.0 0.0 0.0 0.0 0.0 0.0 0.0 0.0 0.0 0.0 0.0 0.0 0.0 0.0 0.0 0.0 0.0 0.0 0.0 0.0 0.0 0.0 0.0 0.0 0.0 0.0 0.0
0.01318607092 0.01343573366 0.01316238686 0.01313292178 0.01324915954 0.0132212369 0.01323519709 0.01329456429 0.01338104246 0.0133016676 0.01336157932 0.01337256677 0.01293227428 0.01305157384 0.328191215109 0.01315420526 0.01323592444 0.01380203466 0.01329952409 0.01335348072 0.01309984312 0.01306753763 0.01309381995 0.01360662123 0.0133090326 0.01337246629 0.01296640353 0.0 0.0 0.0 0.0 0.0 0.0 0.0 0.0 0.0 0.0 0.0 0.0 0.0 0.0 0.0 0.0 0.0 0.0 0.0 0.0 0.0 0.0 0.0 0.0 0.0 0.0 0.0 0.0 0.0 0.0 0.0 0.0 0.0 0.0 0.0 0.0 0.0 0.0 0.0 0.0 0.0 0.0 0.0 0.0 0.0 0.0 0.0 0.0 0.0 0.0 0.0 0.0 0.0 0.0 0.0 0.0 0.0 0.0 0.0 0.0 0.0 0.0 0.0 0.0 0.0 0.0 0.0 0.0 0.0 0.0 0.0 0.0 0.0 0.0 0.0 0.0 0.0 0.0 0.0 0.0 0.0 0.0 0.0 0.0 0.0 0.0 0.0 0.0 0.0 0.0
0.01313919848 0.01283831665 0.01308003784 0.01325639009 0.01320660651 0.01316448903 0.01315247422 0.01320743223 0.01319351616 0.01315446352 0.01309564081 0.01318300285 0.01326246688 0.0132508267 0.01315420526 0.561338102761 0.01314742701 0.01286779494 0.0130446418 0.01316145911 0.01326158908 0.01327272388 0.01323763638 0.01297631676 0.0131921188 0.01298578716 0.01324701512 0.0 0.0 0.0 0.0 0.0 0.0 0.0 0.0 0.0 0.0 0.0 0.0 0.0 0.0 0.0 0.0 0.0 0.0 0.0 0.0 0.0 0.0 0.0 0.0 0.0 0.0 0.0 0.0 0.0 0.0 0.0 0.0 0.0 0.0 0.0 0.0 0.0 0.0 0.0 0.0 0.0 0.0 0.0 0.0 0.0 0.0 0.0 0.0 0.0 0.0 0.0 0.0 0.0 0.0 0.0 0.0 0.0 0.0 0.0 0.0 0.0 0.0 0.0 0.0 0.0 0.0 0.0 0.0 0.0 0.0 0.0 0.0 0.0 0.0 0.0 0.0 0.0 0.0 0.0 0.0 0.0 0.0 0.0 0.0 0.0 0.0 0.0 0.0 0.0 0.0
0.0131668879 0.01332554895 0.01317710085 0.01312360464 0.01315747072 0.0131638091 0.01318987417 0.01317128087 0.01317069142 0.01321311882 0.01325497127 0.01314477199 0.01305328974 0.01313083218 0.01323592444 0.01314742701 0.467012986091 0.01338379347 0.01328127589 0.01320816499 0.01312871782 0.01310684985 0.0130860399 0.01339683449 0.0131925166 0.01336373429 0.01310208876 0.0 0.0 0.0 0.0 0.0 0.0 0.0 0.0 0.0 0.0 0.0 0.0 0.0 0.0 0.0 0.0 0.0 0.0 0.0 0.0 0.0 0.0 0.0 0.0 0.0 0.0 0.0 0.0 0.0 0.0 0.0 0.0 0.0 0.0 0.0 0.0 0.0 0.0 0.0 0.0 0.0 0.0 0.0 0.0 0.0 0.0 0.0 0.0 0.0 0.0 0.0 0.0 0.0 0.0 0.0 0.0 0.0 0.0 0.0 0.0 0.0 0.0 0.0 0.0 0.0 0.0 0.0 0.0 0.0 0.0 0.0 0.0 0.0 0.0 0.0 0.0 0.0 0.0 0.0 0.0 0.0 0.0 0.0 0.0 0.0 0.0 0.0 0.0 0.0 0.0
0.01372866604 0.01597750679 0.013919815 0.0126690776 0.01332448852 0.0135530729 0.013549011 0.01333243753 0.01341411895 0.01353681501 0.01397244235 0.01319867484 0.01145218765 0.01268548853 0.01380203466 0.01286779494 0.01338379347 0.402309742409 0.01430440655 0.01365300223 0.01252418783 0.0123978987 0.01215631791 0.01512418757 0.01332984933 0.0146454675 0.01272848099 0.0 0.0 0.0 0.0 0.0 0.0 0.0 0.0 0.0 0.0 0.0 0.0 0.0 0.0 0.0 0.0 0.0 0.0 0.0 0.0 0.0 0.0 0.0 0.0 0.0 0.0 0.0 0.0 0.0 0.0 0.0 0.0 0.0 0.0 0.0 0.0 0.0 0.0 0.0 0.0 0.0 0.0 0.0 0.0 0.0 0.0 0.0 0.0 0.0 0.0 0.0 0.0 0.0 0.0 0.0 0.0 0.0 0.0 0.0 0.0 0.0 0.0 0.0 0.0 0.0 0.0 0.0 0.0 0.0 0.0 0.0 0.0 0.0 0.0 0.0 0.0 0.0 0.0 0.0 0.0 0.0 0.0 0.0 0.0 0.0 0.0 0.0 0.0 0.0 0.0
0.01359976847 0.01482272259 0.01372330946 0.01276175096 0.01321454989 0.01332336383 0.0134059669 0.01316835685 0.01301135313 0.01328923619 0.01361886299 0.01280404066 0.01189673105 0.01301270622 0.01329952409 0.0130446418 0.01328127589 0.01430440655 0.40137689402 0.01333041301 0.01277105815 0.01266158623 0.01228977687 0.01421252132 0.01313684767 0.01430934305 0.01310183906 0.0 0.0 0.0 0.0 0.0 0.0 0.0 0.0 0.0 0.0 0.0 0.0 0.0 0.0 0.0 0.0 0.0 0.0 0.0 0.0 0.0 0.0 0.0 0.0 0.0 0.0 0.0 0.0 0.0 0.0 0.0 0.0 0.0 0.0 0.0 0.0 0.0 0.0 0.0 0.0 0.0 0.0 0.0 0.0 0.0 0.0 0.0 0.0 0.0 0.0 0.0 0.0 0.0 0.0 0.0 0.0 0.0 0.0 0.0 0.0 0.0 0.0 0.0 0.0 0.0 0.0 0.0 0.0 0.0 0.0 0.0 0.0 0.0 0.0 0.0 0.0 0.0 0.0 0.0 0.0 0.0 0.0 0.0 0.0 0.0 0.0 0.0 0.0 0.0 0.0
0.01326378741 0.01349636687 0.01326708589 0.01311892374 0.01323822145 0.01325592528 0.01325770996 0.01324997082 0.01327527093 0.01327023056 0.01332540559 0.01322660003 0.01286299917 0.01309803105 0.01335348072 0.01316145911 0.01320816499 0.01365300223 0.01333041301 0.780752325711 0.0130860267 0.01306158634 0.01301086067 0.01348457599 0.01324855159 0.01335540575 0.01307965818 0.0 0.0 0.0 0.0 0.0 0.0 0.0 0.0 0.0 0.0 0.0 0.0 0.0 0.0 0.0 0.0 0.0 0.0 0.0 0.0 0.0 0.0 0.0 0.0 0.0 0.0 0.0 0.0 0.0 0.0 0.0 0.0 0.0 0.0 0.0 0.0 0.0 0.0 0.0 0.0 0.0 0.0 0.0 0.0 0.0 0.0 0.0 0.0 0.0 0.0 0.0 0.0 0.0 0.0 0.0 0.0 0.0 0.0 0.0 0.0 0.0 0.0 0.0 0.0 0.0 0.0 0.0 0.0 0.0 0.0 0.0 0.0 0.0 0.0 0.0 0.0 0.0 0.0 0.0 0.0 0.0 0.0 0.0 0.0 0.0 0.0 0.0 0.0 0.0 0.0
0.01296048923 0.0123345727 0.01287969229 0.01337777461 0.01315529268 0.01307168894 0.01304281906 0.01317744512 0.01322563829 0.01309669091 0.01294784464 0.01332576391 0.01375889504 0.01328136503 0.01309984312 0.01326158908 0.01312871782 0.01252418783 0.01277105815 0.0130860267 2.61887534708 0.01344005168 0.01357606839 0.012666736 0.01317764519 0.01266433567 0.01322958398 0.0 0.0 0.0 0.0 0.0 0.0 0.0 0.0 0.0 0.0 0.0 0.0 0.0 0.0 0.0 0.0 0.0 0.0 0.0 0.0 0.0 0.0 0.0 0.0 0.0 0.0 0.0 0.0 0.0 0.0 0.0 0.0 0.0 0.0 0.0 0.0 0.0 0.0 0.0 0.0 0.0 0.0 0.0 0.0 0.0 0.0 0.0 0.0 0.0 0.0 0.0 0.0 0.0 0.0 0.0 0.0 0.0 0.0 0.0 0.0 0.0 0.0 0.0 0.0 0.0 0.0 0.0 0.0 0.0 0.0 0.0 0.0 0.0 0.0 0.0 0.0 0.0 0.0 0.0 0.0 0.0 0.0 0.0 0.0 0.0 0.0 0.0 0.0 0.0 0.0
0.01291621045 0.01217537102 0.0128202067 0.01343750556 0.0131528576 0.01307324072 0.01302729783 0.01317656836 0.01324863374 0.01306581578 0.01287619323 0.01337656221 0.01394083075 0.01330134358 0.01306753763 0.01327272388 0.01310684985 0.0123978987 0.01266158623 0.01306158634 0.01344005168 1.02868275152 0.01370955411 0.01253802856 0.01317999343 0.01247286203 0.01326261713 0.0 0.0 0.0 0.0 0.0 0.0 0.0 0.0 0.0 0.0 0.0 0.0 0.0 0.0 0.0 0.0 0.0 0.0 0.0 0.0 0.0 0.0 0.0 0.0 0.0 0.0 0.0 0.0 0.0 0.0 0.0 0.0 0.0 0.0 0.0 0.0 0.0 0.0 0.0 0.0 0.0 0.0 0.0 0.0 0.0 0.0 0.0 0.0 0.0 0.0 0.0 0.0 0.0 0.0 0.0 0.0 0.0 0.0 0.0 0.0 0.0 0.0 0.0 0.0 0.0 0.0 0.0 0.0 0.0 0.0 0.0 0.0 0.0 0.0 0.0 0.0 0.0 0.0 0.0 0.0 0.0 0.0 0.0 0.0 0.0 0.0 0.0 0.0 0.0 0.0
0.01267298593 0.01157715541 0.01255191487 0.01359991849 0.01309650823 0.01299412233 0.01291596055 0.01316181242 0.01340332501 0.01303252313 0.01271813819 0.01372692867 0.01476261084 0.01325965656 0.01309381995 0.01323763638 0.0130860399 0.01215631791 0.01228977687 0.01301086067 0.01357606839 0.01370955411 0.41880954242 0.01217838729 0.01317506991 0.01200047029 0.01312975832 0.0 0.0 0.0 0.0 0.0 0.0 0.0 0.0 0.0 0.0 0.0 0.0 0.0 0.0 0.0 0.0 0.0 0.0 0.0 0.0 0.0 0.0 0.0 0.0 0.0 0.0 0.0 0.0 0.0 0.0 0.0 0.0 0.0 0.0 0.0 0.0 0.0 0.0 0.0 0.0 0.0 0.0 0.0 0.0 0.0 0.0 0.0 0.0 0.0 0.0 0.0 0.0 0.0 0.0 0.0 0.0 0.0 0.0 0.0 0.0 0.0 0.0 0.0 0.0 0.0 0.0 0.0 0.0 0.0 0.0 0.0 0.0 0.0 0.0 0.0 0.0 0.0 0.0 0.0 0.0 0.0 0.0 0.0 0.0 0.0 0.0 0.0 0.0 0.0 0.0
0.01352425755 0.01521881759 0.01361428755 0.01266063251 0.013218485 0.0132866793 0.01336716664 0.01323502432 0.01312616779 0.01337075849 0.0138146057 0.01293391407 0.01171876838 0.01286654804 0.01360662123 0.01297631676 0.01339683449 0.01512418757 0.01421252132 0.01348457599 0.012666736 0.01253802856 0.01217838729 0.299997302594 0.01338606818 0.01471735885 0.01284312966 0.0 0.0 0.0 0.0 0.0 0.0 0.0 0.0 0.0 0.0 0.0 0.0 0.0 0.0 0.0 0.0 0.0 0.0 0.0 0.0 0.0 0.0 0.0 0.0 0.0 0.0 0.0 0.0 0.0 0.0 0.0 0.0 0.0 0.0 0.0 0.0 0.0 0.0 0.0 0.0 0.0 0.0 0.0 0.0 0.0 0.0 0.0 0.0 0.0 0.0 0.0 0.0 0.0 0.0 0.0 0.0 0.0 0.0 0.0 0.0 0.0 0.0 0.0 0.0 0.0 0.0 0.0 0.0 0.0 0.0 0.0 0.0 0.0 0.0 0.0 0.0 0.0 0.0 0.0 0.0 0.0 0.0 0.0 0.0 0.0 0.0 0.0 0.0 0.0 0.0
0.01315038078 0.01309958296 0.01312703491 0.01320176385 0.013223655 0.01320547543 0.01317564169 0.01324542236 0.01328439654 0.01323227245 0.01321645293 0.01328574906 0.01313192299 0.01314433646 0.0133090326 0.0131921188 0.0131925166 0.01332984933 0.01313684767 0.01324855159 0.01317764519 0.01317999343 0.01317506991 0.01338606818 0.321056941861 0.01313672372 0.01310389464 0.0 0.0 0.0 0.0 0.0 0.0 0.0 0.0 0.0 0.0 0.0 0.0 0.0 0.0 0.0 0.0 0.0 0.0 0.0 0.0 0.0 0.0 0.0 0.0 0.0 0.0 0.0 0.0 0.0 0.0 0.0 0.0 0.0 0.0 0.0 0.0 0.0 0.0 0.0 0.0 0.0 0.0 0.0 0.0 0.0 0.0 0.0 0.0 0.0 0.0 0.0 0.0 0.0 0.0 0.0 0.0 0.0 0.0 0.0 0.0 0.0 0.0 0.0 0.0 0.0 0.0 0.0 0.0 0.0 0.0 0.0 0.0 0.0 0.0 0.0 0.0 0.0 0.0 0.0 0.0 0.0 0.0 0.0 0.0 0.0 0.0 0.0 0.0 0.0 0.0
0.01359074785 0.01526040124 0.01372901689 0.01256552549 0.01314594445 0.01321472773 0.01337025142 0.01311740331 0.01287931413 0.0133197629 0.01378515627 0.01263392498 0.01159890256 0.01294297009 0.01337246629 0.01298578716 0.01336373429 0.0146454675 0.01430934305 0.01335540575 0.01266433567 0.01247286203 0.01200047029 0.01471735885 0.01313672372 0.266443235148 0.01296464703 0.0 0.0 0.0 0.0 0.0 0.0 0.0 0.0 0.0 0.0 0.0 0.0 0.0 0.0 0.0 0.0 0.0 0.0 0.0 0.0 0.0 0.0 0.0 0.0 0.0 0.0 0.0 0.0 0.0 0.0 0.0 0.0 0.0 0.0 0.0 0.0 0.0 0.0 0.0 0.0 0.0 0.0 0.0 0.0 0.0 0.0 0.0 0.0 0.0 0.0 0.0 0.0 0.0 0.0 0.0 0.0 0.0 0.0 0.0 0.0 0.0 0.0 0.0 0.0 0.0 0.0 0.0 0.0 0.0 0.0 0.0 0.0 0.0 0.0 0.0 0.0 0.0 0.0 0.0 0.0 0.0 0.0 0.0 0.0 0.0 0.0 0.0 0.0 0.0 0.0
0.01324759747 0.01300543152 0.01322449547 0.01323966928 0.01319980405 0.01320770036 0.01318687333 0.01314356813 0.01307160335 0.01308836678 0.01303685895 0.01303177555 0.0131275195 0.01331212631 0.01296640353 0.01324701512 0.01310208876 0.01272848099 0.01310183906 0.01307965818 0.01322958398 0.01326261713 0.01312975832 0.01284312966 0.01310389464 0.01296464703 0.396728470815 0.0 0.0 0.0 0.0 0.0 0.0 0.0 0.0 0.0 0.0 0.0 0.0 0.0 0.0 0.0 0.0 0.0 0.0 0.0 0.0 0.0 0.0 0.0 0.0 0.0 0.0 0.0 0.0 0.0 0.0 0.0 0.0 0.0 0.0 0.0 0.0 0.0 0.0 0.0 0.0 0.0 0.0 0.0 0.0 0.0 0.0 0.0 0.0 0.0 0.0 0.0 0.0 0.0 0.0 0.0 0.0 0.0 0.0 0.0 0.0 0.0 0.0 0.0 0.0 0.0 0.0 0.0 0.0 0.0 0.0 0.0 0.0 0.0 0.0 0.0 0.0 0.0 0.0 0.0 0.0 0.0 0.0 0.0 0.0 0.0 0.0 0.0 0.0 0.0 0.0
0.0 0.0 0.0 0.0 0.0 0.0 0.0 0.0 0.0 0.0 0.0 0.0 0.0 0.0 0.0 0.0 0.0 0.0 0.0 0.0 0.0 0.0 0.0 0.0 0.0 0.0 0.0 0.949196019298 0.01528609839 0.01535234882 0.01528528053 0.01551726073 0.01569379197 0.01525728171 0.01545823856 0.01525672471 0.01546364783 0.01563838725 0.01535488801 0.01508439538 0.01512011472 0.01533030353 0.01478704231 0.01481731898 0.0152702008 0.01483660613 0.01467774546 0.01541631825 0.0154048573 0.01531221207 0.01560320901 0.01527941139 0.01554594205 0.01544439197 0.01540238799 0.01541732108 0.01505577821 0.01532007688 0.01512918723 0.01537865102 0.0 0.0 0.0 0.0 0.0 0.0 0.0 0.0 0.0 0.0 0.0 0.0 0.0 0.0 0.0 0.0 0.0 0.0 0.0 0.0 0.0 0.0 0.0 0.0 0.0 0.0 0.0 0.0 0.0 0.0 0.0 0.0 0.0 0.0 0.0 0.0 0.0 0.0 0.0 0.0 0.0 0.0 0.0 0.0 0.0 0.0 0.0 0.0 0.0 0.0 0.0 0.0 0.0 0.0 0.0 0.0 0.0
0.0 0.0 0.0 0.0 0.0 0.0 0.0 0.0 0.0 0.0 0.0 0.0 0.0 0.0 0.0 0.0 0.0 0.0 0.0 0.0 0.0 0.0 0.0 0.0 0.0 0.0 0.0 0.01528609839 1.33462551744 0.01530078785 0.01526376795 0.0152428857 0.01549160781 0.01527591774 0.01508249603 0.01525914387 0.01514251046 0.01489034261 0.01524693261 0.01522887651 0.01522838215 0.01528164769 0.01511936918 0.01512926801 0.01526092814 0.01513130363 0.01505405579 0.01525468421 0.01527368612 0.01525432688 0.01504242907 0.0152413725 0.01505483987 0.01529063431 0.01520599411 0.01522851583 0.01519361928 0.01524310484 0.01517710764 0.01521905003 0.0 0.0 0.0 0.0 0.0 0.0 0.0 0.0 0.0 0.0 0.0 0.0 0.0 0.0 0.0 0.0 0.0 0.0 0.0 0.0 0.0 0.0 0.0 0.0 0.0 0.0 0.0 0.0 0.0 0.0 0.0 0.0 0.0 0.0 0.0 0.0 0.0 0.0 0.0 0.0 0.0 0.0 0.0 0.0 0.0 0.0 0.0 0.0 0.0 0.0 0.0 0.0 0.0 0.0 0.0 0.0 0.0
0.0 0.0 0.0 0.0 0.0 0.0 0.0 0.0 0.0 0.0 0.0 0.0 0.0 0.0 0.0 0.0 0.0 0.0 0.0 0.0 0.0 0.0 0.0 0.0 0.0 0.0 0.0 0.01535234882 0.01530078785 0.668156864703 0.01526773787 0.01544025449 0.01561631586 0.01531260835 0.01533348222 0.01520424795 0.01527404798 0.01508609406 0.01531720219 0.01510636971 0.01511539153 0.01537401458 0.014904513 0.01483918213 0.01523518592 0.01490098698 0.01471721249 0.01520938762 0.0152798776 0.01512414566 0.01511251078 0.01523049536 0.01517757748 0.01523899128 0.01518332334 0.01526555562 0.01506543077 0.01521669575 0.0150653376 0.01532670013 0.0 0.0 0.0 0.0 0.0 0.0 0.0 0.0 0.0 0.0 0.0 0.0 0.0 0.0 0.0 0.0 0.0 0.0 0.0 0.0 0.0 0.0 0.0 0.0 0.0 0.0 0.0 0.0 0.0 0.0 0.0 0.0 0.0 0.0 0.0 0.0 0.0 0.0 0.0 0.0 0.0 0.0 0.0 0.0 0.0 0.0 0.0 0.0 0.0 0.0 0.0 0.0 0.0 0.0 0.0 0.0 0.0
0.0 0.0 0.0 0.0 0.0 0.0 0.0 0.0 0.0 0.0 0.0 0.0 0.0 0.0 0.0 0.0 0.0 0.0 0.0 0.0 0.0 0.0 0.0 0.0 0.0 0.0 0.0 0.01528528053 0.01526376795 0.01526773787 0.71717349803 0.01525528465 0.01515783615 0.01528420691 0.01504389597 0.01526047921 0.01518170319 0.01499533551 0.01522546313 0.01521771446 0.01521933547 0.01528004635 0.01509865588 0.01511337502 0.01524054136 0.01512514826 0.01504671347 0.01530801434 0.01526573179 0.01524435298 0.01512326583 0.01521764721 0.01512247048 0.01528984696 0.01524784304 0.01522663119 0.01519365728 0.01524131602 0.01518174259 0.01526964231 0.0 0.0 0.0 0.0 0.0 0.0 0.0 0.0 0.0 0.0 0.0 0.0 0.0 0.0 0.0 0.0 0.0 0.0 0.0 0.0 0.0 0.0 0.0 0.0 0.0 0.0 0.0 0.0 0.0 0.0 0.0 0.0 0.0 0.0 0.0 0.0 0.0 0.0 0.0 0.0 0.0 0.0 0.0 0.0 0.0 0.0 0.0 0.0 0.0 0.0 0.0 0.0 0.0 0.0 0.0 0.0 0.0
0.0 0.0 0.0 0.0 0.0 0.0 0.0 0.0 0.0 0.0 0.0 0.0 0.0 0.0 0.0 0.0 0.0 0.0 0.0 0.0 0.0 0.0 0.0 0.0 0.0 0.0 0.0 0.01551726073 0.0152428857 0.01544025449 0.01525528465 0.560030757746 0.01554356846 0.01517956394 0.01672115597 0.01501882347 0.01624825462 0.01730581704 0.01549998228 0.01466235316 0.01471441148 0.01543929999 0.01406433503 0.01418997206 0.01508184592 0.01419333625 0.01368658737 0.01558043228 0.01536981053 0.01503106497 0.0167064297 0.01522833165 0.01665750249 0.01528870584 0.01575708517 0.01565544615 0.01462484 0.01530631499 0.01496796789 0.01588465191 0.0 0.0 0.0 0.0 0.0 0.0 0.0 0.0 0.0 0.0 0.0 0.0 0.0 0.0 0.0 0.0 0.0 0.0 0.0 0.0 0.0 0.0 0.0 0.0 0.0 0.0 0.0 0.0 0.0 0.0 0.0 0.0 0.0 0.0 0.0 0.0 0.0 0.0 0.0 0.0 0.0 0.0 0.0 0.0 0.0 0.0 0.0 0.0 0.0 0.0 0.0 0.0 0.0 0.0 0.0 0.0 0.0
0.0 0.0 0.0 0.0 0.0 0.0 0.0 0.0 0.0 0.0 0.0 0.0 0.0 0.0 0.0 0.0 0.0 0.0 0.0 0.0 0.0 0.0 0.0 0.0 0.0 0.0 0.0 0.01569379197 0.01549160781 0.01561631586 0.01515783615 0.01554356846 3.50411056361 0.01399955168 0.01714288617 0.01370780536 0.01544976122 0.0152067813 0.01552188527 0.01521506616 0.01519076646 0.01545714089 0.01480110733 0.01485674208 0.01551801902 0.01476882911 0.01442925434 0.01512368025 0.01549624057 0.01547122763 0.01470160122 0.01534158167 0.01494236405 0.016098263 0.01521761531 0.0154926003 0.01510820975 0.01639443706 0.01508203957 0.01519163707 0.0 0.0 0.0 0.0 0.0 0.0 0.0 0.0 0.0 0.0 0.0 0.0 0.0 0.0 0.0 0.0 0.0 0.0 0.0 0.0 0.0 0.0 0.0 0.0 0.0 0.0 0.0 0.0 0.0 0.0 0.0 0.0 0.0 0.0 0.0 0.0 0.0 0.0 0.0 0.0 0.0 0.0 0.0 0.0 0.0 0.0 0.0 0.0 0.0 0.0 0.0 0.0 0.0 0.0 0.0 0.0 0.0
0.0 0.0 0.0 0.0 0.0 0.0 0.0 0.0 0.0 0.0 0.0 0.0 0.0 0.0 0.0 0.0 0.0 0.0 0.0 0.0 0.0 0.0 0.0 0.0 0.0 0.0 0.0 0.01525728171 0.01527591774 0.01531260835 0.01528420691 0.01517956394 0.01399955168 0.658778323523 0.01485231617 0.01530425912 0.01504238502 0.01463502959 0.01519714315 0.01526629314 0.0152592326 0.01528636409 0.01519773893 0.0151747718 0.01524411557 0.0152002964 0.01512157794 0.01523155703 0.0152349381 0.01521564259 0.01486567916 0.01520898481 0.01489882532 0.01524979392 0.01514719401 0.01516053733 0.01523521854 0.01520039932 0.01517467179 0.01520544156 0.0 0.0 0.0 0.0 0.0 0.0 0.0 0.0 0.0 0.0 0.0 0.0 0.0 0.0 0.0 0.0 0.0 0.0 0.0 0.0 0.0 0.0 0.0 0.0 0.0 0.0 0.0 0.0 0.0 0.0 0.0 0.0 0.0 0.0 0.0 0.0 0.0 0.0 0.0 0.0 0.0 0.0 0.0 0.0 0.0 0.0 0.0 0.0 0.0 0.0 0.0 0.0 0.0 0.0 0.0 0.0 0.0
0.0 0.0 0.0 0.0 0.0 0.0 0.0 0.0 0.0 0.0 0.0 0.0 0.0 0.0 0.0 0.0 0.0 0.0 0.0 0.0 0.0 0.0 0.0 0.0 0.0 0.0 0.0 0.01545823856 0.01508249603 0.01533348222 0.01504389597 0.01672115597 0.01714288617 0.01485231617 28.3857511759 0.01458829227 0.01764622329 0.02068288193 0.01565971496 0.01405963035 0.01412436591 0.01533368192 0.0131931582 0.01352969312 0.01475836598 0.01342694347 0.01307672197 0.01558500833 0.0151700626 0.01463850797 0.01864491688 0.01515160195 0.01866370256 0.01489947437 0.01617301045 0.01595623428 0.01405254759 0.0152477218 0.01477020772 0.01643156224 0.0 0.0 0.0 0.0 0.0 0.0 0.0 0.0 0.0 0.0 0.0 0.0 0.0 0.0 0.0 0.0 0.0 0.0 0.0 0.0 0.0 0.0 0.0 0.0 0.0 0.0 0.0 0.0 0.0 0.0 0.0 0.0 0.0 0.0 0.0 0.0 0.0 0.0 0.0 0.0 0.0 0.0 0.0 0.0 0.0 0.0 0.0 0.0 0.0 0.0 0.0 0.0 0.0 0.0 0.0 0.0 0.0
0.0 0.0 0.0 0.0 0.0 0.0 0.0 0.0 0.0 0.0 0.0 0.0 0.0 0.0 0.0 0.0 0.0 0.0 0.0 0.0 0.0 0.0 0.0 0.0 0.0 0.0 0.0 0.01525672471 0.01525914387 0.01520424795 0.01526047921 0.01501882347 0.01370780536 0.01530425912 0.01458829227 0.680568604991 0.01486970746 0.01437216 0.0151844568 0.01540201196 0.01540674314 0.01519397889 0.0154271162 0.01539277171 0.01533864051 0.01540964579 0.01549088476 0.01523125715 0.01532295635 0.01542991753 0.01474504746 0.01526709627 0.01471142916 0.01542294318 0.01512073526 0.01517236479 0.01538301685 0.01524633263 0.01527906641 0.01497987902 0.0 0.0 0.0 0.0 0.0 0.0 0.0 0.0 0.0 0.0 0.0 0.0 0.0 0.0 0.0 0.0 0.0 0.0 0.0 0.0 0.0 0.0 0.0 0.0 0.0 0.0 0.0 0.0 0.0 0.0 0.0 0.0 0.0 0.0 0.0 0.0 0.0 0.0 0.0 0.0 0.0 0.0 0.0 0.0 0.0 0.0 0.0 0.0 0.0 0.0 0.0 0.0 0.0 0.0 0.0 0.0 0.0
0.0 0.0 0.0 0.0 0.0 0.0 0.0 0.0 0.0 0.0 0.0 0.0 0.0 0.0 0.0 0.0 0.0 0.0 0.0 0.0 0.0 0.0 0.0 0.0 0.0 0.0 0.0 0.01546364783 0.01514251046 0.01527404798 0.01518170319 0.01624825462 0.01544976122 0.01504238502 0.01764622329 0.01486970746 2.28506169334 0.01866885954 0.01549877873 0.01446502873 0.01451762069 0.01536213824 0.01378582403 0.01407031745 0.0149546403 0.01396932946 0.01336489291 0.01564348002 0.0152904429 0.01491941819 0.01759908805 0.01518955866 0.01749509611 0.01517684252 0.01596561431 0.01578088659 0.01443090918 0.01528014471 0.01495715219 0.0160749366 0.0 0.0 0.0 0.0 0.0 0.0 0.0 0.0 0.0 0.0 0.0 0.0 0.0 0.0 0.0 0.0 0.0 0.0 0.0 0.0 0.0 0.0 0.0 0.0 0.0 0.0 0.0 0.0 0.0 0.0 0.0 0.0 0.0 0.0 0.0 0.0 0.0 0.0 0.0 0.0 0.0 0.0 0.0 0.0 0.0 0.0 0.0 0.0 0.0 0.0 0.0 0.0 0.0 0.0 0.0 0.0 0.0
0.0 0.0 0.0 0.0 0.0 0.0 0.0 0.0 0.0 0.0 0.0 0.0 0.0 0.0 0.0 0.0 0.0 0.0 0.0 0.0 0.0 0.0 0.0 0.0 0.0 0.0 0.0 0.01563838725 0.01489034261 0.01508609406 0.01499533551 0.01730581704 0.0152067813 0.01463502959 0.02068288193 0.01437216 0.01866885954 0.661771029746 0.01570546979 0.0135445577 0.01367852631 0.0152550373 0.01230174324 0.01278377399 0.01453113179 0.01265837234 0.01164443267 0.01604705214 0.01529607725 0.01461660155 0.02124131305 0.01508603059 0.02072497504 0.015043647 0.01678473074 0.01640409634 0.01357271911 0.01531467961 0.01465380295 0.01696446771 0.0 0.0 0.0 0.0 0.0 0.0 0.0 0.0 0.0 0.0 0.0 0.0 0.0 0.0 0.0 0.0 0.0 0.0 0.0 0.0 0.0 0.0 0.0 0.0 0.0 0.0 0.0 0.0 0.0 0.0 0.0 0.0 0.0 0.0 0.0 0.0 0.0 0.0 0.0 0.0 0.0 0.0 0.0 0.0 0.0 0.0 0.0 0.0 0.0 0.0 0.0 0.0 0.0 0.0 0.0 0.0 0.0
0.0 0.0 0.0 0.0 0.0 0.0 0.0 0.0 0.0 0.0 0.0 0.0 0.0 0.0 0.0 0.0 0.0 0.0 0.0 0.0 0.0 0.0 0.0 0.0 0.0 0.0 0.0 0.01535488801 0.01524693261 0.01531720219 0.01522546313 0.01549998228 0.01552188527 0.01519714315 0.01565971496 0.0151844568 0.01549877873 0.01570546979 1.28725163232 0.01504996891 0.01507191678 0.01530673915 0.01480299157 0.01488666238 0.01524784127 0.01483681887 0.01461557722 0.01534437219 0.01535154923 0.01524144195 0.01563009214 0.01529280821 0.01560668389 0.01534046663 0.01540975344 0.01541279185 0.01501411814 0.01529036447 0.01514200412 0.01536340188 0.0 0.0 0.0 0.0 0.0 0.0 0.0 0.0 0.0 0.0 0.0 0.0 0.0 0.0 0.0 0.0 0.0 0.0 0.0 0.0 0.0 0.0 0.0 0.0 0.0 0.0 0.0 0.0 0.0 0.0 0.0 0.0 0.0 0.0 0.0 0.0 0.0 0.0 0.0 0.0 0.0 0.0 0.0 0.0 0.0 0.0 0.0 0.0 0.0 0.0 0.0 0.0 0.0 0.0 0.0 0.0 0.0
0.0 0.0 0.0 0.0 0.0 0.0 0.0 0.0 0.0 0.0 0.0 0.0 0.0 0.0 0.0 0.0 0.0 0.0 0.0 0.0 0.0 0.0 0.0 0.0 0.0 0.0 0.0 0.01508439538 0.01522887651 0.01510636971 0.01521771446 0.01466235316 0.01521506616 0.01526629314 0.01405963035 0.01540201196 0.01446502873 0.0135445577 0.01504996891 0.999288786511 0.01557151014 0.01510053953 0.01588668507 0.01581401633 0.01535290947 0.01581854417 0.0160734024 0.01503576721 0.01519719532 0.0154231033 0.01410643303 0.01522872654 0.01412568042 0.01530068024 0.01487676614 0.01495417301 0.01559562315 0.01518557944 0.0153599932 0.01472756778 0.0 0.0 0.0 0.0 0.0 0.0 0.0 0.0 0.0 0.0 0.0 0.0 0.0 0.0 0.0 0.0 0.0 0.0 0.0 0.0 0.0 0.0 0.0 0.0 0.0 0.0 0.0 0.0 0.0 0.0 0.0 0.0 0.0 0.0 0.0 0.0 0.0 0.0 0.0 0.0 0.0 0.0 0.0 0.0 0.0 0.0 0.0 0.0 0.0 0.0 0.0 0.0 0.0 0.0 0.0 0.0 0.0
0.0 0.0 0.0 0.0 0.0 0.0 0.0 0.0 0.0 0.0 0.0 0.0 0.0 0.0 0.0 0.0 0.0 0.0 0.0 0.0 0.0 0.0 0.0 0.0 0.0 0.0 0.0 0.01512011472 0.01522838215 0.01511539153 0.01521933547 0.01471441148 0.01519076646 0.0152592326 0.01412436591 0.01540674314 0.01451762069 0.01367852631 0.01507191678 0.01557151014 0.361019704097 0.01510928984 0.01583597492 0.01573898641 0.01536209664 0.01576699846 0.01603650315 0.01507475116 0.01523862819 0.01545113422 0.01420909541 0.01523469477 0.01420802091 0.01535606273 0.01491704145 0.01499232769 0.01557873697 0.01520701101 0.01535640932 0.01475092113 0.0 0.0 0.0 0.0 0.0 0.0 0.0 0.0 0.0 0.0 0.0 0.0 0.0 0.0 0.0 0.0 0.0 0.0 0.0 0.0 0.0 0.0 0.0 0.0 0.0 0.0 0.0 0.0 0.0 0.0 0.0 0.0 0.0 0.0 0.0 0.0 0.0 0.0 0.0 0.0 0.0 0.0 0.0 0.0 0.0 0.0 0.0 0.0 0.0 0.0 0.0 0.0 0.0 0.0 0.0 0.0 0.0
0.0 0.0 0.0 0.0 0.0 0.0 0.0 0.0 0.0 0.0 0.0 0.0 0.0 0.0 0.0 0.0 0.0 0.0 0.0 0.0 0.0 0.0 0.0 0.0 0.0 0.0 0.0 0.01533030353 0.01528164769 0.01537401458 0.01528004635 0.01543929999 0.01545714089 0.01528636409 0.01533368192 0.01519397889 0.01536213824 0.0152550373 0.01530673915 0.01510053953 0.01510928984 0.7550305875 0.01487829783 0.01489211431 0.01521693938 0.01491266016 0.01471580596 0.0153383512 0.01528599448 0.01516168797 0.01531725854 0.01522960101 0.01533912707 0.015267886 0.01532795519 0.01529914772 0.01506592843 0.01524570683 0.01512049825 0.01540729385 0.0 0.0 0.0 0.0 0.0 0.0 0.0 0.0 0.0 0.0 0.0 0.0 0.0 0.0 0.0 0.0 0.0 0.0 0.0 0.0 0.0 0.0 0.0 0.0 0.0 0.0 0.0 0.0 0.0 0.0 0.0 0.0 0.0 0.0 0.0 0.0 0.0 0.0 0.0 0.0 0.0 0.0 0.0 0.0 0.0 0.0 0.0 0.0 0.0 0.0 0.0 0.0 0.0 0.0 0.0 0.0 0.0
0.0 0.0 0.0 0.0 0.0 0.0 0.0 0.0 0.0 0.0 0.0 0.0 0.0 0.0 0.0 0.0 0.0 0.0 0.0 0.0 0.0 0.0 0.0 0.0 0.0 0.0 0.0 0.01478704231 0.01511936918 0.014904513 0.01509865588 0.01406433503 0.01480110733 0.01519773893 0.0131931582 0.0154271162 0.01378582403 0.01230174324 0.01480299157 0.01588668507 0.01583597492 0.01487829783 0.548414869672 0.01646983166 0.01534614362 0.01654093421 0.01721543785 0.01468236475 0.01499765098 0.01541867802 0.01314307836 0.01513819921 0.01320940903 0.01511829677 0.01444522297 0.0145977868 0.01597515883 0.01503480457 0.01550495417 0.01424191951 0.0 0.0 0.0 0.0 0.0 0.0 0.0 0.0 0.0 0.0 0.0 0.0 0.0 0.0 0.0 0.0 0.0 0.0 0.0 0.0 0.0 0.0 0.0 0.0 0.0 0.0 0.0 0.0 0.0 0.0 0.0 0.0 0.0 0.0 0.0 0.0 0.0 0.0 0.0 0.0 0.0 0.0 0.0 0.0 0.0 0.0 0.0 0.0 0.0 0.0 0.0 0.0 0.0 0.0 0.0 0.0 0.0
0.0 0.0 0.0 0.0 0.0 0.0 0.0 0.0 0.0 0.0 0.0 0.0 0.0 0.0 0.0 0.0 0.0 0.0 0.0 0.0 0.0 0.0 0.0 0.0 0.0 0.0 0.0 0.01481731898 0.01512926801 0.01483918213 0.01511337502 0.01418997206 0.01485674208 0.0151747718 0.01352969312 0.01539277171 0.01407031745 0.01278377399 0.01488666238 0.01581401633 0.01573898641 0.01489211431 0.01646983166 0.970804908583 0.01533777306 0.01635460182 0.0169039422 0.01477671391 0.01500167703 0.01541789756 0.01349461597 0.01520305621 0.01356783621 0.01508717799 0.01464232781 0.01472006904 0.01582382777 0.01508554239 0.01550942449 0.0143855461 0.0 0.0 0.0 0.0 0.0 0.0 0.0 0.0 0.0 0.0 0.0 0.0 0.0 0.0 0.0 0.0 0.0 0.0 0.0 0.0 0.0 0.0 0.0 0.0 0.0 0.0 0.0 0.0 0.0 0.0 0.0 0.0 0.0 0.0 0.0 0.0 0.0 0.0 0.0 0.0 0.0 0.0 0.0 0.0 0.0 0.0 0.0 0.0 0.0 0.0 0.0 0.0 0.0 0.0 0.0 0.0 0.0
0.0 0.0 0.0 0.0 0.0 0.0 0.0 0.0 0.0 0.0 0.0 0.0 0.0 0.0 0.0 0.0 0.0 0.0 0.0 0.0 0.0 0.0 0.0 0.0 0.0 0.0 0.0 0.0152702008 0.01526092814 0.01523518592 0.01524054136 0.01508184592 0.01551801902 0.01524411557 0.01475836598 0.01533864051 0.0149546403 0.01453113179 0.01524784127 0.01535290947 0.01536209664 0.01521693938 0.01534614362 0.01533777306 0.608137087727 0.01532598456 0.01539690763 0.01522119903 0.01534926606 0.01542064934 0.01483227135 0.01529607716 0.01481150483 0.01543030064 0.01515189107 0.0152134774 0.01533050953 0.01527878922 0.01526320385 0.01500922371 0.0 0.0 0.0 0.0 0.0 0.0 0.0 0.0 0.0 0.0 0.0 0.0 0.0 0.0 0.0 0.0 0.0 0.0 0.0 0.0 0.0 0.0 0.0 0.0 0.0 0.0 0.0 0.0 0.0 0.0 0.0 0.0 0.0 0.0 0.0 0.0 0.0 0.0 0.0 0.0 0.0 0.0 0.0 0.0 0.0 0.0 0.0 0.0 0.0 0.0 0.0 0.0 0.0 0.0 0.0 0.0 0.0
0.0 0.0 0.0 0.0 0.0 0.0 0.0 0.0 0.0 0.0 0.0 0.0 0.0 0.0 0.0 0.0 0.0 0.0 0.0 0.0 0.0 0.0 0.0 0.0 0.0 0.0 0.0 0.01483660613 0.01513130363 0.01490098698 0.01512514826 0.01419333625 0.01476882911 0.0152002964 0.01342694347 0.01540964579 0.01396932946 0.01265837234 0.01483681887 0.01581854417 0.01576699846 0.01491266016 0.01654093421 0.01635460182 0.01532598456 1.75784199186 0.01697414903 0.01478187196 0.01502170306 0.01541063023 0.0134122533 0.01514648959 0.01346329532 0.01513764664 0.0145619452 0.01467210927 0.01589343062 0.01506110038 0.0154856388 0.01437504062 0.0 0.0 0.0 0.0 0.0 0.0 0.0 0.0 0.0 0.0 0.0 0.0 0.0 0.0 0.0 0.0 0.0 0.0 0.0 0.0 0.0 0.0 0.0 0.0 0.0 0.0 0.0 0.0 0.0 0.0 0.0 0.0 0.0 0.0 0.0 0.0 0.0 0.0 0.0 0.0 0.0 0.0 0.0 0.0 0.0 0.0 0.0 0.0 0.0 0.0 0.0 0.0 0.0 0.0 0.0 0.0 0.0
0.0 0.0 0.0 0.0 0.0 0.0 0.0 0.0 0.0 0.0 0.0 0.0 0.0 0.0 0.0 0.0 0.0 0.0 0.0 0.0 0.0 0.0 0.0 0.0 0.0 0.0 0.0 0.01467774546 0.01505405579 0.01471721249 0.01504671347 0.01368658737 0.01442925434 0.01512157794 0.01307672197 0.01549088476 0.01336489291 0.01164443267 0.01461557722 0.0160734024 0.01603650315 0.01471580596 0.01721543785 0.0169039422 0.01539690763 0.01697414903 33.0284196342 0.01454841709 0.01491750456 0.01551992445 0.01267425363 0.01516597957 0.01271538393 0.01507619609 0.01415588078 0.01440304509 0.01618810124 0.01499171423 0.01564277131 0.01394055643 0.0 0.0 0.0 0.0 0.0 0.0 0.0 0.0 0.0 0.0 0.0 0.0 0.0 0.0 0.0 0.0 0.0 0.0 0.0 0.0 0.0 0.0 0.0 0.0 0.0 0.0 0.0 0.0 0.0 0.0 0.0 0.0 0.0 0.0 0.0 0.0 0.0 0.0 0.0 0.0 0.0 0.0 0.0 0.0 0.0 0.0 0.0 0.0 0.0 0.0 0.0 0.0 0.0 0.0 0.0 0.0 0.0
0.0 0.0 0.0 0.0 0.0 0.0 0.0 0.0 0.0 0.0 0.0 0.0 0.0 0.0 0.0 0.0 0.0 0.0 0.0 0.0 0.0 0.0 0.0 0.0 0.0 0.0 0.0 0.01541631825 0.01525468421 0.01520938762 0.01530801434 0.01558043228 0.01512368025 0.01523155703 0.01558500833 0.01523125715 0.01564348002 0.01604705214 0.01534437219 0.01503576721 0.01507475116 0.0153383512 0.01468236475 0.01477671391 0.01522119903 0.01478187196 0.01454841709 1.02586675779 0.01541465862 0.01531444039 0.01601184384 0.01525369539 0.01586975498 0.01547961867 0.01564143679 0.01547674302 0.01502107979 0.01535390596 0.01518576798 0.0155318022 0.0 0.0 0.0 0.0 0.0 0.0 0.0 0.0 0.0 0.0 0.0 0.0 0.0 0.0 0.0 0.0 0.0 0.0 0.0 0.0 0.0 0.0 0.0 0.0 0.0 0.0 0.0 0.0 0.0 0.0 0.0 0.0 0.0 0.0 0.0 0.0 0.0 0.0 0.0 0.0 0.0 0.0 0.0 0.0 0.0 0.0 0.0 0.0 0.0 0.0 0.0 0.0 0.0 0.0 0.0 0.0 0.0
0.0 0.0 0.0 0.0 0.0 0.0 0.0 0.0 0.0 0.0 0.0 0.0 0.0 0.0 0.0 0.0 0.0 0.0 0.0 0.0 0.0 0.0 0.0 0.0 0.0 0.0 0.0 0.0154048573 0.01527368612 0.0152798776 0.01526573179 0.01536981053 0.01549624057 0.0152349381 0.0151700626 0.01532295635 0.0152904429 0.01529607725 0.01535154923 0.01519719532 0.01523862819 0.01528599448 0.01499765098 0.01500167703 0.01534926606 0.01502170306 0.01491750456 0.01541465862 0.753772885933 0.01544495463 0.01543832763 0.01532203935 0.01533425361 0.01556679659 0.01538264327 0.01540185052 0.01518202306 0.01535684621 0.01522176415 0.01520088217 0.0 0.0 0.0 0.0 0.0 0.0 0.0 0.0 0.0 0.0 0.0 0.0 0.0 0.0 0.0 0.0 0.0 0.0 0.0 0.0 0.0 0.0 0.0 0.0 0.0 0.0 0.0 0.0 0.0 0.0 0.0 0.0 0.0 0.0 0.0 0.0 0.0 0.0 0.0 0.0 0.0 0.0 0.0 0.0 0.0 0.0 0.0 0.0 0.0 0.0 0.0 0.0 0.0 0.0 0.0 0.0 0.0
0.0 0.0 0.0 0.0 0.0 0.0 0.0 0.0 0.0 0.0 0.0 0.0 0.0 0.0 0.0 0.0 0.0 0.0 0.0 0.0 0.0 0.0 0.0 0.0 0.0 0.0 0.0 0.01531221207 0.01525432688 0.01512414566 0.01524435298 0.01503106497 0.01547122763 0.01521564259 0.01463850797 0.01542991753 0.01491941819 0.01461660155 0.01524144195 0.0154231033 0.01545113422 0.01516168797 0.01541867802 0.01541789756 0.01542064934 0.01541063023 0.01551992445 0.01531444039 0.01544495463 1.1829998951 0.01496298537 0.01533444032 0.01484940737 0.01561910195 0.01522275114 0.01527542404 0.01541316046 0.0153455071 0.01533937298 0.01492446449 0.0 0.0 0.0 0.0 0.0 0.0 0.0 0.0 0.0 0.0 0.0 0.0 0.0 0.0 0.0 0.0 0.0 0.0 0.0 0.0 0.0 0.0 0.0 0.0 0.0 0.0 0.0 0.0 0.0 0.0 0.0 0.0 0.0 0.0 0.0 0.0 0.0 0.0 0.0 0.0 0.0 0.0 0.0 0.0 0.0 0.0 0.0 0.0 0.0 0.0 0.0 0.0 0.0 0.0 0.0 0.0 0.0
0.0 0.0 0.0 0.0 0.0 0.0 0.0 0.0 0.0 0.0 0.0 0.0 0.0 0.0 0.0 0.0 0.0 0.0 0.0 0.0 0.0 0.0 0.0 0.0 0.0 0.0 0.0 0.01560320901 0.01504242907 0.01511251078 0.01512326583 0.0167064297 0.01470160122 0.01486567916 0.01864491688 0.01474504746 0.01759908805 0.02124131305 0.01563009214 0.01410643303 0.01420909541 0.01531725854 0.01314307836 0.01349461597 0.01483227135 0.0134122533 0.01267425363 0.01601184384 0.01543832763 0.01496298537 0.639843986196 0.01521017491 0.01917556591 0.0153222861 0.01650312281 0.01619643488 0.01411607377 0.01538518857 0.01491741573 0.01638512039 0.0 0.0 0.0 0.0 0.0 0.0 0.0 0.0 0.0 0.0 0.0 0.0 0.0 0.0 0.0 0.0 0.0 0.0 0.0 0.0 0.0 0.0 0.0 0.0 0.0 0.0 0.0 0.0 0.0 0.0 0.0 0.0 0.0 0.0 0.0 0.0 0.0 0.0 0.0 0.0 0.0 0.0 0.0 0.0 0.0 0.0 0.0 0.0 0.0 0.0 0.0 0.0 0.0 0.0 0.0 0.0 0.0
0.0 0.0 0.0 0.0 0.0 0.0 0.0 0.0 0.0 0.0 0.0 0.0 0.0 0.0 0.0 0.0 0.0 0.0 0.0 0.0 0.0 0.0 0.0 0.0 0.0 0.0 0.0 0.01527941139 0.0152413725 0.01523049536 0.01521764721 0.01522833165 0.01534158167 0.01520898481 0.01515160195 0.01526709627 0.01518955866 0.01508603059 0.01529280821 0.01522872654 0.01523469477 0.01522960101 0.01513819921 0.01520305621 0.01529607716 0.01514648959 0.01516597957 0.01525369539 0.01532203935 0.01533444032 0.01521017491 1.09818451953 0.01517766002 0.01535222831 0.01526356843 0.01529465258 0.01519423875 0.01527074105 0.01522355948 0.01514234922 0.0 0.0 0.0 0.0 0.0 0.0 0.0 0.0 0.0 0.0 0.0 0.0 0.0 0.0 0.0 0.0 0.0 0.0 0.0 0.0 0.0 0.0 0.0 0.0 0.0 0.0 0.0 0.0 0.0 0.0 0.0 0.0 0.0 0.0 0.0 0.0 0.0 0.0 0.0 0.0 0.0 0.0 0.0 0.0 0.0 0.0 0.0 0.0 0.0 0.0 0.0 0.0 0.0 0.0 0.0 0.0 0.0
