81 81
0.507205707122 0.005560480047 0.004613351747 0.004506595442 0.004793162522 0.004566316666 0.004196118568 0.005722251016 0.005015035996 0.004131699531 0.005501966052 0.004904009541 0.004102576042 0.004920782149 0.0 0.0 0.0 0.0 0.0 0.0 0.0 0.0 0.0 0.0 0.0 0.0 0.0 0.0 0.0 0.0 0.0 0.0 0.0 0.0 0.0 0.0 0.0 0.0 0.0 0.0 0.0 0.0 0.0 0.0 0.0 0.0 0.0 0.0 0.0 0.0 0.0 0.0 0.0 0.0 0.0 0.0 0.0 0.0 0.0 0.0 0.0 0.0 0.0 0.0 0.0 0.0 0.0 0.0 0.0 0.0 0.0 0.0 0.0 0.0 0.0 0.0 0.0 0.0 0.0 0.0 0.0
0.005560480047 0.420257081266 0.004617441106 0.004519532853 0.004759172637 0.004578003301 0.004271192157 0.005480921974 0.004948132351 0.004226102042 0.005307042328 0.004865089104 0.004176161406 0.004874393465 0.0 0.0 0.0 0.0 0.0 0.0 0.0 0.0 0.0 0.0 0.0 0.0 0.0 0.0 0.0 0.0 0.0 0.0 0.0 0.0 0.0 0.0 0.0 0.0 0.0 0.0 0.0 0.0 0.0 0.0 0.0 0.0 0.0 0.0 0.0 0.0 0.0 0.0 0.0 0.0 0.0 0.0 0.0 0.0 0.0 0.0 0.0 0.0 0.0 0.0 0.0 0.0 0.0 0.0 0.0 0.0 0.0 0.0 0.0 0.0 0.0 0.0 0.0 0.0 0.0 0.0 0.0
0.004613351747 0.004617441106 0.141278320476 0.004592279715 0.004610921162 0.004598188939 0.004569007457 0.004605513866 0.00460920093 0.004574288915 0.004608562445 0.004613472318 0.004545528492 0.004624477162 0.0 0.0 0.0 0.0 0.0 0.0 0.0 0.0 0.0 0.0 0.0 0.0 0.0 0.0 0.0 0.0 0.0 0.0 0.0 0.0 0.0 0.0 0.0 0.0 0.0 0.0 0.0 0.0 0.0 0.0 0.0 0.0 0.0 0.0 0.0 0.0 0.0 0.0 0.0 0.0 0.0 0.0 0.0 0.0 0.0 0.0 0.0 0.0 0.0 0.0 0.0 0.0 0.0 0.0 0.0 0.0 0.0 0.0 0.0 0.0 0.0 0.0 0.0 0.0 0.0 0.0 0.0
0.004506595442 0.004519532853 0.004592279715 0.200967963383 0.004579974399 0.004582662023 0.004583195963 0.004487231416 0.004540472904 0.004582177707 0.004533062383 0.004543177542 0.004648467874 0.00456501892 0.0 0.0 0.0 0.0 0.0 0.0 0.0 0.0 0.0 0.0 0.0 0.0 0.0 0.0 0.0 0.0 0.0 0.0 0.0 0.0 0.0 0.0 0.0 0.0 0.0 0.0 0.0 0.0 0.0 0.0 0.0 0.0 0.0 0.0 0.0 0.0 0.0 0.0 0.0 0.0 0.0 0.0 0.0 0.0 0.0 0.0 0.0 0.0 0.0 0.0 0.0 0.0 0.0 0.0 0.0 0.0 0.0 0.0 0.0 0.0 0.0 0.0 0.0 0.0 0.0 0.0 0.0
0.004793162522 0.004759172637 0.004610921162 0.004579974399 0.299223777394 0.004587145166 0.004478376942 0.00477773199 0.004690792922 0.004477466785 0.004748468599 0.004660082418 0.004470967184 0.004670624248 0.0 0.0 0.0 0.0 0.0 0.0 0.0 0.0 0.0 0.0 0.0 0.0 0.0 0.0 0.0 0.0 0.0 0.0 0.0 0.0 0.0 0.0 0.0 0.0 0.0 0.0 0.0 0.0 0.0 0.0 0.0 0.0 0.0 0.0 0.0 0.0 0.0 0.0 0.0 0.0 0.0 0.0 0.0 0.0 0.0 0.0 0.0 0.0 0.0 0.0 0.0 0.0 0.0 0.0 0.0 0.0 0.0 0.0 0.0 0.0 0.0 0.0 0.0 0.0 0.0 0.0 0.0
0.004566316666 0.004578003301 0.004598188939 0.004582662023 0.004587145166 0.248971211359 0.00458377837 0.004566482839 0.004584400446 0.004591801654 0.004573330533 0.004595990757 0.004547818882 0.004599359105 0.0 0.0 0.0 0.0 0.0 0.0 0.0 0.0 0.0 0.0 0.0 0.0 0.0 0.0 0.0 0.0 0.0 0.0 0.0 0.0 0.0 0.0 0.0 0.0 0.0 0.0 0.0 0.0 0.0 0.0 0.0 0.0 0.0 0.0 0.0 0.0 0.0 0.0 0.0 0.0 0.0 0.0 0.0 0.0 0.0 0.0 0.0 0.0 0.0 0.0 0.0 0.0 0.0 0.0 0.0 0.0 0.0 0.0 0.0 0.0 0.0 0.0 0.0 0.0 0.0 0.0 0.0
0.004196118568 0.004271192157 0.004569007457 0.004583195963 0.004478376942 0.00458377837 0.135865964607 0.004215735914 0.004401624739 0.004754362738 0.004275359149 0.004468432701 0.004685789387 0.004465632625 0.0 0.0 0.0 0.0 0.0 0.0 0.0 0.0 0.0 0.0 0.0 0.0 0.0 0.0 0.0 0.0 0.0 0.0 0.0 0.0 0.0 0.0 0.0 0.0 0.0 0.0 0.0 0.0 0.0 0.0 0.0 0.0 0.0 0.0 0.0 0.0 0.0 0.0 0.0 0.0 0.0 0.0 0.0 0.0 0.0 0.0 0.0 0.0 0.0 0.0 0.0 0.0 0.0 0.0 0.0 0.0 0.0 0.0 0.0 0.0 0.0 0.0 0.0 0.0 0.0 0.0 0.0
0.005722251016 0.005480921974 0.004605513866 0.004487231416 0.00477773199 0.004566482839 0.004215735914 1.18624944685 0.005004243129 0.004161193593 0.005406718917 0.004899653697 0.004094142749 0.004900641359 0.0 0.0 0.0 0.0 0.0 0.0 0.0 0.0 0.0 0.0 0.0 0.0 0.0 0.0 0.0 0.0 0.0 0.0 0.0 0.0 0.0 0.0 0.0 0.0 0.0 0.0 0.0 0.0 0.0 0.0 0.0 0.0 0.0 0.0 0.0 0.0 0.0 0.0 0.0 0.0 0.0 0.0 0.0 0.0 0.0 0.0 0.0 0.0 0.0 0.0 0.0 0.0 0.0 0.0 0.0 0.0 0.0 0.0 0.0 0.0 0.0 0.0 0.0 0.0 0.0 0.0 0.0
0.005015035996 0.004948132351 0.00460920093 0.004540472904 0.004690792922 0.004584400446 0.004401624739 0.005004243129 0.336308875723 0.004396796758 0.004925493991 0.004750551725 0.004329402658 0.004750180424 0.0 0.0 0.0 0.0 0.0 0.0 0.0 0.0 0.0 0.0 0.0 0.0 0.0 0.0 0.0 0.0 0.0 0.0 0.0 0.0 0.0 0.0 0.0 0.0 0.0 0.0 0.0 0.0 0.0 0.0 0.0 0.0 0.0 0.0 0.0 0.0 0.0 0.0 0.0 0.0 0.0 0.0 0.0 0.0 0.0 0.0 0.0 0.0 0.0 0.0 0.0 0.0 0.0 0.0 0.0 0.0 0.0 0.0 0.0 0.0 0.0 0.0 0.0 0.0 0.0 0.0 0.0
0.004131699531 0.004226102042 0.004574288915 0.004582177707 0.004477466785 0.004591801654 0.004754362738 0.004161193593 0.004396796758 0.175029162934 0.004241542897 0.004477623734 0.004674123348 0.00446630196 0.0 0.0 0.0 0.0 0.0 0.0 0.0 0.0 0.0 0.0 0.0 0.0 0.0 0.0 0.0 0.0 0.0 0.0 0.0 0.0 0.0 0.0 0.0 0.0 0.0 0.0 0.0 0.0 0.0 0.0 0.0 0.0 0.0 0.0 0.0 0.0 0.0 0.0 0.0 0.0 0.0 0.0 0.0 0.0 0.0 0.0 0.0 0.0 0.0 0.0 0.0 0.0 0.0 0.0 0.0 0.0 0.0 0.0 0.0 0.0 0.0 0.0 0.0 0.0 0.0 0.0 0.0
0.005501966052 0.005307042328 0.004608562445 0.004533062383 0.004748468599 0.004573330533 0.004275359149 0.005406718917 0.004925493991 0.004241542897 0.269943224584 0.004842913637 0.004223165968 0.004860201352 0.0 0.0 0.0 0.0 0.0 0.0 0.0 0.0 0.0 0.0 0.0 0.0 0.0 0.0 0.0 0.0 0.0 0.0 0.0 0.0 0.0 0.0 0.0 0.0 0.0 0.0 0.0 0.0 0.0 0.0 0.0 0.0 0.0 0.0 0.0 0.0 0.0 0.0 0.0 0.0 0.0 0.0 0.0 0.0 0.0 0.0 0.0 0.0 0.0 0.0 0.0 0.0 0.0 0.0 0.0 0.0 0.0 0.0 0.0 0.0 0.0 0.0 0.0 0.0 0.0 0.0 0.0
0.004904009541 0.004865089104 0.004613472318 0.004543177542 0.004660082418 0.004595990757 0.004468432701 0.004899653697 0.004750551725 0.004477623734 0.004842913637 0.310022580232 0.004352641078 0.004730328659 0.0 0.0 0.0 0.0 0.0 0.0 0.0 0.0 0.0 0.0 0.0 0.0 0.0 0.0 0.0 0.0 0.0 0.0 0.0 0.0 0.0 0.0 0.0 0.0 0.0 0.0 0.0 0.0 0.0 0.0 0.0 0.0 0.0 0.0 0.0 0.0 0.0 0.0 0.0 0.0 0.0 0.0 0.0 0.0 0.0 0.0 0.0 0.0 0.0 0.0 0.0 0.0 0.0 0.0 0.0 0.0 0.0 0.0 0.0 0.0 0.0 0.0 0.0 0.0 0.0 0.0 0.0
0.004102576042 0.004176161406 0.004545528492 0.004648467874 0.004470967184 0.004547818882 0.004685789387 0.004094142749 0.004329402658 0.004674123348 0.004223165968 0.004352641078 0.140736782366 0.004388490182 0.0 0.0 0.0 0.0 0.0 0.0 0.0 0.0 0.0 0.0 0.0 0.0 0.0 0.0 0.0 0.0 0.0 0.0 0.0 0.0 0.0 0.0 0.0 0.0 0.0 0.0 0.0 0.0 0.0 0.0 0.0 0.0 0.0 0.0 0.0 0.0 0.0 0.0 0.0 0.0 0.0 0.0 0.0 0.0 0.0 0.0 0.0 0.0 0.0 0.0 0.0 0.0 0.0 0.0 0.0 0.0 0.0 0.0 0.0 0.0 0.0 0.0 0.0 0.0 0.0 0.0 0.0
0.004920782149 0.004874393465 0.004624477162 0.00456501892 0.004670624248 0.004599359105 0.004465632625 0.004900641359 0.004750180424 0.00446630196 0.004860201352 0.004730328659 0.004388490182 0.109457801484 0.0 0.0 0.0 0.0 0.0 0.0 0.0 0.0 0.0 0.0 0.0 0.0 0.0 0.0 0.0 0.0 0.0 0.0 0.0 0.0 0.0 0.0 0.0 0.0 0.0 0.0 0.0 0.0 0.0 0.0 0.0 0.0 0.0 0.0 0.0 0.0 0.0 0.0 0.0 0.0 0.0 0.0 0.0 0.0 0.0 0.0 0.0 0.0 0.0 0.0 0.0 0.0 0.0 0.0 0.0 0.0 0.0 0.0 0.0 0.0 0.0 0.0 0.0 0.0 0.0 0.0 0.0
0.0 0.0 0.0 0.0 0.0 0.0 0.0 0.0 0.0 0.0 0.0 0.0 0.0 0.0 0.806744077936 0.004193968481 0.004091099006 0.003935643995 0.003932977213 0.003828010045 0.004110919508 0.004035222823 0.003831545645 0.003964707757 0.003777430814 0.003904423524 0.003932139026 0.003814624252 0.003668167304 0.003740423892 0.003902542687 0.003911283981 0.003746033435 0.003685091923 0.003964581448 0.004250366074 0.003864279505 0.003681552899 0.003693553686 0.004216996274 0.003859440911 0.004005333915 0.0 0.0 0.0 0.0 0.0 0.0 0.0 0.0 0.0 0.0 0.0 0.0 0.0 0.0 0.0 0.0 0.0 0.0 0.0 0.0 0.0 0.0 0.0 0.0 0.0 0.0 0.0 0.0 0.0 0.0 0.0 0.0 0.0 0.0 0.0 0.0 0.0 0.0 0.0
0.0 0.0 0.0 0.0 0.0 0.0 0.0 0.0 0.0 0.0 0.0 0.0 0.0 0.0 0.004193968481 0.365603948576 0.004706557003 0.004114880491 0.00405321197 0.003765504961 0.004635053131 0.004313884439 0.003732585593 0.004232554269 0.00365308069 0.003896409568 0.0040669583 0.003791672777 0.003410310566 0.003513418638 0.004029860523 0.00399493795 0.003600550014 0.003381436162 0.004216870481 0.005565917472 0.00393473348 0.003489832434 0.003477382095 0.005299928524 0.003878811823 0.004358491829 0.0 0.0 0.0 0.0 0.0 0.0 0.0 0.0 0.0 0.0 0.0 0.0 0.0 0.0 0.0 0.0 0.0 0.0 0.0 0.0 0.0 0.0 0.0 0.0 0.0 0.0 0.0 0.0 0.0 0.0 0.0 0.0 0.0 0.0 0.0 0.0 0.0 0.0 0.0
0.0 0.0 0.0 0.0 0.0 0.0 0.0 0.0 0.0 0.0 0.0 0.0 0.0 0.0 0.004091099006 0.004706557003 0.32301063478 0.00402498266 0.003989051499 0.003792232294 0.004368966617 0.004166009302 0.003775256827 0.004110291558 0.003707733016 0.003893866989 0.004002781607 0.003799263795 0.003526522458 0.003611933577 0.003972567526 0.003953491825 0.003667489544 0.00351516618 0.00410063331 0.004863290371 0.003903656039 0.003579313671 0.003572851982 0.004704546032 0.003867491598 0.004194259191 0.0 0.0 0.0 0.0 0.0 0.0 0.0 0.0 0.0 0.0 0.0 0.0 0.0 0.0 0.0 0.0 0.0 0.0 0.0 0.0 0.0 0.0 0.0 0.0 0.0 0.0 0.0 0.0 0.0 0.0 0.0 0.0 0.0 0.0 0.0 0.0 0.0 0.0 0.0
0.0 0.0 0.0 0.0 0.0 0.0 0.0 0.0 0.0 0.0 0.0 0.0 0.0 0.0 0.003935643995 0.004114880491 0.00402498266 0.311446252547 0.003894782598 0.003818212956 0.004030766791 0.003968386494 0.003810785826 0.003923460083 0.003771864317 0.003863087727 0.003895329919 0.00380619948 0.003683858767 0.003734946469 0.003868349007 0.003874258724 0.003749701598 0.003680843073 0.003919602435 0.004137197838 0.003850375117 0.003700344618 0.003688805694 0.004138205821 0.003832497167 0.003955485476 0.0 0.0 0.0 0.0 0.0 0.0 0.0 0.0 0.0 0.0 0.0 0.0 0.0 0.0 0.0 0.0 0.0 0.0 0.0 0.0 0.0 0.0 0.0 0.0 0.0 0.0 0.0 0.0 0.0 0.0 0.0 0.0 0.0 0.0 0.0 0.0 0.0 0.0 0.0
0.0 0.0 0.0 0.0 0.0 0.0 0.0 0.0 0.0 0.0 0.0 0.0 0.0 0.0 0.003932977213 0.00405321197 0.003989051499 0.003894782598 0.298193165009 0.003836614396 0.004003463261 0.003966218212 0.003841018282 0.003910900712 0.003799193678 0.003882682407 0.003899455109 0.00381641078 0.003716918039 0.003768216608 0.003874819282 0.003880172032 0.003770442134 0.003723001271 0.00391334519 0.004076101245 0.003842542031 0.003714015698 0.003710102769 0.004071784967 0.003845963019 0.003934139274 0.0 0.0 0.0 0.0 0.0 0.0 0.0 0.0 0.0 0.0 0.0 0.0 0.0 0.0 0.0 0.0 0.0 0.0 0.0 0.0 0.0 0.0 0.0 0.0 0.0 0.0 0.0 0.0 0.0 0.0 0.0 0.0 0.0 0.0 0.0 0.0 0.0 0.0 0.0
0.0 0.0 0.0 0.0 0.0 0.0 0.0 0.0 0.0 0.0 0.0 0.0 0.0 0.0 0.003828010045 0.003765504961 0.003792232294 0.003818212956 0.003836614396 0.274132712269 0.00381506587 0.00384150207 0.003830586238 0.00381231345 0.003812370016 0.003839107881 0.003828455294 0.003811221531 0.003776666638 0.003800534353 0.003807755299 0.003820453996 0.003798021463 0.003772450832 0.003811773912 0.003719931688 0.003813319843 0.003771160006 0.0037473827 0.003779750217 0.003809068679 0.003805803724 0.0 0.0 0.0 0.0 0.0 0.0 0.0 0.0 0.0 0.0 0.0 0.0 0.0 0.0 0.0 0.0 0.0 0.0 0.0 0.0 0.0 0.0 0.0 0.0 0.0 0.0 0.0 0.0 0.0 0.0 0.0 0.0 0.0 0.0 0.0 0.0 0.0 0.0 0.0
0.0 0.0 0.0 0.0 0.0 0.0 0.0 0.0 0.0 0.0 0.0 0.0 0.0 0.0 0.004110919508 0.004635053131 0.004368966617 0.004030766791 0.004003463261 0.00381506587 0.472966259998 0.004190750849 0.003807145509 0.004089812421 0.003733508218 0.003927776817 0.004006010471 0.003806181661 0.003564969704 0.003659721806 0.003969438435 0.003965573232 0.003687930083 0.003571517971 0.004086845635 0.004755315229 0.003900032352 0.003597004243 0.003610235474 0.00465397581 0.003881149196 0.004170211316 0.0 0.0 0.0 0.0 0.0 0.0 0.0 0.0 0.0 0.0 0.0 0.0 0.0 0.0 0.0 0.0 0.0 0.0 0.0 0.0 0.0 0.0 0.0 0.0 0.0 0.0 0.0 0.0 0.0 0.0 0.0 0.0 0.0 0.0 0.0 0.0 0.0 0.0 0.0
0.0 0.0 0.0 0.0 0.0 0.0 0.0 0.0 0.0 0.0 0.0 0.0 0.0 0.0 0.004035222823 0.004313884439 0.004166009302 0.003968386494 0.003966218212 0.00384150207 0.004190750849 0.300936439794 0.003842462884 0.003998404268 0.003780093633 0.003927356001 0.003960522957 0.003817529152 0.00365604419 0.00373412328 0.003927782957 0.003934317429 0.003739484468 0.003670006129 0.004001091395 0.004348588552 0.00387460481 0.003662786547 0.003674328818 0.004343923276 0.003874238001 0.004049489791 0.0 0.0 0.0 0.0 0.0 0.0 0.0 0.0 0.0 0.0 0.0 0.0 0.0 0.0 0.0 0.0 0.0 0.0 0.0 0.0 0.0 0.0 0.0 0.0 0.0 0.0 0.0 0.0 0.0 0.0 0.0 0.0 0.0 0.0 0.0 0.0 0.0 0.0 0.0
0.0 0.0 0.0 0.0 0.0 0.0 0.0 0.0 0.0 0.0 0.0 0.0 0.0 0.0 0.003831545645 0.003732585593 0.003775256827 0.003810785826 0.003841018282 0.003830586238 0.003807145509 0.003842462884 0.234038924893 0.003793850421 0.003826341848 0.003855889731 0.003826092221 0.003807557888 0.003806051023 0.003831216101 0.003815772846 0.003826002239 0.003809164401 0.003826585943 0.003805240084 0.00368813701 0.003790056962 0.003771187503 0.003780879907 0.003746779506 0.003821664987 0.003792222213 0.0 0.0 0.0 0.0 0.0 0.0 0.0 0.0 0.0 0.0 0.0 0.0 0.0 0.0 0.0 0.0 0.0 0.0 0.0 0.0 0.0 0.0 0.0 0.0 0.0 0.0 0.0 0.0 0.0 0.0 0.0 0.0 0.0 0.0 0.0 0.0 0.0 0.0 0.0
0.0 0.0 0.0 0.0 0.0 0.0 0.0 0.0 0.0 0.0 0.0 0.0 0.0 0.0 0.003964707757 0.004232554269 0.004110291558 0.003923460083 0.003910900712 0.00381231345 0.004089812421 0.003998404268 0.003793850421 0.229688856076 0.003750992402 0.003864186633 0.003922977288 0.003811235479 0.003629344697 0.003691699816 0.003895992995 0.003891827013 0.003726819531 0.003622317419 0.003965810896 0.004268614673 0.003876895952 0.003672364666 0.003654634394 0.004238321036 0.003836755269 0.004012456932 0.0 0.0 0.0 0.0 0.0 0.0 0.0 0.0 0.0 0.0 0.0 0.0 0.0 0.0 0.0 0.0 0.0 0.0 0.0 0.0 0.0 0.0 0.0 0.0 0.0 0.0 0.0 0.0 0.0 0.0 0.0 0.0 0.0 0.0 0.0 0.0 0.0 0.0 0.0
0.0 0.0 0.0 0.0 0.0 0.0 0.0 0.0 0.0 0.0 0.0 0.0 0.0 0.0 0.003777430814 0.00365308069 0.003707733016 0.003771864317 0.003799193678 0.003812370016 0.003733508218 0.003780093633 0.003826341848 0.003750992402 0.358000048902 0.003811498541 0.003784835574 0.003788766123 0.003818817799 0.003825098384 0.003775792598 0.003785472862 0.003804666273 0.003825654311 0.003760610922 0.003616852408 0.003765732527 0.003786455756 0.003781736987 0.003667598064 0.003793054346 0.00373812448 0.0 0.0 0.0 0.0 0.0 0.0 0.0 0.0 0.0 0.0 0.0 0.0 0.0 0.0 0.0 0.0 0.0 0.0 0.0 0.0 0.0 0.0 0.0 0.0 0.0 0.0 0.0 0.0 0.0 0.0 0.0 0.0 0.0 0.0 0.0 0.0 0.0 0.0 0.0
0.0 0.0 0.0 0.0 0.0 0.0 0.0 0.0 0.0 0.0 0.0 0.0 0.0 0.0 0.003904423524 0.003896409568 0.003893866989 0.003863087727 0.003882682407 0.003839107881 0.003927776817 0.003927356001 0.003855889731 0.003864186633 0.003811498541 0.111796479454 0.003873757572 0.003816573976 0.003754117184 0.003802232042 0.003855792936 0.003868086917 0.003788347068 0.003779605836 0.003869316039 0.003873986065 0.003827039948 0.003737284789 0.003752240572 0.003913334553 0.00384198324 0.003877265913 0.0 0.0 0.0 0.0 0.0 0.0 0.0 0.0 0.0 0.0 0.0 0.0 0.0 0.0 0.0 0.0 0.0 0.0 0.0 0.0 0.0 0.0 0.0 0.0 0.0 0.0 0.0 0.0 0.0 0.0 0.0 0.0 0.0 0.0 0.0 0.0 0.0 0.0 0.0
0.0 0.0 0.0 0.0 0.0 0.0 0.0 0.0 0.0 0.0 0.0 0.0 0.0 0.0 0.003932139026 0.0040669583 0.004002781607 0.003895329919 0.003899455109 0.003828455294 0.004006010471 0.003960522957 0.003826092221 0.003922977288 0.003784835574 0.003873757572 0.299432300235 0.003815898781 0.003694738772 0.003747310212 0.003875324682 0.003879122568 0.003760214123 0.003696365494 0.003920312241 0.004087408275 0.003853305989 0.003707104917 0.003698584962 0.004078742254 0.003840081881 0.003945352905 0.0 0.0 0.0 0.0 0.0 0.0 0.0 0.0 0.0 0.0 0.0 0.0 0.0 0.0 0.0 0.0 0.0 0.0 0.0 0.0 0.0 0.0 0.0 0.0 0.0 0.0 0.0 0.0 0.0 0.0 0.0 0.0 0.0 0.0 0.0 0.0 0.0 0.0 0.0
0.0 0.0 0.0 0.0 0.0 0.0 0.0 0.0 0.0 0.0 0.0 0.0 0.0 0.0 0.003814624252 0.003791672777 0.003799263795 0.00380619948 0.00381641078 0.003811221531 0.003806181661 0.003817529152 0.003807557888 0.003811235479 0.003788766123 0.003816573976 0.003815898781 0.162230112878 0.003751483063 0.003776420379 0.003801039598 0.003807674165 0.003783158439 0.003751980559 0.003804953457 0.003768021752 0.003811047512 0.00375979361 0.003744040084 0.003789286099 0.0037947613 0.003805765057 0.0 0.0 0.0 0.0 0.0 0.0 0.0 0.0 0.0 0.0 0.0 0.0 0.0 0.0 0.0 0.0 0.0 0.0 0.0 0.0 0.0 0.0 0.0 0.0 0.0 0.0 0.0 0.0 0.0 0.0 0.0 0.0 0.0 0.0 0.0 0.0 0.0 0.0 0.0
0.0 0.0 0.0 0.0 0.0 0.0 0.0 0.0 0.0 0.0 0.0 0.0 0.0 0.0 0.003668167304 0.003410310566 0.003526522458 0.003683858767 0.003716918039 0.003776666638 0.003564969704 0.00365604419 0.003806051023 0.003629344697 0.003818817799 0.003754117184 0.003694738772 0.003751483063 0.21986592375 0.003862264301 0.00370026381 0.003713451888 0.003816802054 0.003908815174 0.003648858413 0.003335505014 0.003693400232 0.003823016114 0.003838947675 0.003436364333 0.003753264623 0.003605590237 0.0 0.0 0.0 0.0 0.0 0.0 0.0 0.0 0.0 0.0 0.0 0.0 0.0 0.0 0.0 0.0 0.0 0.0 0.0 0.0 0.0 0.0 0.0 0.0 0.0 0.0 0.0 0.0 0.0 0.0 0.0 0.0 0.0 0.0 0.0 0.0 0.0 0.0 0.0
0.0 0.0 0.0 0.0 0.0 0.0 0.0 0.0 0.0 0.0 0.0 0.0 0.0 0.0 0.003740423892 0.003513418638 0.003611933577 0.003734946469 0.003768216608 0.003800534353 0.003659721806 0.00373412328 0.003831216101 0.003691699816 0.003825098384 0.003802232042 0.003747310212 0.003776420379 0.003862264301 0.225970238924 0.003745412265 0.003761657962 0.003816324576 0.003889826426 0.003708169057 0.003434602651 0.003733210652 0.00380648509 0.003829288231 0.003527473448 0.003783007346 0.003675050094 0.0 0.0 0.0 0.0 0.0 0.0 0.0 0.0 0.0 0.0 0.0 0.0 0.0 0.0 0.0 0.0 0.0 0.0 0.0 0.0 0.0 0.0 0.0 0.0 0.0 0.0 0.0 0.0 0.0 0.0 0.0 0.0 0.0 0.0 0.0 0.0 0.0 0.0 0.0
0.0 0.0 0.0 0.0 0.0 0.0 0.0 0.0 0.0 0.0 0.0 0.0 0.0 0.0 0.003902542687 0.004029860523 0.003972567526 0.003868349007 0.003874819282 0.003807755299 0.003969438435 0.003927782957 0.003815772846 0.003895992995 0.003775792598 0.003855792936 0.003875324682 0.003801039598 0.00370026381 0.003745412265 0.416498721774 0.00386101424 0.003756065573 0.003713276592 0.003896126072 0.004055861834 0.003827136217 0.003705550235 0.003713271405 0.004037528708 0.00382749037 0.003917745977 0.0 0.0 0.0 0.0 0.0 0.0 0.0 0.0 0.0 0.0 0.0 0.0 0.0 0.0 0.0 0.0 0.0 0.0 0.0 0.0 0.0 0.0 0.0 0.0 0.0 0.0 0.0 0.0 0.0 0.0 0.0 0.0 0.0 0.0 0.0 0.0 0.0 0.0 0.0
0.0 0.0 0.0 0.0 0.0 0.0 0.0 0.0 0.0 0.0 0.0 0.0 0.0 0.0 0.003911283981 0.00399493795 0.003953491825 0.003874258724 0.003880172032 0.003820453996 0.003965573232 0.003934317429 0.003826002239 0.003891827013 0.003785472862 0.003868086917 0.003879122568 0.003807674165 0.003713451888 0.003761657962 0.00386101424 0.162638096147 0.003764990857 0.00372615922 0.003891375238 0.003995974693 0.003835378704 0.00371747023 0.003721680591 0.004004791538 0.003833294318 0.003912150949 0.0 0.0 0.0 0.0 0.0 0.0 0.0 0.0 0.0 0.0 0.0 0.0 0.0 0.0 0.0 0.0 0.0 0.0 0.0 0.0 0.0 0.0 0.0 0.0 0.0 0.0 0.0 0.0 0.0 0.0 0.0 0.0 0.0 0.0 0.0 0.0 0.0 0.0 0.0
0.0 0.0 0.0 0.0 0.0 0.0 0.0 0.0 0.0 0.0 0.0 0.0 0.0 0.0 0.003746033435 0.003600550014 0.003667489544 0.003749701598 0.003770442134 0.003798021463 0.003687930083 0.003739484468 0.003809164401 0.003726819531 0.003804666273 0.003788347068 0.003760214123 0.003783158439 0.003816802054 0.003816324576 0.003756065573 0.003764990857 0.239210750919 0.003822133241 0.003732296981 0.003552666938 0.003756726839 0.003794151622 0.003789360285 0.003618411131 0.003776917198 0.003712891281 0.0 0.0 0.0 0.0 0.0 0.0 0.0 0.0 0.0 0.0 0.0 0.0 0.0 0.0 0.0 0.0 0.0 0.0 0.0 0.0 0.0 0.0 0.0 0.0 0.0 0.0 0.0 0.0 0.0 0.0 0.0 0.0 0.0 0.0 0.0 0.0 0.0 0.0 0.0
0.0 0.0 0.0 0.0 0.0 0.0 0.0 0.0 0.0 0.0 0.0 0.0 0.0 0.0 0.003685091923 0.003381436162 0.00351516618 0.003680843073 0.003723001271 0.003772450832 0.003571517971 0.003670006129 0.003826585943 0.003622317419 0.003825654311 0.003779605836 0.003696365494 0.003751980559 0.003908815174 0.003889826426 0.003713276592 0.00372615922 0.003822133241 0.276736159761 0.003647699394 0.003313509923 0.003683127394 0.003819041739 0.003885332242 0.00339248823 0.00376765308 0.003600645286 0.0 0.0 0.0 0.0 0.0 0.0 0.0 0.0 0.0 0.0 0.0 0.0 0.0 0.0 0.0 0.0 0.0 0.0 0.0 0.0 0.0 0.0 0.0 0.0 0.0 0.0 0.0 0.0 0.0 0.0 0.0 0.0 0.0 0.0 0.0 0.0 0.0 0.0 0.0
0.0 0.0 0.0 0.0 0.0 0.0 0.0 0.0 0.0 0.0 0.0 0.0 0.0 0.0 0.003964581448 0.004216870481 0.00410063331 0.003919602435 0.00391334519 0.003811773912 0.004086845635 0.004001091395 0.003805240084 0.003965810896 0.003760610922 0.003869316039 0.003920312241 0.003804953457 0.003648858413 0.003708169057 0.003896126072 0.003891375238 0.003732296981 0.003647699394 0.355522415749 0.004276432102 0.003859728281 0.003673868865 0.003665945538 0.004215595871 0.003841006387 0.00400262714 0.0 0.0 0.0 0.0 0.0 0.0 0.0 0.0 0.0 0.0 0.0 0.0 0.0 0.0 0.0 0.0 0.0 0.0 0.0 0.0 0.0 0.0 0.0 0.0 0.0 0.0 0.0 0.0 0.0 0.0 0.0 0.0 0.0 0.0 0.0 0.0 0.0 0.0 0.0
0.0 0.0 0.0 0.0 0.0 0.0 0.0 0.0 0.0 0.0 0.0 0.0 0.0 0.0 0.004250366074 0.005565917472 0.004863290371 0.004137197838 0.004076101245 0.003719931688 0.004755315229 0.004348588552 0.00368813701 0.004268614673 0.003616852408 0.003873986065 0.004087408275 0.003768021752 0.003335505014 0.003434602651 0.004055861834 0.003995974693 0.003552666938 0.003313509923 0.004276432102 12.246270336 0.00391459115 0.003432447116 0.003430547943 0.0056557625 0.003862790773 0.004432283341 0.0 0.0 0.0 0.0 0.0 0.0 0.0 0.0 0.0 0.0 0.0 0.0 0.0 0.0 0.0 0.0 0.0 0.0 0.0 0.0 0.0 0.0 0.0 0.0 0.0 0.0 0.0 0.0 0.0 0.0 0.0 0.0 0.0 0.0 0.0 0.0 0.0 0.0 0.0
0.0 0.0 0.0 0.0 0.0 0.0 0.0 0.0 0.0 0.0 0.0 0.0 0.0 0.0 0.003864279505 0.00393473348 0.003903656039 0.003850375117 0.003842542031 0.003813319843 0.003900032352 0.00387460481 0.003790056962 0.003876895952 0.003765732527 0.003827039948 0.003853305989 0.003811047512 0.003693400232 0.003733210652 0.003827136217 0.003835378704 0.003756726839 0.003683127394 0.003859728281 0.00391459115 0.513716193002 0.0037310538 0.003700786671 0.003940106426 0.003801751846 0.003881772793 0.0 0.0 0.0 0.0 0.0 0.0 0.0 0.0 0.0 0.0 0.0 0.0 0.0 0.0 0.0 0.0 0.0 0.0 0.0 0.0 0.0 0.0 0.0 0.0 0.0 0.0 0.0 0.0 0.0 0.0 0.0 0.0 0.0 0.0 0.0 0.0 0.0 0.0 0.0
0.0 0.0 0.0 0.0 0.0 0.0 0.0 0.0 0.0 0.0 0.0 0.0 0.0 0.0 0.003681552899 0.003489832434 0.003579313671 0.003700344618 0.003714015698 0.003771160006 0.003597004243 0.003662786547 0.003771187503 0.003672364666 0.003786455756 0.003737284789 0.003707104917 0.00375979361 0.003823016114 0.00380648509 0.003705550235 0.00371747023 0.003794151622 0.003819041739 0.003673868865 0.003432447116 0.0037310538 0.20984993027 0.00379383158 0.003504134111 0.003739021684 0.003646797559 0.0 0.0 0.0 0.0 0.0 0.0 0.0 0.0 0.0 0.0 0.0 0.0 0.0 0.0 0.0 0.0 0.0 0.0 0.0 0.0 0.0 0.0 0.0 0.0 0.0 0.0 0.0 0.0 0.0 0.0 0.0 0.0 0.0 0.0 0.0 0.0 0.0 0.0 0.0
0.0 0.0 0.0 0.0 0.0 0.0 0.0 0.0 0.0 0.0 0.0 0.0 0.0 0.0 0.003693553686 0.003477382095 0.003572851982 0.003688805694 0.003710102769 0.0037473827 0.003610235474 0.003674328818 0.003780879907 0.003654634394 0.003781736987 0.003752240572 0.003698584962 0.003744040084 0.003838947675 0.003829288231 0.003713271405 0.003721680591 0.003789360285 0.003885332242 0.003665945538 0.003430547943 0.003700786671 0.00379383158 0.257533705032 0.003477475432 0.003747164856 0.003638915304 0.0 0.0 0.0 0.0 0.0 0.0 0.0 0.0 0.0 0.0 0.0 0.0 0.0 0.0 0.0 0.0 0.0 0.0 0.0 0.0 0.0 0.0 0.0 0.0 0.0 0.0 0.0 0.0 0.0 0.0 0.0 0.0 0.0 0.0 0.0 0.0 0.0 0.0 0.0
0.0 0.0 0.0 0.0 0.0 0.0 0.0 0.0 0.0 0.0 0.0 0.0 0.0 0.0 0.004216996274 0.005299928524 0.004704546032 0.004138205821 0.004071784967 0.003779750217 0.00465397581 0.004343923276 0.003746779506 0.004238321036 0.003667598064 0.003913334553 0.004078742254 0.003789286099 0.003436364333 0.003527473448 0.004037528708 0.004004791538 0.003618411131 0.00339248823 0.004215595871 0.0056557625 0.003940106426 0.003504134111 0.003477475432 6.9207280269 0.003883257689 0.004361117985 0.0 0.0 0.0 0.0 0.0 0.0 0.0 0.0 0.0 0.0 0.0 0.0 0.0 0.0 0.0 0.0 0.0 0.0 0.0 0.0 0.0 0.0 0.0 0.0 0.0 0.0 0.0 0.0 0.0 0.0 0.0 0.0 0.0 0.0 0.0 0.0 0.0 0.0 0.0
0.0 0.0 0.0 0.0 0.0 0.0 0.0 0.0 0.0 0.0 0.0 0.0 0.0 0.0 0.003859440911 0.003878811823 0.003867491598 0.003832497167 0.003845963019 0.003809068679 0.003881149196 0.003874238001 0.003821664987 0.003836755269 0.003793054346 0.00384198324 0.003840081881 0.0037947613 0.003753264623 0.003783007346 0.00382749037 0.003833294318 0.003776917198 0.00376765308 0.003841006387 0.003862790773 0.003801751846 0.003739021684 0.003747164856 0.003883257689 0.402591265339 0.003848400124 0.0 0.0 0.0 0.0 0.0 0.0 0.0 0.0 0.0 0.0 0.0 0.0 0.0 0.0 0.0 0.0 0.0 0.0 0.0 0.0 0.0 0.0 0.0 0.0 0.0 0.0 0.0 0.0 0.0 0.0 0.0 0.0 0.0 0.0 0.0 0.0 0.0 0.0 0.0
0.0 0.0 0.0 0.0 0.0 0.0 0.0 0.0 0.0 0.0 0.0 0.0 0.0 0.0 0.004005333915 0.004358491829 0.004194259191 0.003955485476 0.003934139274 0.003805803724 0.004170211316 0.004049489791 0.003792222213 0.004012456932 0.00373812448 0.003877265913 0.003945352905 0.003805765057 0.003605590237 0.003675050094 0.003917745977 0.003912150949 0.003712891281 0.003600645286 0.00400262714 0.004432283341 0.003881772793 0.003646797559 0.003638915304 0.004361117985 0.003848400124 0.332705964216 0.0 0.0 0.0 0.0 0.0 0.0 0.0 0.0 0.0 0.0 0.0 0.0 0.0 0.0 0.0 0.0 0.0 0.0 0.0 0.0 0.0 0.0 0.0 0.0 0.0 0.0 0.0 0.0 0.0 0.0 0.0 0.0 0.0 0.0 0.0 0.0 0.0 0.0 0.0
0.0 0.0 0.0 0.0 0.0 0.0 0.0 0.0 0.0 0.0 0.0 0.0 0.0 0.0 0.0 0.0 0.0 0.0 0.0 0.0 0.0 0.0 0.0 0.0 0.0 0.0 0.0 0.0 0.0 0.0 0.0 0.0 0.0 0.0 0.0 0.0 0.0 0.0 0.0 0.0 0.0 0.0 0.35871095188 0.003325905194 0.002971739274 0.002732054168 0.003252273237 0.003341361673 0.002688192098 0.003015134492 0.002853258031 0.002929384333 0.002531540507 0.002865273856 0.003046959419 0.002873251304 0.002389813848 0.002624708257 0.0035609818 0.003088505389 0.0029450792 0.002816325437 0.002629108618 0.003148552383 0.002887875056 0.002360389852 0.002684188722 0.002663495775 0.003093468668 0.0 0.0 0.0 0.0 0.0 0.0 0.0 0.0 0.0 0.0 0.0 0.0
0.0 0.0 0.0 0.0 0.0 0.0 0.0 0.0 0.0 0.0 0.0 0.0 0.0 0.0 0.0 0.0 0.0 0.0 0.0 0.0 0.0 0.0 0.0 0.0 0.0 0.0 0.0 0.0 0.0 0.0 0.0 0.0 0.0 0.0 0.0 0.0 0.0 0.0 0.0 0.0 0.0 0.0 0.003325905194 0.211031501022 0.002896606657 0.002735598916 0.003069225455 0.003128495958 0.002701431427 0.002921157843 0.002819164072 0.002869867297 0.002583143535 0.00282984246 0.002952657713 0.002834190032 0.002477406949 0.002657494692 0.003253568254 0.002982168063 0.002881856236 0.002789834465 0.002663380192 0.003018408794 0.002836736845 0.002448435024 0.002693205726 0.002693930866 0.002983456707 0.0 0.0 0.0 0.0 0.0 0.0 0.0 0.0 0.0 0.0 0.0 0.0
0.0 0.0 0.0 0.0 0.0 0.0 0.0 0.0 0.0 0.0 0.0 0.0 0.0 0.0 0.0 0.0 0.0 0.0 0.0 0.0 0.0 0.0 0.0 0.0 0.0 0.0 0.0 0.0 0.0 0.0 0.0 0.0 0.0 0.0 0.0 0.0 0.0 0.0 0.0 0.0 0.0 0.0 0.002971739274 0.002896606657 0.213314017405 0.002730060253 0.002876924334 0.002898225237 0.0027151288 0.002826127681 0.002759134261 0.002792033944 0.002643583488 0.002773779736 0.002829668757 0.002776024074 0.002574773541 0.002687897392 0.002920960286 0.00283869388 0.002795423785 0.002748900596 0.00268494387 0.00285100653 0.002778086723 0.002559927277 0.002699138833 0.002704956352 0.002845896713 0.0 0.0 0.0 0.0 0.0 0.0 0.0 0.0 0.0 0.0 0.0 0.0
0.0 0.0 0.0 0.0 0.0 0.0 0.0 0.0 0.0 0.0 0.0 0.0 0.0 0.0 0.0 0.0 0.0 0.0 0.0 0.0 0.0 0.0 0.0 0.0 0.0 0.0 0.0 0.0 0.0 0.0 0.0 0.0 0.0 0.0 0.0 0.0 0.0 0.0 0.0 0.0 0.0 0.0 0.002732054168 0.002735598916 0.002730060253 0.167805828318 0.00275143635 0.002727634205 0.002713844658 0.002732198483 0.002719591974 0.002723909573 0.002679698658 0.002730554059 0.002732008071 0.002725016528 0.002653704628 0.002707225198 0.002716982967 0.002737339801 0.00272823054 0.002713768751 0.002709053926 0.002733521893 0.002722996463 0.002634348105 0.002695136735 0.00272802883 0.002734839234 0.0 0.0 0.0 0.0 0.0 0.0 0.0 0.0 0.0 0.0 0.0 0.0
0.0 0.0 0.0 0.0 0.0 0.0 0.0 0.0 0.0 0.0 0.0 0.0 0.0 0.0 0.0 0.0 0.0 0.0 0.0 0.0 0.0 0.0 0.0 0.0 0.0 0.0 0.0 0.0 0.0 0.0 0.0 0.0 0.0 0.0 0.0 0.0 0.0 0.0 0.0 0.0 0.0 0.0 0.003252273237 0.003069225455 0.002876924334 0.00275143635 0.322618440049 0.00310138085 0.002711094268 0.002935193313 0.002807588285 0.002833504128 0.002606976107 0.002841065838 0.002913877652 0.002817387639 0.002535068356 0.002693190533 0.003162042474 0.002974760016 0.002874391148 0.002786765763 0.002738384208 0.002993626453 0.002812422338 0.002478548458 0.002710622479 0.002766822128 0.002934541398 0.0 0.0 0.0 0.0 0.0 0.0 0.0 0.0 0.0 0.0 0.0 0.0
0.0 0.0 0.0 0.0 0.0 0.0 0.0 0.0 0.0 0.0 0.0 0.0 0.0 0.0 0.0 0.0 0.0 0.0 0.0 0.0 0.0 0.0 0.0 0.0 0.0 0.0 0.0 0.0 0.0 0.0 0.0 0.0 0.0 0.0 0.0 0.0 0.0 0.0 0.0 0.0 0.0 0.0 0.003341361673 0.003128495958 0.002898225237 0.002727634205 0.00310138085 1.71346633182 0.002693056285 0.002951278561 0.002811307381 0.002857526986 0.002576607053 0.002827186866 0.002947607331 0.002824045722 0.002477305809 0.002653539776 0.003256485474 0.002986079034 0.002881263034 0.002786247406 0.002673731916 0.003018782876 0.002827448783 0.002438796322 0.00269672499 0.002690964559 0.002978344221 0.0 0.0 0.0 0.0 0.0 0.0 0.0 0.0 0.0 0.0 0.0 0.0
0.0 0.0 0.0 0.0 0.0 0.0 0.0 0.0 0.0 0.0 0.0 0.0 0.0 0.0 0.0 0.0 0.0 0.0 0.0 0.0 0.0 0.0 0.0 0.0 0.0 0.0 0.0 0.0 0.0 0.0 0.0 0.0 0.0 0.0 0.0 0.0 0.0 0.0 0.0 0.0 0.0 0.0 0.002688192098 0.002701431427 0.0027151288 0.002713844658 0.002711094268 0.002693056285 0.167011678665 0.002711239052 0.002701390446 0.002712205338 0.002686746498 0.002711128102 0.002710507494 0.002711788295 0.002660153889 0.00270034653 0.002671773305 0.002706465965 0.002707639059 0.002700034995 0.002691604765 0.002703905265 0.00271219572 0.002656182568 0.002687376127 0.002708637814 0.002712440699 0.0 0.0 0.0 0.0 0.0 0.0 0.0 0.0 0.0 0.0 0.0 0.0
0.0 0.0 0.0 0.0 0.0 0.0 0.0 0.0 0.0 0.0 0.0 0.0 0.0 0.0 0.0 0.0 0.0 0.0 0.0 0.0 0.0 0.0 0.0 0.0 0.0 0.0 0.0 0.0 0.0 0.0 0.0 0.0 0.0 0.0 0.0 0.0 0.0 0.0 0.0 0.0 0.0 0.0 0.003015134492 0.002921157843 0.002826127681 0.002732198483 0.002935193313 0.002951278561 0.002711239052 0.185146393601 0.002766329752 0.002793507697 0.002635283868 0.002789378974 0.002842923008 0.002780876891 0.002570147442 0.002690097898 0.002952589913 0.002866318536 0.002810888031 0.00275645298 0.002709191066 0.002873694579 0.002779943932 0.002538985283 0.002706573671 0.002720900683 0.002859848492 0.0 0.0 0.0 0.0 0.0 0.0 0.0 0.0 0.0 0.0 0.0 0.0
0.0 0.0 0.0 0.0 0.0 0.0 0.0 0.0 0.0 0.0 0.0 0.0 0.0 0.0 0.0 0.0 0.0 0.0 0.0 0.0 0.0 0.0 0.0 0.0 0.0 0.0 0.0 0.0 0.0 0.0 0.0 0.0 0.0 0.0 0.0 0.0 0.0 0.0 0.0 0.0 0.0 0.0 0.002853258031 0.002819164072 0.002759134261 0.002719591974 0.002807588285 0.002811307381 0.002701390446 0.002766329752 0.189693890406 0.002751677892 0.002650945933 0.002749621498 0.00277886909 0.00274629132 0.002610906361 0.002692046814 0.002842318793 0.00278992085 0.00276015135 0.00273006093 0.002697364825 0.002792865027 0.002744071223 0.002582208722 0.002693256391 0.00271735776 0.002786254258 0.0 0.0 0.0 0.0 0.0 0.0 0.0 0.0 0.0 0.0 0.0 0.0
0.0 0.0 0.0 0.0 0.0 0.0 0.0 0.0 0.0 0.0 0.0 0.0 0.0 0.0 0.0 0.0 0.0 0.0 0.0 0.0 0.0 0.0 0.0 0.0 0.0 0.0 0.0 0.0 0.0 0.0 0.0 0.0 0.0 0.0 0.0 0.0 0.0 0.0 0.0 0.0 0.0 0.0 0.002929384333 0.002869867297 0.002792033944 0.002723909573 0.002833504128 0.002857526986 0.002712205338 0.002793507697 0.002751677892 0.198430160343 0.002647717006 0.002759883452 0.002812745871 0.002766169625 0.002579374312 0.002683334961 0.002894094885 0.002814705833 0.002779298058 0.002739962803 0.002671162419 0.00282791058 0.002769916907 0.002572796781 0.002692326801 0.002693886127 0.0028264706 0.0 0.0 0.0 0.0 0.0 0.0 0.0 0.0 0.0 0.0 0.0 0.0
0.0 0.0 0.0 0.0 0.0 0.0 0.0 0.0 0.0 0.0 0.0 0.0 0.0 0.0 0.0 0.0 0.0 0.0 0.0 0.0 0.0 0.0 0.0 0.0 0.0 0.0 0.0 0.0 0.0 0.0 0.0 0.0 0.0 0.0 0.0 0.0 0.0 0.0 0.0 0.0 0.0 0.0 0.002531540507 0.002583143535 0.002643583488 0.002679698658 0.002606976107 0.002576607053 0.002686746498 0.002635283868 0.002650945933 0.002647717006 0.114730195763 0.002656836419 0.00262747713 0.002654191669 0.00270287762 0.00268872172 0.002534215363 0.002619250088 0.002642293152 0.002657993366 0.002681519442 0.002610490229 0.002654798656 0.002709132011 0.002670506779 0.002685958837 0.002621705496 0.0 0.0 0.0 0.0 0.0 0.0 0.0 0.0 0.0 0.0 0.0 0.0
0.0 0.0 0.0 0.0 0.0 0.0 0.0 0.0 0.0 0.0 0.0 0.0 0.0 0.0 0.0 0.0 0.0 0.0 0.0 0.0 0.0 0.0 0.0 0.0 0.0 0.0 0.0 0.0 0.0 0.0 0.0 0.0 0.0 0.0 0.0 0.0 0.0 0.0 0.0 0.0 0.0 0.0 0.002865273856 0.00282984246 0.002773779736 0.002730554059 0.002841065838 0.002827186866 0.002711128102 0.002789378974 0.002749621498 0.002759883452 0.002656836419 0.262218460584 0.002788884662 0.002755434346 0.002615309634 0.002702304529 0.002840086381 0.002806688158 0.002772586968 0.002738079109 0.002717577703 0.002807259804 0.002751075504 0.002583293416 0.002701606847 0.002736029224 0.0027975271 0.0 0.0 0.0 0.0 0.0 0.0 0.0 0.0 0.0 0.0 0.0 0.0
0.0 0.0 0.0 0.0 0.0 0.0 0.0 0.0 0.0 0.0 0.0 0.0 0.0 0.0 0.0 0.0 0.0 0.0 0.0 0.0 0.0 0.0 0.0 0.0 0.0 0.0 0.0 0.0 0.0 0.0 0.0 0.0 0.0 0.0 0.0 0.0 0.0 0.0 0.0 0.0 0.0 0.0 0.003046959419 0.002952657713 0.002829668757 0.002732008071 0.002913877652 0.002947607331 0.002710507494 0.002842923008 0.00277886909 0.002812745871 0.00262747713 0.002788884662 0.243560482105 0.00279206985 0.002549357394 0.002680396874 0.003003213233 0.002874906324 0.002817583404 0.002761053972 0.00267920872 0.002892025739 0.002793222344 0.002528763402 0.002697471187 0.002703665364 0.002880190731 0.0 0.0 0.0 0.0 0.0 0.0 0.0 0.0 0.0 0.0 0.0 0.0
0.0 0.0 0.0 0.0 0.0 0.0 0.0 0.0 0.0 0.0 0.0 0.0 0.0 0.0 0.0 0.0 0.0 0.0 0.0 0.0 0.0 0.0 0.0 0.0 0.0 0.0 0.0 0.0 0.0 0.0 0.0 0.0 0.0 0.0 0.0 0.0 0.0 0.0 0.0 0.0 0.0 0.0 0.002873251304 0.002834190032 0.002776024074 0.002725016528 0.002817387639 0.002824045722 0.002711788295 0.002780876891 0.00274629132 0.002766169625 0.002654191669 0.002755434346 0.00279206985 0.307584722389 0.002602049475 0.002692335569 0.00284882869 0.002798361711 0.002768211297 0.002734623267 0.002690406178 0.002804487069 0.002756664962 0.002584969336 0.002694726157 0.002711723039 0.002801956252 0.0 0.0 0.0 0.0 0.0 0.0 0.0 0.0 0.0 0.0 0.0 0.0
0.0 0.0 0.0 0.0 0.0 0.0 0.0 0.0 0.0 0.0 0.0 0.0 0.0 0.0 0.0 0.0 0.0 0.0 0.0 0.0 0.0 0.0 0.0 0.0 0.0 0.0 0.0 0.0 0.0 0.0 0.0 0.0 0.0 0.0 0.0 0.0 0.0 0.0 0.0 0.0 0.0 0.0 0.002389813848 0.002477406949 0.002574773541 0.002653704628 0.002535068356 0.002477305809 0.002660153889 0.002570147442 0.002610906361 0.002579374312 0.00270287762 0.002615309634 0.002549357394 0.002602049475 0.132587787573 0.002687463087 0.00241462964 0.002549796399 0.002586601965 0.002618877261 0.002703558305 0.002530101762 0.00259437741 0.002744628953 0.002658896945 0.002697039106 0.002536282145 0.0 0.0 0.0 0.0 0.0 0.0 0.0 0.0 0.0 0.0 0.0 0.0
0.0 0.0 0.0 0.0 0.0 0.0 0.0 0.0 0.0 0.0 0.0 0.0 0.0 0.0 0.0 0.0 0.0 0.0 0.0 0.0 0.0 0.0 0.0 0.0 0.0 0.0 0.0 0.0 0.0 0.0 0.0 0.0 0.0 0.0 0.0 0.0 0.0 0.0 0.0 0.0 0.0 0.0 0.002624708257 0.002657494692 0.002687897392 0.002707225198 0.002693190533 0.002653539776 0.00270034653 0.002690097898 0.002692046814 0.002683334961 0.00268872172 0.002702304529 0.002680396874 0.002692335569 0.002687463087 0.142259329297 0.002619737424 0.0026854711 0.002690918837 0.002692182987 0.002715170954 0.002674827798 0.002689319541 0.002665176441 0.002691410837 0.002726712309 0.002677972625 0.0 0.0 0.0 0.0 0.0 0.0 0.0 0.0 0.0 0.0 0.0 0.0
0.0 0.0 0.0 0.0 0.0 0.0 0.0 0.0 0.0 0.0 0.0 0.0 0.0 0.0 0.0 0.0 0.0 0.0 0.0 0.0 0.0 0.0 0.0 0.0 0.0 0.0 0.0 0.0 0.0 0.0 0.0 0.0 0.0 0.0 0.0 0.0 0.0 0.0 0.0 0.0 0.0 0.0 0.0035609818 0.003253568254 0.002920960286 0.002716982967 0.003162042474 0.003256485474 0.002671773305 0.002952589913 0.002842318793 0.002894094885 0.002534215363 0.002840086381 0.003003213233 0.00284882869 0.00241462964 0.002619737424 0.747871488576 0.003046463399 0.00291293718 0.002798389011 0.002632981819 0.003096900332 0.002851579031 0.002375711515 0.002674507175 0.002665241242 0.00304081188 0.0 0.0 0.0 0.0 0.0 0.0 0.0 0.0 0.0 0.0 0.0 0.0
0.0 0.0 0.0 0.0 0.0 0.0 0.0 0.0 0.0 0.0 0.0 0.0 0.0 0.0 0.0 0.0 0.0 0.0 0.0 0.0 0.0 0.0 0.0 0.0 0.0 0.0 0.0 0.0 0.0 0.0 0.0 0.0 0.0 0.0 0.0 0.0 0.0 0.0 0.0 0.0 0.0 0.0 0.003088505389 0.002982168063 0.00283869388 0.002737339801 0.002974760016 0.002986079034 0.002706465965 0.002866318536 0.00278992085 0.002814705833 0.002619250088 0.002806688158 0.002874906324 0.002798361711 0.002549796399 0.0026854711 0.003046463399 0.204898964161 0.002834483689 0.002768728106 0.002707490122 0.002920059034 0.002793388792 0.002510030604 0.002701944391 0.002731409431 0.00289349949 0.0 0.0 0.0 0.0 0.0 0.0 0.0 0.0 0.0 0.0 0.0 0.0
0.0 0.0 0.0 0.0 0.0 0.0 0.0 0.0 0.0 0.0 0.0 0.0 0.0 0.0 0.0 0.0 0.0 0.0 0.0 0.0 0.0 0.0 0.0 0.0 0.0 0.0 0.0 0.0 0.0 0.0 0.0 0.0 0.0 0.0 0.0 0.0 0.0 0.0 0.0 0.0 0.0 0.0 0.0029450792 0.002881856236 0.002795423785 0.00272823054 0.002874391148 0.002881263034 0.002707639059 0.002810888031 0.00276015135 0.002779298058 0.002642293152 0.002772586968 0.002817583404 0.002768211297 0.002586601965 0.002690918837 0.00291293718 0.002834483689 0.186153726907 0.002746131004 0.002699351966 0.002842628916 0.002766081395 0.002559059655 0.002698572621 0.002719264389 0.002830318683 0.0 0.0 0.0 0.0 0.0 0.0 0.0 0.0 0.0 0.0 0.0 0.0
0.0 0.0 0.0 0.0 0.0 0.0 0.0 0.0 0.0 0.0 0.0 0.0 0.0 0.0 0.0 0.0 0.0 0.0 0.0 0.0 0.0 0.0 0.0 0.0 0.0 0.0 0.0 0.0 0.0 0.0 0.0 0.0 0.0 0.0 0.0 0.0 0.0 0.0 0.0 0.0 0.0 0.0 0.002816325437 0.002789834465 0.002748900596 0.002713768751 0.002786765763 0.002786247406 0.002700034995 0.00275645298 0.00273006093 0.002739962803 0.002657993366 0.002738079109 0.002761053972 0.002734623267 0.002618877261 0.002692182987 0.002798389011 0.002768728106 0.002746131004 0.375478810879 0.002692601364 0.002771099566 0.002733979937 0.002600753235 0.002692229518 0.002707524717 0.002767376178 0.0 0.0 0.0 0.0 0.0 0.0 0.0 0.0 0.0 0.0 0.0 0.0
0.0 0.0 0.0 0.0 0.0 0.0 0.0 0.0 0.0 0.0 0.0 0.0 0.0 0.0 0.0 0.0 0.0 0.0 0.0 0.0 0.0 0.0 0.0 0.0 0.0 0.0 0.0 0.0 0.0 0.0 0.0 0.0 0.0 0.0 0.0 0.0 0.0 0.0 0.0 0.0 0.0 0.0 0.002629108618 0.002663380192 0.00268494387 0.002709053926 0.002738384208 0.002673731916 0.002691604765 0.002709191066 0.002697364825 0.002671162419 0.002681519442 0.002717577703 0.00267920872 0.002690406178 0.002703558305 0.002715170954 0.002632981819 0.002707490122 0.002699351966 0.002692601364 0.155706841036 0.002687049532 0.002675500231 0.002649732098 0.002695608146 0.002767066709 0.002675847897 0.0 0.0 0.0 0.0 0.0 0.0 0.0 0.0 0.0 0.0 0.0 0.0
0.0 0.0 0.0 0.0 0.0 0.0 0.0 0.0 0.0 0.0 0.0 0.0 0.0 0.0 0.0 0.0 0.0 0.0 0.0 0.0 0.0 0.0 0.0 0.0 0.0 0.0 0.0 0.0 0.0 0.0 0.0 0.0 0.0 0.0 0.0 0.0 0.0 0.0 0.0 0.0 0.0 0.0 0.003148552383 0.003018408794 0.00285100653 0.002733521893 0.002993626453 0.003018782876 0.002703905265 0.002873694579 0.002792865027 0.00282791058 0.002610490229 0.002807259804 0.002892025739 0.002804487069 0.002530101762 0.002674827798 0.003096900332 0.002920059034 0.002842628916 0.002771099566 0.002687049532 0.259075261158 0.00280248836 0.002498938014 0.002696862726 0.0027124991 0.00291383241 0.0 0.0 0.0 0.0 0.0 0.0 0.0 0.0 0.0 0.0 0.0 0.0
0.0 0.0 0.0 0.0 0.0 0.0 0.0 0.0 0.0 0.0 0.0 0.0 0.0 0.0 0.0 0.0 0.0 0.0 0.0 0.0 0.0 0.0 0.0 0.0 0.0 0.0 0.0 0.0 0.0 0.0 0.0 0.0 0.0 0.0 0.0 0.0 0.0 0.0 0.0 0.0 0.0 0.0 0.002887875056 0.002836736845 0.002778086723 0.002722996463 0.002812422338 0.002827448783 0.00271219572 0.002779943932 0.002744071223 0.002769916907 0.002654798656 0.002751075504 0.002793222344 0.002756664962 0.00259437741 0.002689319541 0.002851579031 0.002793388792 0.002766081395 0.002733979937 0.002675500231 0.00280248836 0.20480202988 0.002586616334 0.002693905533 0.002698271716 0.002804258388 0.0 0.0 0.0 0.0 0.0 0.0 0.0 0.0 0.0 0.0 0.0 0.0
0.0 0.0 0.0 0.0 0.0 0.0 0.0 0.0 0.0 0.0 0.0 0.0 0.0 0.0 0.0 0.0 0.0 0.0 0.0 0.0 0.0 0.0 0.0 0.0 0.0 0.0 0.0 0.0 0.0 0.0 0.0 0.0 0.0 0.0 0.0 0.0 0.0 0.0 0.0 0.0 0.0 0.0 0.002360389852 0.002448435024 0.002559927277 0.002634348105 0.002478548458 0.002438796322 0.002656182568 0.002538985283 0.002582208722 0.002572796781 0.002709132011 0.002583293416 0.002528763402 0.002584969336 0.002744628953 0.002665176441 0.002375711515 0.002510030604 0.002559059655 0.002600753235 0.002649732098 0.002498938014 0.002586616334 0.276990877537 0.002642097547 0.002644199168 0.002516010208 0.0 0.0 0.0 0.0 0.0 0.0 0.0 0.0 0.0 0.0 0.0 0.0
0.0 0.0 0.0 0.0 0.0 0.0 0.0 0.0 0.0 0.0 0.0 0.0 0.0 0.0 0.0 0.0 0.0 0.0 0.0 0.0 0.0 0.0 0.0 0.0 0.0 0.0 0.0 0.0 0.0 0.0 0.0 0.0 0.0 0.0 0.0 0.0 0.0 0.0 0.0 0.0 0.0 0.0 0.002684188722 0.002693205726 0.002699138833 0.002695136735 0.002710622479 0.00269672499 0.002687376127 0.002706573671 0.002693256391 0.002692326801 0.002670506779 0.002701606847 0.002697471187 0.002694726157 0.002658896945 0.002691410837 0.002674507175 0.002701944391 0.002698572621 0.002692229518 0.002695608146 0.002696862726 0.002693905533 0.002642097547 0.394061607406 0.002701324974 0.002698723855 0.0 0.0 0.0 0.0 0.0 0.0 0.0 0.0 0.0 0.0 0.0 0.0
