109 109
1.15200429581 0.01280035628 0.01123807538 0.01327197439 0.01141516201 0.01216130043 0.01116671402 0.01077766179 0.01187114088 0.01149564585 0.01253007628 0.01085947201 0.01195820825 0.01126713877 0.01283014782 0.01152914576 0.01213901159 0.01190830733 0.01202580674 0.0119429068 0.01095564814 0.01133580866 0.01207313665 0.008947838697 0.01036319559 0.0 0.0 0.0 0.0 0.0 0.0 0.0 0.0 0.0 0.0 0.0 0.0 0.0 0.0 0.0 0.0 0.0 0.0 0.0 0.0 0.0 0.0 0.0 0.0 0.0 0.0 0.0 0.0 0.0 0.0 0.0 0.0 0.0 0.0 0.0 0.0 0.0 0.0 0.0 0.0 0.0 0.0 0.0 0.0 0.0 0.0 0.0 0.0 0.0 0.0 0.0 0.0 0.0 0.0 0.0 0.0 0.0 0.0 0.0 0.0 0.0 0.0 0.0 0.0 0.0 0.0 0.0 0.0 0.0 0.0 0.0 0.0 0.0 0.0 0.0 0.0 0.0 0.0 0.0 0.0 0.0 0.0 0.0 0.0
0.01280035628 1.87649642383 0.0112837411 0.01309999237 0.01133856549 0.01209772637 0.01110005706 0.01076940187 0.01188227719 0.01156954179 0.01252067108 0.01108301082 0.01193566467 0.01136467542 0.01256427529 0.01157964046 0.0120657802 0.01186627956 0.01197432714 0.01194789631 0.01102108825 0.0113707782 0.0120482572 0.009264974854 0.01051492271 0.0 0.0 0.0 0.0 0.0 0.0 0.0 0.0 0.0 0.0 0.0 0.0 0.0 0.0 0.0 0.0 0.0 0.0 0.0 0.0 0.0 0.0 0.0 0.0 0.0 0.0 0.0 0.0 0.0 0.0 0.0 0.0 0.0 0.0 0.0 0.0 0.0 0.0 0.0 0.0 0.0 0.0 0.0 0.0 0.0 0.0 0.0 0.0 0.0 0.0 0.0 0.0 0.0 0.0 0.0 0.0 0.0 0.0 0.0 0.0 0.0 0.0 0.0 0.0 0.0 0.0 0.0 0.0 0.0 0.0 0.0 0.0 0.0 0.0 0.0 0.0 0.0 0.0 0.0 0.0 0.0 0.0 0.0 0.0
0.01123807538 0.0112837411 0.363125794667 0.01121189272 0.01142395261 0.01135181406 0.01145882034 0.01156277565 0.01141475999 0.0114745367 0.01130748059 0.01162746417 0.01136711187 0.01151239021 0.01125409103 0.01144622381 0.01136142563 0.01137823236 0.01136121531 0.01141635004 0.01157633718 0.01150721065 0.01137651802 0.01193798329 0.01174041275 0.0 0.0 0.0 0.0 0.0 0.0 0.0 0.0 0.0 0.0 0.0 0.0 0.0 0.0 0.0 0.0 0.0 0.0 0.0 0.0 0.0 0.0 0.0 0.0 0.0 0.0 0.0 0.0 0.0 0.0 0.0 0.0 0.0 0.0 0.0 0.0 0.0 0.0 0.0 0.0 0.0 0.0 0.0 0.0 0.0 0.0 0.0 0.0 0.0 0.0 0.0 0.0 0.0 0.0 0.0 0.0 0.0 0.0 0.0 0.0 0.0 0.0 0.0 0.0 0.0 0.0 0.0 0.0 0.0 0.0 0.0 0.0 0.0 0.0 0.0 0.0 0.0 0.0 0.0 0.0 0.0 0.0 0.0 0.0
0.01327197439 0.01309999237 0.01121189272 1.34735004754 0.01137317355 0.01226368877 0.01115619269 0.0106558295 0.01202983291 0.01154748467 0.0127927389 0.01095669653 0.01205015761 0.01130620356 0.01311921063 0.01160411835 0.01227840749 0.0119117763 0.01209963347 0.01198328384 0.0109373657 0.01126528106 0.01217671099 0.008653831671 0.01017440977 0.0 0.0 0.0 0.0 0.0 0.0 0.0 0.0 0.0 0.0 0.0 0.0 0.0 0.0 0.0 0.0 0.0 0.0 0.0 0.0 0.0 0.0 0.0 0.0 0.0 0.0 0.0 0.0 0.0 0.0 0.0 0.0 0.0 0.0 0.0 0.0 0.0 0.0 0.0 0.0 0.0 0.0 0.0 0.0 0.0 0.0 0.0 0.0 0.0 0.0 0.0 0.0 0.0 0.0 0.0 0.0 0.0 0.0 0.0 0.0 0.0 0.0 0.0 0.0 0.0 0.0 0.0 0.0 0.0 0.0 0.0 0.0 0.0 0.0 0.0 0.0 0.0 0.0 0.0 0.0 0.0 0.0 0.0 0.0
0.01141516201 0.01133856549 0.01142395261 0.01137317355 0.560071478268 0.01153557112 0.01195638229 0.01169282008 0.01152666851 0.01146273492 0.01141405656 0.01124962286 0.01161969527 0.01150663987 0.01154035896 0.01155817568 0.01150839147 0.01156446249 0.01153111705 0.01139014881 0.01158428526 0.0113769117 0.01144909419 0.01127035824 0.01113169382 0.0 0.0 0.0 0.0 0.0 0.0 0.0 0.0 0.0 0.0 0.0 0.0 0.0 0.0 0.0 0.0 0.0 0.0 0.0 0.0 0.0 0.0 0.0 0.0 0.0 0.0 0.0 0.0 0.0 0.0 0.0 0.0 0.0 0.0 0.0 0.0 0.0 0.0 0.0 0.0 0.0 0.0 0.0 0.0 0.0 0.0 0.0 0.0 0.0 0.0 0.0 0.0 0.0 0.0 0.0 0.0 0.0 0.0 0.0 0.0 0.0 0.0 0.0 0.0 0.0 0.0 0.0 0.0 0.0 0.0 0.0 0.0 0.0 0.0 0.0 0.0 0.0 0.0 0.0 0.0 0.0 0.0 0.0 0.0
0.01216130043 0.01209772637 0.01135181406 0.01226368877 0.01153557112 0.59748573902 0.01147314297 0.01114694242 0.01168733005 0.01149729999 0.01196345929 0.0111150635 0.01175968768 0.01138947686 0.01208649899 0.01152260966 0.0117839504 0.0117193435 0.01177249925 0.01171048747 0.01123542968 0.01138083995 0.01178193348 0.01015829329 0.01085029547 0.0 0.0 0.0 0.0 0.0 0.0 0.0 0.0 0.0 0.0 0.0 0.0 0.0 0.0 0.0 0.0 0.0 0.0 0.0 0.0 0.0 0.0 0.0 0.0 0.0 0.0 0.0 0.0 0.0 0.0 0.0 0.0 0.0 0.0 0.0 0.0 0.0 0.0 0.0 0.0 0.0 0.0 0.0 0.0 0.0 0.0 0.0 0.0 0.0 0.0 0.0 0.0 0.0 0.0 0.0 0.0 0.0 0.0 0.0 0.0 0.0 0.0 0.0 0.0 0.0 0.0 0.0 0.0 0.0 0.0 0.0 0.0 0.0 0.0 0.0 0.0 0.0 0.0 0.0 0.0 0.0 0.0 0.0 0.0
0.01116671402 0.01110005706 0.01145882034 0.01115619269 0.01195638229 0.01147314297 0.425279802771 0.01189500422 0.01155954334 0.01147641187 0.01124527625 0.01143015659 0.01159537509 0.01161669206 0.01140061857 0.01161898025 0.01142470259 0.01145391844 0.0114628958 0.01127551977 0.01178898481 0.01129465937 0.01135811701 0.01186159757 0.01119790771 0.0 0.0 0.0 0.0 0.0 0.0 0.0 0.0 0.0 0.0 0.0 0.0 0.0 0.0 0.0 0.0 0.0 0.0 0.0 0.0 0.0 0.0 0.0 0.0 0.0 0.0 0.0 0.0 0.0 0.0 0.0 0.0 0.0 0.0 0.0 0.0 0.0 0.0 0.0 0.0 0.0 0.0 0.0 0.0 0.0 0.0 0.0 0.0 0.0 0.0 0.0 0.0 0.0 0.0 0.0 0.0 0.0 0.0 0.0 0.0 0.0 0.0 0.0 0.0 0.0 0.0 0.0 0.0 0.0 0.0 0.0 0.0 0.0 0.0 0.0 0.0 0.0 0.0 0.0 0.0 0.0 0.0 0.0 0.0
0.01077766179 0.01076940187 0.01156277565 0.0106558295 0.01169282008 0.01114694242 0.01189500422 0.367184965236 0.01132270337 0.01145747455 0.01096143603 0.01174089589 0.01132125515 0.01157905189 0.01094136216 0.01152525596 0.01121105116 0.011284839 0.01123439773 0.01114493243 0.01188517422 0.01145604872 0.01114007348 0.01259384114 0.01176906082 0.0 0.0 0.0 0.0 0.0 0.0 0.0 0.0 0.0 0.0 0.0 0.0 0.0 0.0 0.0 0.0 0.0 0.0 0.0 0.0 0.0 0.0 0.0 0.0 0.0 0.0 0.0 0.0 0.0 0.0 0.0 0.0 0.0 0.0 0.0 0.0 0.0 0.0 0.0 0.0 0.0 0.0 0.0 0.0 0.0 0.0 0.0 0.0 0.0 0.0 0.0 0.0 0.0 0.0 0.0 0.0 0.0 0.0 0.0 0.0 0.0 0.0 0.0 0.0 0.0 0.0 0.0 0.0 0.0 0.0 0.0 0.0 0.0 0.0 0.0 0.0 0.0 0.0 0.0 0.0 0.0 0.0 0.0 0.0
0.01187114088 0.01188227719 0.01141475999 0.01202983291 0.01152666851 0.01168733005 0.01155954334 0.01132270337 0.595284073091 0.01153877725 0.01180319016 0.01139118174 0.01165876019 0.0115134485 0.01185656971 0.011581324 0.01168666803 0.01159667533 0.01163835649 0.01158712591 0.01141828589 0.01138999095 0.0116532444 0.01077574942 0.01106324002 0.0 0.0 0.0 0.0 0.0 0.0 0.0 0.0 0.0 0.0 0.0 0.0 0.0 0.0 0.0 0.0 0.0 0.0 0.0 0.0 0.0 0.0 0.0 0.0 0.0 0.0 0.0 0.0 0.0 0.0 0.0 0.0 0.0 0.0 0.0 0.0 0.0 0.0 0.0 0.0 0.0 0.0 0.0 0.0 0.0 0.0 0.0 0.0 0.0 0.0 0.0 0.0 0.0 0.0 0.0 0.0 0.0 0.0 0.0 0.0 0.0 0.0 0.0 0.0 0.0 0.0 0.0 0.0 0.0 0.0 0.0 0.0 0.0 0.0 0.0 0.0 0.0 0.0 0.0 0.0 0.0 0.0 0.0 0.0
0.01149564585 0.01156954179 0.0114745367 0.01154748467 0.01146273492 0.01149729999 0.01147641187 0.01145747455 0.01153877725 0.734755738164 0.01154376015 0.01157846529 0.01149917918 0.01152473861 0.01146673786 0.01153866549 0.01150906162 0.01149135605 0.01149938072 0.01149081016 0.01149436416 0.01146971487 0.01150964116 0.01145479699 0.01144660512 0.0 0.0 0.0 0.0 0.0 0.0 0.0 0.0 0.0 0.0 0.0 0.0 0.0 0.0 0.0 0.0 0.0 0.0 0.0 0.0 0.0 0.0 0.0 0.0 0.0 0.0 0.0 0.0 0.0 0.0 0.0 0.0 0.0 0.0 0.0 0.0 0.0 0.0 0.0 0.0 0.0 0.0 0.0 0.0 0.0 0.0 0.0 0.0 0.0 0.0 0.0 0.0 0.0 0.0 0.0 0.0 0.0 0.0 0.0 0.0 0.0 0.0 0.0 0.0 0.0 0.0 0.0 0.0 0.0 0.0 0.0 0.0 0.0 0.0 0.0 0.0 0.0 0.0 0.0 0.0 0.0 0.0 0.0 0.0
0.01253007628 0.01252067108 0.01130748059 0.0127927389 0.01141405656 0.01196345929 0.01124527625 0.01096143603 0.01180319016 0.01154376015 0.870136820272 0.0111320354 0.01185912618 0.01138306942 0.01239208271 0.01157468853 0.01195977901 0.0117800742 0.0118697041 0.01181321673 0.01113345788 0.01136906835 0.01191743901 0.009684079169 0.01063953142 0.0 0.0 0.0 0.0 0.0 0.0 0.0 0.0 0.0 0.0 0.0 0.0 0.0 0.0 0.0 0.0 0.0 0.0 0.0 0.0 0.0 0.0 0.0 0.0 0.0 0.0 0.0 0.0 0.0 0.0 0.0 0.0 0.0 0.0 0.0 0.0 0.0 0.0 0.0 0.0 0.0 0.0 0.0 0.0 0.0 0.0 0.0 0.0 0.0 0.0 0.0 0.0 0.0 0.0 0.0 0.0 0.0 0.0 0.0 0.0 0.0 0.0 0.0 0.0 0.0 0.0 0.0 0.0 0.0 0.0 0.0 0.0 0.0 0.0 0.0 0.0 0.0 0.0 0.0 0.0 0.0 0.0 0.0 0.0
0.01085947201 0.01108301082 0.01162746417 0.01095669653 0.01124962286 0.0111150635 0.01143015659 0.01174089589 0.01139118174 0.01157846529 0.0111320354 0.505204877698 0.01116058743 0.01163156411 0.01086606169 0.01151474866 0.01118714185 0.01105828469 0.01119514598 0.01126811775 0.01180748466 0.01149216255 0.01122405452 0.01366670256 0.01239500667 0.0 0.0 0.0 0.0 0.0 0.0 0.0 0.0 0.0 0.0 0.0 0.0 0.0 0.0 0.0 0.0 0.0 0.0 0.0 0.0 0.0 0.0 0.0 0.0 0.0 0.0 0.0 0.0 0.0 0.0 0.0 0.0 0.0 0.0 0.0 0.0 0.0 0.0 0.0 0.0 0.0 0.0 0.0 0.0 0.0 0.0 0.0 0.0 0.0 0.0 0.0 0.0 0.0 0.0 0.0 0.0 0.0 0.0 0.0 0.0 0.0 0.0 0.0 0.0 0.0 0.0 0.0 0.0 0.0 0.0 0.0 0.0 0.0 0.0 0.0 0.0 0.0 0.0 0.0 0.0 0.0 0.0 0.0 0.0
0.01195820825 0.01193566467 0.01136711187 0.01205015761 0.01161969527 0.01175968768 0.01159537509 0.01132125515 0.01165876019 0.01149917918 0.01185912618 0.01116058743 0.550071739941 0.01143930615 0.01195309779 0.01156008109 0.01172944856 0.0116919146 0.01170815026 0.01161291322 0.01135046588 0.01138005584 0.01168888766 0.01042894859 0.01087726118 0.0 0.0 0.0 0.0 0.0 0.0 0.0 0.0 0.0 0.0 0.0 0.0 0.0 0.0 0.0 0.0 0.0 0.0 0.0 0.0 0.0 0.0 0.0 0.0 0.0 0.0 0.0 0.0 0.0 0.0 0.0 0.0 0.0 0.0 0.0 0.0 0.0 0.0 0.0 0.0 0.0 0.0 0.0 0.0 0.0 0.0 0.0 0.0 0.0 0.0 0.0 0.0 0.0 0.0 0.0 0.0 0.0 0.0 0.0 0.0 0.0 0.0 0.0 0.0 0.0 0.0 0.0 0.0 0.0 0.0 0.0 0.0 0.0 0.0 0.0 0.0 0.0 0.0 0.0 0.0 0.0 0.0 0.0 0.0
0.01126713877 0.01136467542 0.01151239021 0.01130620356 0.01150663987 0.01138947686 0.01161669206 0.01157905189 0.0115134485 0.01152473861 0.01138306942 0.01163156411 0.01143930615 0.870171438899 0.01130159047 0.01154906778 0.01141627866 0.01141622846 0.01140492314 0.01140786794 0.01161497569 0.01147053221 0.01141074224 0.01187730285 0.01155654861 0.0 0.0 0.0 0.0 0.0 0.0 0.0 0.0 0.0 0.0 0.0 0.0 0.0 0.0 0.0 0.0 0.0 0.0 0.0 0.0 0.0 0.0 0.0 0.0 0.0 0.0 0.0 0.0 0.0 0.0 0.0 0.0 0.0 0.0 0.0 0.0 0.0 0.0 0.0 0.0 0.0 0.0 0.0 0.0 0.0 0.0 0.0 0.0 0.0 0.0 0.0 0.0 0.0 0.0 0.0 0.0 0.0 0.0 0.0 0.0 0.0 0.0 0.0 0.0 0.0 0.0 0.0 0.0 0.0 0.0 0.0 0.0 0.0 0.0 0.0 0.0 0.0 0.0 0.0 0.0 0.0 0.0 0.0 0.0
0.01283014782 0.01256427529 0.01125409103 0.01311921063 0.01154035896 0.01208649899 0.01140061857 0.01094136216 0.01185656971 0.01146673786 0.01239208271 0.01086606169 0.01195309779 0.01130159047 0.669144461429 0.01152929029 0.01209302386 0.01185416416 0.01194742212 0.01180451993 0.01107263598 0.01128035221 0.01197832911 0.009188689133 0.01037284598 0.0 0.0 0.0 0.0 0.0 0.0 0.0 0.0 0.0 0.0 0.0 0.0 0.0 0.0 0.0 0.0 0.0 0.0 0.0 0.0 0.0 0.0 0.0 0.0 0.0 0.0 0.0 0.0 0.0 0.0 0.0 0.0 0.0 0.0 0.0 0.0 0.0 0.0 0.0 0.0 0.0 0.0 0.0 0.0 0.0 0.0 0.0 0.0 0.0 0.0 0.0 0.0 0.0 0.0 0.0 0.0 0.0 0.0 0.0 0.0 0.0 0.0 0.0 0.0 0.0 0.0 0.0 0.0 0.0 0.0 0.0 0.0 0.0 0.0 0.0 0.0 0.0 0.0 0.0 0.0 0.0 0.0 0.0 0.0
0.01152914576 0.01157964046 0.01144622381 0.01160411835 0.01155817568 0.01152260966 0.01161898025 0.01152525596 0.011581324 0.01153866549 0.01157468853 0.01151474866 0.01156008109 0.01154906778 0.01152929029 0.449962616641 0.01154220486 0.01150577604 0.01153162931 0.01146546683 0.01153666534 0.01143140704 0.01151114689 0.01134307436 0.01127822795 0.0 0.0 0.0 0.0 0.0 0.0 0.0 0.0 0.0 0.0 0.0 0.0 0.0 0.0 0.0 0.0 0.0 0.0 0.0 0.0 0.0 0.0 0.0 0.0 0.0 0.0 0.0 0.0 0.0 0.0 0.0 0.0 0.0 0.0 0.0 0.0 0.0 0.0 0.0 0.0 0.0 0.0 0.0 0.0 0.0 0.0 0.0 0.0 0.0 0.0 0.0 0.0 0.0 0.0 0.0 0.0 0.0 0.0 0.0 0.0 0.0 0.0 0.0 0.0 0.0 0.0 0.0 0.0 0.0 0.0 0.0 0.0 0.0 0.0 0.0 0.0 0.0 0.0 0.0 0.0 0.0 0.0 0.0 0.0
0.01213901159 0.0120657802 0.01136142563 0.01227840749 0.01150839147 0.0117839504 0.01142470259 0.01121105116 0.01168666803 0.01150906162 0.01195977901 0.01118714185 0.01172944856 0.01141627866 0.01209302386 0.01154220486 0.509373768665 0.01169168783 0.01172800937 0.0116548883 0.01127896147 0.01139147032 0.01173624848 0.01026889597 0.01088386363 0.0 0.0 0.0 0.0 0.0 0.0 0.0 0.0 0.0 0.0 0.0 0.0 0.0 0.0 0.0 0.0 0.0 0.0 0.0 0.0 0.0 0.0 0.0 0.0 0.0 0.0 0.0 0.0 0.0 0.0 0.0 0.0 0.0 0.0 0.0 0.0 0.0 0.0 0.0 0.0 0.0 0.0 0.0 0.0 0.0 0.0 0.0 0.0 0.0 0.0 0.0 0.0 0.0 0.0 0.0 0.0 0.0 0.0 0.0 0.0 0.0 0.0 0.0 0.0 0.0 0.0 0.0 0.0 0.0 0.0 0.0 0.0 0.0 0.0 0.0 0.0 0.0 0.0 0.0 0.0 0.0 0.0 0.0 0.0
0.01190830733 0.01186627956 0.01137823236 0.0119117763 0.01156446249 0.0117193435 0.01145391844 0.011284839 0.01159667533 0.01149135605 0.0117800742 0.01105828469 0.0116919146 0.01141622846 0.01185416416 0.01150577604 0.01169168783 0.682579277847 0.01167487383 0.01163160096 0.01129539283 0.01144734923 0.01167066064 0.01022835296 0.01093243043 0.0 0.0 0.0 0.0 0.0 0.0 0.0 0.0 0.0 0.0 0.0 0.0 0.0 0.0 0.0 0.0 0.0 0.0 0.0 0.0 0.0 0.0 0.0 0.0 0.0 0.0 0.0 0.0 0.0 0.0 0.0 0.0 0.0 0.0 0.0 0.0 0.0 0.0 0.0 0.0 0.0 0.0 0.0 0.0 0.0 0.0 0.0 0.0 0.0 0.0 0.0 0.0 0.0 0.0 0.0 0.0 0.0 0.0 0.0 0.0 0.0 0.0 0.0 0.0 0.0 0.0 0.0 0.0 0.0 0.0 0.0 0.0 0.0 0.0 0.0 0.0 0.0 0.0 0.0 0.0 0.0 0.0 0.0 0.0
0.01202580674 0.01197432714 0.01136121531 0.01209963347 0.01153111705 0.01177249925 0.0114628958 0.01123439773 0.01163835649 0.01149938072 0.0118697041 0.01119514598 0.01170815026 0.01140492314 0.01194742212 0.01153162931 0.01172800937 0.01167487383 2.95712516015 0.01165517174 0.01128056554 0.01140993577 0.01171767975 0.01042886131 0.01096253412 0.0 0.0 0.0 0.0 0.0 0.0 0.0 0.0 0.0 0.0 0.0 0.0 0.0 0.0 0.0 0.0 0.0 0.0 0.0 0.0 0.0 0.0 0.0 0.0 0.0 0.0 0.0 0.0 0.0 0.0 0.0 0.0 0.0 0.0 0.0 0.0 0.0 0.0 0.0 0.0 0.0 0.0 0.0 0.0 0.0 0.0 0.0 0.0 0.0 0.0 0.0 0.0 0.0 0.0 0.0 0.0 0.0 0.0 0.0 0.0 0.0 0.0 0.0 0.0 0.0 0.0 0.0 0.0 0.0 0.0 0.0 0.0 0.0 0.0 0.0 0.0 0.0 0.0 0.0 0.0 0.0 0.0 0.0 0.0
0.0119429068 0.01194789631 0.01141635004 0.01198328384 0.01139014881 0.01171048747 0.01127551977 0.01114493243 0.01158712591 0.01149081016 0.01181321673 0.01126811775 0.01161291322 0.01140786794 0.01180451993 0.01146546683 0.0116548883 0.01163160096 0.01165517174 0.880053098225 0.01125115034 0.01147456877 0.01170213034 0.01066055586 0.01120089191 0.0 0.0 0.0 0.0 0.0 0.0 0.0 0.0 0.0 0.0 0.0 0.0 0.0 0.0 0.0 0.0 0.0 0.0 0.0 0.0 0.0 0.0 0.0 0.0 0.0 0.0 0.0 0.0 0.0 0.0 0.0 0.0 0.0 0.0 0.0 0.0 0.0 0.0 0.0 0.0 0.0 0.0 0.0 0.0 0.0 0.0 0.0 0.0 0.0 0.0 0.0 0.0 0.0 0.0 0.0 0.0 0.0 0.0 0.0 0.0 0.0 0.0 0.0 0.0 0.0 0.0 0.0 0.0 0.0 0.0 0.0 0.0 0.0 0.0 0.0 0.0 0.0 0.0 0.0 0.0 0.0 0.0 0.0 0.0
0.01095564814 0.01102108825 0.01157633718 0.0109373657 0.01158428526 0.01123542968 0.01178898481 0.01188517422 0.01141828589 0.01149436416 0.01113345788 0.01180748466 0.01135046588 0.01161497569 0.01107263598 0.01153666534 0.01127896147 0.01129539283 0.01128056554 0.01125115034 0.438136227837 0.01144819844 0.01124445897 0.01243072391 0.01174399089 0.0 0.0 0.0 0.0 0.0 0.0 0.0 0.0 0.0 0.0 0.0 0.0 0.0 0.0 0.0 0.0 0.0 0.0 0.0 0.0 0.0 0.0 0.0 0.0 0.0 0.0 0.0 0.0 0.0 0.0 0.0 0.0 0.0 0.0 0.0 0.0 0.0 0.0 0.0 0.0 0.0 0.0 0.0 0.0 0.0 0.0 0.0 0.0 0.0 0.0 0.0 0.0 0.0 0.0 0.0 0.0 0.0 0.0 0.0 0.0 0.0 0.0 0.0 0.0 0.0 0.0 0.0 0.0 0.0 0.0 0.0 0.0 0.0 0.0 0.0 0.0 0.0 0.0 0.0 0.0 0.0 0.0 0.0 0.0
0.01133580866 0.0113707782 0.01150721065 0.01126528106 0.0113769117 0.01138083995 0.01129465937 0.01145604872 0.01138999095 0.01146971487 0.01136906835 0.01149216255 0.01138005584 0.01147053221 0.01128035221 0.01143140704 0.01139147032 0.01144734923 0.01140993577 0.01147456877 0.01144819844 0.541255112536 0.01142714786 0.01167512009 0.01170445632 0.0 0.0 0.0 0.0 0.0 0.0 0.0 0.0 0.0 0.0 0.0 0.0 0.0 0.0 0.0 0.0 0.0 0.0 0.0 0.0 0.0 0.0 0.0 0.0 0.0 0.0 0.0 0.0 0.0 0.0 0.0 0.0 0.0 0.0 0.0 0.0 0.0 0.0 0.0 0.0 0.0 0.0 0.0 0.0 0.0 0.0 0.0 0.0 0.0 0.0 0.0 0.0 0.0 0.0 0.0 0.0 0.0 0.0 0.0 0.0 0.0 0.0 0.0 0.0 0.0 0.0 0.0 0.0 0.0 0.0 0.0 0.0 0.0 0.0 0.0 0.0 0.0 0.0 0.0 0.0 0.0 0.0 0.0 0.0
0.01207313665 0.0120482572 0.01137651802 0.01217671099 0.01144909419 0.01178193348 0.01135811701 0.01114007348 0.0116532444 0.01150964116 0.01191743901 0.01122405452 0.01168888766 0.01141074224 0.01197832911 0.01151114689 0.01173624848 0.01167066064 0.01171767975 0.01170213034 0.01124445897 0.01142714786 0.593213170367 0.01039991229 0.01101750985 0.0 0.0 0.0 0.0 0.0 0.0 0.0 0.0 0.0 0.0 0.0 0.0 0.0 0.0 0.0 0.0 0.0 0.0 0.0 0.0 0.0 0.0 0.0 0.0 0.0 0.0 0.0 0.0 0.0 0.0 0.0 0.0 0.0 0.0 0.0 0.0 0.0 0.0 0.0 0.0 0.0 0.0 0.0 0.0 0.0 0.0 0.0 0.0 0.0 0.0 0.0 0.0 0.0 0.0 0.0 0.0 0.0 0.0 0.0 0.0 0.0 0.0 0.0 0.0 0.0 0.0 0.0 0.0 0.0 0.0 0.0 0.0 0.0 0.0 0.0 0.0 0.0 0.0 0.0 0.0 0.0 0.0 0.0 0.0
0.008947838697 0.009264974854 0.01193798329 0.008653831671 0.01127035824 0.01015829329 0.01186159757 0.01259384114 0.01077574942 0.01145479699 0.009684079169 0.01366670256 0.01042894859 0.01187730285 0.009188689133 0.01134307436 0.01026889597 0.01022835296 0.01042886131 0.01066055586 0.01243072391 0.01167512009 0.01039991229 0.322515735743 0.01464684451 0.0 0.0 0.0 0.0 0.0 0.0 0.0 0.0 0.0 0.0 0.0 0.0 0.0 0.0 0.0 0.0 0.0 0.0 0.0 0.0 0.0 0.0 0.0 0.0 0.0 0.0 0.0 0.0 0.0 0.0 0.0 0.0 0.0 0.0 0.0 0.0 0.0 0.0 0.0 0.0 0.0 0.0 0.0 0.0 0.0 0.0 0.0 0.0 0.0 0.0 0.0 0.0 0.0 0.0 0.0 0.0 0.0 0.0 0.0 0.0 0.0 0.0 0.0 0.0 0.0 0.0 0.0 0.0 0.0 0.0 0.0 0.0 0.0 0.0 0.0 0.0 0.0 0.0 0.0 0.0 0.0 0.0 0.0 0.0
0.01036319559 0.01051492271 0.01174041275 0.01017440977 0.01113169382 0.01085029547 0.01119790771 0.01176906082 0.01106324002 0.01144660512 0.01063953142 0.01239500667 0.01087726118 0.01155654861 0.01037284598 0.01127822795 0.01088386363 0.01093243043 0.01096253412 0.01120089191 0.01174399089 0.01170445632 0.01101750985 0.01464684451 0.395275957478 0.0 0.0 0.0 0.0 0.0 0.0 0.0 0.0 0.0 0.0 0.0 0.0 0.0 0.0 0.0 0.0 0.0 0.0 0.0 0.0 0.0 0.0 0.0 0.0 0.0 0.0 0.0 0.0 0.0 0.0 0.0 0.0 0.0 0.0 0.0 0.0 0.0 0.0 0.0 0.0 0.0 0.0 0.0 0.0 0.0 0.0 0.0 0.0 0.0 0.0 0.0 0.0 0.0 0.0 0.0 0.0 0.0 0.0 0.0 0.0 0.0 0.0 0.0 0.0 0.0 0.0 0.0 0.0 0.0 0.0 0.0 0.0 0.0 0.0 0.0 0.0 0.0 0.0 0.0 0.0 0.0 0.0 0.0 0.0
0.0 0.0 0.0 0.0 0.0 0.0 0.0 0.0 0.0 0.0 0.0 0.0 0.0 0.0 0.0 0.0 0.0 0.0 0.0 0.0 0.0 0.0 0.0 0.0 0.0 0.416917077 0.008102650086 0.007951292692 0.008001932341 0.008053659312 0.007992361857 0.008058971886 0.007907609831 0.007955652528 0.007945329504 0.007980529807 0.007972091917 0.007931357762 0.007986964937 0.007992261536 0.00796790718 0.007989385421 0.007973050162 0.007964633675 0.007951952435 0.007974230135 0.00798928274 0.007972000198 0.007927663021 0.007846115422 0.008021868862 0.007993044631 0.007825849287 0.007845860669 0.007988667987 0.008002580727 0.0 0.0 0.0 0.0 0.0 0.0 0.0 0.0 0.0 0.0 0.0 0.0 0.0 0.0 0.0 0.0 0.0 0.0 0.0 0.0 0.0 0.0 0.0 0.0 0.0 0.0 0.0 0.0 0.0 0.0 0.0 0.0 0.0 0.0 0.0 0.0 0.0 0.0 0.0 0.0 0.0 0.0 0.0 0.0 0.0 0.0 0.0 0.0 0.0 0.0 0.0 0.0 0.0
0.0 0.0 0.0 0.0 0.0 0.0 0.0 0.0 0.0 0.0 0.0 0.0 0.0 0.0 0.0 0.0 0.0 0.0 0.0 0.0 0.0 0.0 0.0 0.0 0.0 0.008102650086 0.948279438944 0.007943391135 0.008073063542 0.00809134807 0.007777153034 0.008181720123 0.008279783098 0.007752046319 0.007878644846 0.007698447452 0.0077999074 0.007922915511 0.007936268871 0.007781478618 0.007852631941 0.00783179566 0.007714942989 0.007907440684 0.00808820359 0.008146875179 0.00779911719 0.007663765567 0.007968738938 0.007937508508 0.008087043003 0.007862782363 0.008215498319 0.008128544712 0.008301901489 0.007838009765 0.0 0.0 0.0 0.0 0.0 0.0 0.0 0.0 0.0 0.0 0.0 0.0 0.0 0.0 0.0 0.0 0.0 0.0 0.0 0.0 0.0 0.0 0.0 0.0 0.0 0.0 0.0 0.0 0.0 0.0 0.0 0.0 0.0 0.0 0.0 0.0 0.0 0.0 0.0 0.0 0.0 0.0 0.0 0.0 0.0 0.0 0.0 0.0 0.0 0.0 0.0 0.0 0.0
0.0 0.0 0.0 0.0 0.0 0.0 0.0 0.0 0.0 0.0 0.0 0.0 0.0 0.0 0.0 0.0 0.0 0.0 0.0 0.0 0.0 0.0 0.0 0.0 0.0 0.007951292692 0.007943391135 0.426637117765 0.008118223682 0.007941678766 0.007587927976 0.007827791474 0.008272974028 0.007975463817 0.008130587556 0.007710105421 0.00793421425 0.008162915407 0.008006615121 0.007813269047 0.008026928723 0.007945412107 0.007797829895 0.008082263911 0.00816287658 0.008151259173 0.007885935646 0.007694601995 0.008198606536 0.008314394707 0.008013850745 0.007913862223 0.008365367756 0.008310957333 0.008133806084 0.007649327787 0.0 0.0 0.0 0.0 0.0 0.0 0.0 0.0 0.0 0.0 0.0 0.0 0.0 0.0 0.0 0.0 0.0 0.0 0.0 0.0 0.0 0.0 0.0 0.0 0.0 0.0 0.0 0.0 0.0 0.0 0.0 0.0 0.0 0.0 0.0 0.0 0.0 0.0 0.0 0.0 0.0 0.0 0.0 0.0 0.0 0.0 0.0 0.0 0.0 0.0 0.0 0.0 0.0
0.0 0.0 0.0 0.0 0.0 0.0 0.0 0.0 0.0 0.0 0.0 0.0 0.0 0.0 0.0 0.0 0.0 0.0 0.0 0.0 0.0 0.0 0.0 0.0 0.0 0.008001932341 0.008073063542 0.008118223682 0.543564587808 0.008010744498 0.007759334564 0.007940531668 0.008218921926 0.007961688935 0.008044376902 0.007789560724 0.007933345428 0.008083211853 0.007983233394 0.007869666269 0.007989351862 0.007947947669 0.007844027123 0.008026374754 0.008111020376 0.008114505108 0.007904737226 0.007778738041 0.008105134669 0.008129869572 0.008032163131 0.007930093381 0.008209655434 0.00818317502 0.008141600763 0.007778241733 0.0 0.0 0.0 0.0 0.0 0.0 0.0 0.0 0.0 0.0 0.0 0.0 0.0 0.0 0.0 0.0 0.0 0.0 0.0 0.0 0.0 0.0 0.0 0.0 0.0 0.0 0.0 0.0 0.0 0.0 0.0 0.0 0.0 0.0 0.0 0.0 0.0 0.0 0.0 0.0 0.0 0.0 0.0 0.0 0.0 0.0 0.0 0.0 0.0 0.0 0.0 0.0 0.0
0.0 0.0 0.0 0.0 0.0 0.0 0.0 0.0 0.0 0.0 0.0 0.0 0.0 0.0 0.0 0.0 0.0 0.0 0.0 0.0 0.0 0.0 0.0 0.0 0.0 0.008053659312 0.00809134807 0.007941678766 0.008010744498 0.440681592688 0.008161438582 0.008107006342 0.007828985465 0.007994452196 0.007927761891 0.008080239566 0.008011499409 0.007899250733 0.007977513301 0.008057714036 0.007969302828 0.008026409361 0.008042844706 0.007948040206 0.007905312191 0.007918459296 0.008030463646 0.008068834652 0.007882325614 0.007769260332 0.008006155744 0.008015065343 0.007714913068 0.007756373633 0.007924451661 0.008112149818 0.0 0.0 0.0 0.0 0.0 0.0 0.0 0.0 0.0 0.0 0.0 0.0 0.0 0.0 0.0 0.0 0.0 0.0 0.0 0.0 0.0 0.0 0.0 0.0 0.0 0.0 0.0 0.0 0.0 0.0 0.0 0.0 0.0 0.0 0.0 0.0 0.0 0.0 0.0 0.0 0.0 0.0 0.0 0.0 0.0 0.0 0.0 0.0 0.0 0.0 0.0 0.0 0.0
0.0 0.0 0.0 0.0 0.0 0.0 0.0 0.0 0.0 0.0 0.0 0.0 0.0 0.0 0.0 0.0 0.0 0.0 0.0 0.0 0.0 0.0 0.0 0.0 0.0 0.007992361857 0.007777153034 0.007587927976 0.007759334564 0.008161438582 4.50809397606 0.008452550405 0.00680636943 0.008551822966 0.007509166608 0.009724759632 0.00848540417 0.007500889154 0.00785054843 0.009132954368 0.007972581816 0.00841737219 0.009269474836 0.007710773267 0.007263360558 0.007088485515 0.00864847787 0.00985876884 0.007247330073 0.006715428789 0.007738716633 0.008462150199 0.006153313512 0.00662594612 0.007006300167 0.009894254004 0.0 0.0 0.0 0.0 0.0 0.0 0.0 0.0 0.0 0.0 0.0 0.0 0.0 0.0 0.0 0.0 0.0 0.0 0.0 0.0 0.0 0.0 0.0 0.0 0.0 0.0 0.0 0.0 0.0 0.0 0.0 0.0 0.0 0.0 0.0 0.0 0.0 0.0 0.0 0.0 0.0 0.0 0.0 0.0 0.0 0.0 0.0 0.0 0.0 0.0 0.0 0.0 0.0
0.0 0.0 0.0 0.0 0.0 0.0 0.0 0.0 0.0 0.0 0.0 0.0 0.0 0.0 0.0 0.0 0.0 0.0 0.0 0.0 0.0 0.0 0.0 0.0 0.0 0.008058971886 0.008181720123 0.007827791474 0.007940531668 0.008107006342 0.008452550405 0.62148508777 0.007788319467 0.007968339427 0.007787918156 0.008233440687 0.008001669969 0.00779439816 0.007965827992 0.008135171448 0.007911425835 0.007999311621 0.008123411695 0.007861287006 0.007865999396 0.00787167762 0.008048932192 0.008246089585 0.00774506629 0.007633555223 0.007984555298 0.008026777016 0.007653458874 0.007718921204 0.00793829706 0.008301300594 0.0 0.0 0.0 0.0 0.0 0.0 0.0 0.0 0.0 0.0 0.0 0.0 0.0 0.0 0.0 0.0 0.0 0.0 0.0 0.0 0.0 0.0 0.0 0.0 0.0 0.0 0.0 0.0 0.0 0.0 0.0 0.0 0.0 0.0 0.0 0.0 0.0 0.0 0.0 0.0 0.0 0.0 0.0 0.0 0.0 0.0 0.0 0.0 0.0 0.0 0.0 0.0 0.0
0.0 0.0 0.0 0.0 0.0 0.0 0.0 0.0 0.0 0.0 0.0 0.0 0.0 0.0 0.0 0.0 0.0 0.0 0.0 0.0 0.0 0.0 0.0 0.0 0.0 0.007907609831 0.008279783098 0.008272974028 0.008218921926 0.007828985465 0.00680636943 0.007788319467 0.389643397064 0.007605836141 0.008155210913 0.007008339967 0.007597805217 0.008336542634 0.007984429417 0.007274446073 0.007884818015 0.007595133145 0.007214579302 0.008077012852 0.008602378815 0.008639869268 0.007486193069 0.006976163977 0.008525010287 0.00891668987 0.008096158892 0.007646832195 0.009682027326 0.009329224933 0.008868089495 0.00701880146 0.0 0.0 0.0 0.0 0.0 0.0 0.0 0.0 0.0 0.0 0.0 0.0 0.0 0.0 0.0 0.0 0.0 0.0 0.0 0.0 0.0 0.0 0.0 0.0 0.0 0.0 0.0 0.0 0.0 0.0 0.0 0.0 0.0 0.0 0.0 0.0 0.0 0.0 0.0 0.0 0.0 0.0 0.0 0.0 0.0 0.0 0.0 0.0 0.0 0.0 0.0 0.0 0.0
0.0 0.0 0.0 0.0 0.0 0.0 0.0 0.0 0.0 0.0 0.0 0.0 0.0 0.0 0.0 0.0 0.0 0.0 0.0 0.0 0.0 0.0 0.0 0.0 0.0 0.007955652528 0.007752046319 0.007975463817 0.007961688935 0.007994452196 0.008551822966 0.007968339427 0.007605836141 1.0776551314 0.007962340029 0.008456300741 0.008220165945 0.007938009988 0.007959214252 0.00835602259 0.008075142806 0.008186493056 0.008401862667 0.007990760124 0.007775091661 0.007697946438 0.008235223805 0.008492612813 0.00786663912 0.007688692695 0.007903650033 0.008152410208 0.00740043045 0.00757342331 0.007605987456 0.008413269489 0.0 0.0 0.0 0.0 0.0 0.0 0.0 0.0 0.0 0.0 0.0 0.0 0.0 0.0 0.0 0.0 0.0 0.0 0.0 0.0 0.0 0.0 0.0 0.0 0.0 0.0 0.0 0.0 0.0 0.0 0.0 0.0 0.0 0.0 0.0 0.0 0.0 0.0 0.0 0.0 0.0 0.0 0.0 0.0 0.0 0.0 0.0 0.0 0.0 0.0 0.0 0.0 0.0
0.0 0.0 0.0 0.0 0.0 0.0 0.0 0.0 0.0 0.0 0.0 0.0 0.0 0.0 0.0 0.0 0.0 0.0 0.0 0.0 0.0 0.0 0.0 0.0 0.0 0.007945329504 0.007878644846 0.008130587556 0.008044376902 0.007927761891 0.007509166608 0.007787918156 0.008155210913 0.007962340029 0.263974064641 0.007701989401 0.007946639085 0.008138654193 0.00802519357 0.007798839961 0.008046197205 0.00797000548 0.00779591115 0.008098054776 0.008098075702 0.008113731542 0.007900150045 0.007666562064 0.008179284673 0.00829212863 0.008009799742 0.007924366133 0.008296691956 0.008210302684 0.008058708991 0.007641925724 0.0 0.0 0.0 0.0 0.0 0.0 0.0 0.0 0.0 0.0 0.0 0.0 0.0 0.0 0.0 0.0 0.0 0.0 0.0 0.0 0.0 0.0 0.0 0.0 0.0 0.0 0.0 0.0 0.0 0.0 0.0 0.0 0.0 0.0 0.0 0.0 0.0 0.0 0.0 0.0 0.0 0.0 0.0 0.0 0.0 0.0 0.0 0.0 0.0 0.0 0.0 0.0 0.0
0.0 0.0 0.0 0.0 0.0 0.0 0.0 0.0 0.0 0.0 0.0 0.0 0.0 0.0 0.0 0.0 0.0 0.0 0.0 0.0 0.0 0.0 0.0 0.0 0.0 0.007980529807 0.007698447452 0.007710105421 0.007789560724 0.008080239566 0.009724759632 0.008233440687 0.007008339967 0.008456300741 0.007701989401 1.7444470795 0.008428664732 0.007645847164 0.007899440064 0.008883935195 0.008034486398 0.008348491496 0.00898947238 0.00782002306 0.007412924858 0.00730143711 0.008526850367 0.009382246714 0.007498354951 0.007059306034 0.007795167482 0.008368794913 0.0065577199 0.00691312325 0.007192608588 0.009309622573 0.0 0.0 0.0 0.0 0.0 0.0 0.0 0.0 0.0 0.0 0.0 0.0 0.0 0.0 0.0 0.0 0.0 0.0 0.0 0.0 0.0 0.0 0.0 0.0 0.0 0.0 0.0 0.0 0.0 0.0 0.0 0.0 0.0 0.0 0.0 0.0 0.0 0.0 0.0 0.0 0.0 0.0 0.0 0.0 0.0 0.0 0.0 0.0 0.0 0.0 0.0 0.0 0.0
0.0 0.0 0.0 0.0 0.0 0.0 0.0 0.0 0.0 0.0 0.0 0.0 0.0 0.0 0.0 0.0 0.0 0.0 0.0 0.0 0.0 0.0 0.0 0.0 0.0 0.007972091917 0.0077999074 0.00793421425 0.007933345428 0.008011499409 0.00848540417 0.008001669969 0.007597805217 0.008220165945 0.007946639085 0.008428664732 0.923477009676 0.007907232429 0.007974519751 0.008323955185 0.008053733612 0.008166028338 0.008353056906 0.00797344447 0.007774942411 0.007719132336 0.008217216174 0.008452965026 0.007835454373 0.007679905875 0.007915628457 0.008145834438 0.007423337265 0.007569334783 0.007639309942 0.008378423138 0.0 0.0 0.0 0.0 0.0 0.0 0.0 0.0 0.0 0.0 0.0 0.0 0.0 0.0 0.0 0.0 0.0 0.0 0.0 0.0 0.0 0.0 0.0 0.0 0.0 0.0 0.0 0.0 0.0 0.0 0.0 0.0 0.0 0.0 0.0 0.0 0.0 0.0 0.0 0.0 0.0 0.0 0.0 0.0 0.0 0.0 0.0 0.0 0.0 0.0 0.0 0.0 0.0
0.0 0.0 0.0 0.0 0.0 0.0 0.0 0.0 0.0 0.0 0.0 0.0 0.0 0.0 0.0 0.0 0.0 0.0 0.0 0.0 0.0 0.0 0.0 0.0 0.0 0.007931357762 0.007922915511 0.008162915407 0.008083211853 0.007899250733 0.007500889154 0.00779439816 0.008336542634 0.007938009988 0.008138654193 0.007645847164 0.007907232429 0.410960860573 0.008016626989 0.007764591689 0.008024018221 0.007905035326 0.00775059253 0.008087581946 0.008200075029 0.008187043812 0.007856425016 0.007641657532 0.0082414017 0.008382293922 0.008014684323 0.007889082437 0.008480225056 0.008399843672 0.00818131967 0.007592248641 0.0 0.0 0.0 0.0 0.0 0.0 0.0 0.0 0.0 0.0 0.0 0.0 0.0 0.0 0.0 0.0 0.0 0.0 0.0 0.0 0.0 0.0 0.0 0.0 0.0 0.0 0.0 0.0 0.0 0.0 0.0 0.0 0.0 0.0 0.0 0.0 0.0 0.0 0.0 0.0 0.0 0.0 0.0 0.0 0.0 0.0 0.0 0.0 0.0 0.0 0.0 0.0 0.0
0.0 0.0 0.0 0.0 0.0 0.0 0.0 0.0 0.0 0.0 0.0 0.0 0.0 0.0 0.0 0.0 0.0 0.0 0.0 0.0 0.0 0.0 0.0 0.0 0.0 0.007986964937 0.007936268871 0.008006615121 0.007983233394 0.007977513301 0.00785054843 0.007965827992 0.007984429417 0.007959214252 0.00802519357 0.007899440064 0.007974519751 0.008016626989 0.722254102532 0.007929473853 0.00801633289 0.007980077996 0.007922353359 0.008011971435 0.008036917168 0.008046303128 0.007978332737 0.007908768923 0.008000852668 0.008072191865 0.008004060083 0.00797239319 0.008073309174 0.008050957079 0.008043136732 0.007847620251 0.0 0.0 0.0 0.0 0.0 0.0 0.0 0.0 0.0 0.0 0.0 0.0 0.0 0.0 0.0 0.0 0.0 0.0 0.0 0.0 0.0 0.0 0.0 0.0 0.0 0.0 0.0 0.0 0.0 0.0 0.0 0.0 0.0 0.0 0.0 0.0 0.0 0.0 0.0 0.0 0.0 0.0 0.0 0.0 0.0 0.0 0.0 0.0 0.0 0.0 0.0 0.0 0.0
0.0 0.0 0.0 0.0 0.0 0.0 0.0 0.0 0.0 0.0 0.0 0.0 0.0 0.0 0.0 0.0 0.0 0.0 0.0 0.0 0.0 0.0 0.0 0.0 0.0 0.007992261536 0.007781478618 0.007813269047 0.007869666269 0.008057714036 0.009132954368 0.008135171448 0.007274446073 0.00835602259 0.007798839961 0.008883935195 0.008323955185 0.007764591689 0.007929473853 1.81912268345 0.008047224991 0.008267086496 0.008684103654 0.007893378856 0.00757657439 0.007482558773 0.008397197567 0.00893216399 0.007637960996 0.007314006375 0.007863096097 0.008285712583 0.006909733407 0.007187614624 0.007399427335 0.008863410016 0.0 0.0 0.0 0.0 0.0 0.0 0.0 0.0 0.0 0.0 0.0 0.0 0.0 0.0 0.0 0.0 0.0 0.0 0.0 0.0 0.0 0.0 0.0 0.0 0.0 0.0 0.0 0.0 0.0 0.0 0.0 0.0 0.0 0.0 0.0 0.0 0.0 0.0 0.0 0.0 0.0 0.0 0.0 0.0 0.0 0.0 0.0 0.0 0.0 0.0 0.0 0.0 0.0
0.0 0.0 0.0 0.0 0.0 0.0 0.0 0.0 0.0 0.0 0.0 0.0 0.0 0.0 0.0 0.0 0.0 0.0 0.0 0.0 0.0 0.0 0.0 0.0 0.0 0.00796790718 0.007852631941 0.008026928723 0.007989351862 0.007969302828 0.007972581816 0.007911425835 0.007884818015 0.008075142806 0.008046197205 0.008034486398 0.008053733612 0.008024018221 0.00801633289 0.008047224991 0.573836261446 0.008054060962 0.008054627207 0.008033172082 0.007956156249 0.007936129962 0.008053355661 0.008044188364 0.008001065299 0.007987787427 0.007974287965 0.008027836117 0.007873058083 0.007907108137 0.007879518773 0.007983997406 0.0 0.0 0.0 0.0 0.0 0.0 0.0 0.0 0.0 0.0 0.0 0.0 0.0 0.0 0.0 0.0 0.0 0.0 0.0 0.0 0.0 0.0 0.0 0.0 0.0 0.0 0.0 0.0 0.0 0.0 0.0 0.0 0.0 0.0 0.0 0.0 0.0 0.0 0.0 0.0 0.0 0.0 0.0 0.0 0.0 0.0 0.0 0.0 0.0 0.0 0.0 0.0 0.0
0.0 0.0 0.0 0.0 0.0 0.0 0.0 0.0 0.0 0.0 0.0 0.0 0.0 0.0 0.0 0.0 0.0 0.0 0.0 0.0 0.0 0.0 0.0 0.0 0.0 0.007989385421 0.00783179566 0.007945412107 0.007947947669 0.008026409361 0.00841737219 0.007999311621 0.007595133145 0.008186493056 0.00797000548 0.008348491496 0.008166028338 0.007905035326 0.007980077996 0.008267086496 0.008054060962 0.775829660618 0.008290552723 0.007983561977 0.007775613166 0.007742074009 0.008186653343 0.008362090337 0.007842881273 0.007702512924 0.007931184587 0.008117676416 0.007445511827 0.007568911114 0.007651397782 0.008312659439 0.0 0.0 0.0 0.0 0.0 0.0 0.0 0.0 0.0 0.0 0.0 0.0 0.0 0.0 0.0 0.0 0.0 0.0 0.0 0.0 0.0 0.0 0.0 0.0 0.0 0.0 0.0 0.0 0.0 0.0 0.0 0.0 0.0 0.0 0.0 0.0 0.0 0.0 0.0 0.0 0.0 0.0 0.0 0.0 0.0 0.0 0.0 0.0 0.0 0.0 0.0 0.0 0.0
0.0 0.0 0.0 0.0 0.0 0.0 0.0 0.0 0.0 0.0 0.0 0.0 0.0 0.0 0.0 0.0 0.0 0.0 0.0 0.0 0.0 0.0 0.0 0.0 0.0 0.007973050162 0.007714942989 0.007797829895 0.007844027123 0.008042844706 0.009269474836 0.008123411695 0.007214579302 0.008401862667 0.00779591115 0.00898947238 0.008353056906 0.00775059253 0.007922353359 0.008684103654 0.008054627207 0.008290552723 0.812012427394 0.007889445881 0.007540883563 0.00744094251 0.008425510347 0.009051964094 0.00762332635 0.007282961489 0.007836410704 0.008298321971 0.006854426712 0.007141762874 0.007341613376 0.008962752426 0.0 0.0 0.0 0.0 0.0 0.0 0.0 0.0 0.0 0.0 0.0 0.0 0.0 0.0 0.0 0.0 0.0 0.0 0.0 0.0 0.0 0.0 0.0 0.0 0.0 0.0 0.0 0.0 0.0 0.0 0.0 0.0 0.0 0.0 0.0 0.0 0.0 0.0 0.0 0.0 0.0 0.0 0.0 0.0 0.0 0.0 0.0 0.0 0.0 0.0 0.0 0.0 0.0
0.0 0.0 0.0 0.0 0.0 0.0 0.0 0.0 0.0 0.0 0.0 0.0 0.0 0.0 0.0 0.0 0.0 0.0 0.0 0.0 0.0 0.0 0.0 0.0 0.0 0.007964633675 0.007907440684 0.008082263911 0.008026374754 0.007948040206 0.007710773267 0.007861287006 0.008077012852 0.007990760124 0.008098054776 0.00782002306 0.00797344447 0.008087581946 0.008011971435 0.007893378856 0.008033172082 0.007983561977 0.007889445881 1.0168377446 0.008056391401 0.008057493661 0.007945220166 0.007815941042 0.0081056118 0.008160806311 0.008002929393 0.00795553393 0.008144158966 0.008106442193 0.00801855541 0.007793705869 0.0 0.0 0.0 0.0 0.0 0.0 0.0 0.0 0.0 0.0 0.0 0.0 0.0 0.0 0.0 0.0 0.0 0.0 0.0 0.0 0.0 0.0 0.0 0.0 0.0 0.0 0.0 0.0 0.0 0.0 0.0 0.0 0.0 0.0 0.0 0.0 0.0 0.0 0.0 0.0 0.0 0.0 0.0 0.0 0.0 0.0 0.0 0.0 0.0 0.0 0.0 0.0 0.0
0.0 0.0 0.0 0.0 0.0 0.0 0.0 0.0 0.0 0.0 0.0 0.0 0.0 0.0 0.0 0.0 0.0 0.0 0.0 0.0 0.0 0.0 0.0 0.0 0.0 0.007951952435 0.00808820359 0.00816287658 0.008111020376 0.007905312191 0.007263360558 0.007865999396 0.008602378815 0.007775091661 0.008098075702 0.007412924858 0.007774942411 0.008200075029 0.008036917168 0.00757657439 0.007956156249 0.007775613166 0.007540883563 0.008056391401 0.400731854203 0.008377153513 0.007724767404 0.007409030458 0.008274462662 0.008528327642 0.008062958165 0.007798134113 0.008861798979 0.008699580086 0.008494403836 0.007379484207 0.0 0.0 0.0 0.0 0.0 0.0 0.0 0.0 0.0 0.0 0.0 0.0 0.0 0.0 0.0 0.0 0.0 0.0 0.0 0.0 0.0 0.0 0.0 0.0 0.0 0.0 0.0 0.0 0.0 0.0 0.0 0.0 0.0 0.0 0.0 0.0 0.0 0.0 0.0 0.0 0.0 0.0 0.0 0.0 0.0 0.0 0.0 0.0 0.0 0.0 0.0 0.0 0.0
0.0 0.0 0.0 0.0 0.0 0.0 0.0 0.0 0.0 0.0 0.0 0.0 0.0 0.0 0.0 0.0 0.0 0.0 0.0 0.0 0.0 0.0 0.0 0.0 0.0 0.007974230135 0.008146875179 0.008151259173 0.008114505108 0.007918459296 0.007088485515 0.00787167762 0.008639869268 0.007697946438 0.008113731542 0.00730143711 0.007719132336 0.008187043812 0.008046303128 0.007482558773 0.007936129962 0.007742074009 0.00744094251 0.008057493661 0.008377153513 0.69618453132 0.0076712869 0.007267722542 0.008277340431 0.008556223038 0.008093144888 0.007760613821 0.008932173777 0.008718779518 0.008552982632 0.007272397474 0.0 0.0 0.0 0.0 0.0 0.0 0.0 0.0 0.0 0.0 0.0 0.0 0.0 0.0 0.0 0.0 0.0 0.0 0.0 0.0 0.0 0.0 0.0 0.0 0.0 0.0 0.0 0.0 0.0 0.0 0.0 0.0 0.0 0.0 0.0 0.0 0.0 0.0 0.0 0.0 0.0 0.0 0.0 0.0 0.0 0.0 0.0 0.0 0.0 0.0 0.0 0.0 0.0
0.0 0.0 0.0 0.0 0.0 0.0 0.0 0.0 0.0 0.0 0.0 0.0 0.0 0.0 0.0 0.0 0.0 0.0 0.0 0.0 0.0 0.0 0.0 0.0 0.0 0.00798928274 0.00779911719 0.007885935646 0.007904737226 0.008030463646 0.00864847787 0.008048932192 0.007486193069 0.008235223805 0.007900150045 0.008526850367 0.008217216174 0.007856425016 0.007978332737 0.008397197567 0.008053355661 0.008186653343 0.008425510347 0.007945220166 0.007724767404 0.0076712869 1.11122901164 0.008562723188 0.007779779436 0.0075724729 0.007906502722 0.008172610498 0.007278084983 0.007455153975 0.00759121603 0.008504597503 0.0 0.0 0.0 0.0 0.0 0.0 0.0 0.0 0.0 0.0 0.0 0.0 0.0 0.0 0.0 0.0 0.0 0.0 0.0 0.0 0.0 0.0 0.0 0.0 0.0 0.0 0.0 0.0 0.0 0.0 0.0 0.0 0.0 0.0 0.0 0.0 0.0 0.0 0.0 0.0 0.0 0.0 0.0 0.0 0.0 0.0 0.0 0.0 0.0 0.0 0.0 0.0 0.0
0.0 0.0 0.0 0.0 0.0 0.0 0.0 0.0 0.0 0.0 0.0 0.0 0.0 0.0 0.0 0.0 0.0 0.0 0.0 0.0 0.0 0.0 0.0 0.0 0.0 0.007972000198 0.007663765567 0.007694601995 0.007778738041 0.008068834652 0.00985876884 0.008246089585 0.006976163977 0.008492612813 0.007666562064 0.009382246714 0.008452965026 0.007641657532 0.007908768923 0.00893216399 0.008044188364 0.008362090337 0.009051964094 0.007815941042 0.007409030458 0.007267722542 0.008562723188 1.13747827928 0.007454563653 0.007024469787 0.007779417961 0.008394730722 0.006492048642 0.006885254479 0.007166582657 0.009380148258 0.0 0.0 0.0 0.0 0.0 0.0 0.0 0.0 0.0 0.0 0.0 0.0 0.0 0.0 0.0 0.0 0.0 0.0 0.0 0.0 0.0 0.0 0.0 0.0 0.0 0.0 0.0 0.0 0.0 0.0 0.0 0.0 0.0 0.0 0.0 0.0 0.0 0.0 0.0 0.0 0.0 0.0 0.0 0.0 0.0 0.0 0.0 0.0 0.0 0.0 0.0 0.0 0.0
0.0 0.0 0.0 0.0 0.0 0.0 0.0 0.0 0.0 0.0 0.0 0.0 0.0 0.0 0.0 0.0 0.0 0.0 0.0 0.0 0.0 0.0 0.0 0.0 0.0 0.007927663021 0.007968738938 0.008198606536 0.008105134669 0.007882325614 0.007247330073 0.00774506629 0.008525010287 0.00786663912 0.008179284673 0.007498354951 0.007835454373 0.0082414017 0.008000852668 0.007637960996 0.008001065299 0.007842881273 0.00762332635 0.0081056118 0.008274462662 0.008277340431 0.007779779436 0.007454563653 2.40701676501 0.008520196765 0.008030548028 0.007825495186 0.008711456252 0.00857813002 0.008294619157 0.007448111777 0.0 0.0 0.0 0.0 0.0 0.0 0.0 0.0 0.0 0.0 0.0 0.0 0.0 0.0 0.0 0.0 0.0 0.0 0.0 0.0 0.0 0.0 0.0 0.0 0.0 0.0 0.0 0.0 0.0 0.0 0.0 0.0 0.0 0.0 0.0 0.0 0.0 0.0 0.0 0.0 0.0 0.0 0.0 0.0 0.0 0.0 0.0 0.0 0.0 0.0 0.0 0.0 0.0
0.0 0.0 0.0 0.0 0.0 0.0 0.0 0.0 0.0 0.0 0.0 0.0 0.0 0.0 0.0 0.0 0.0 0.0 0.0 0.0 0.0 0.0 0.0 0.0 0.0 0.007846115422 0.007937508508 0.008314394707 0.008129869572 0.007769260332 0.006715428789 0.007633555223 0.00891668987 0.007688692695 0.00829212863 0.007059306034 0.007679905875 0.008382293922 0.008072191865 0.007314006375 0.007987787427 0.007702512924 0.007282961489 0.008160806311 0.008528327642 0.008556223038 0.0075724729 0.007024469787 0.008520196765 1.03961579442 0.008044058334 0.007688724771 0.009492553872 0.009190351526 0.008597417334 0.006973772277 0.0 0.0 0.0 0.0 0.0 0.0 0.0 0.0 0.0 0.0 0.0 0.0 0.0 0.0 0.0 0.0 0.0 0.0 0.0 0.0 0.0 0.0 0.0 0.0 0.0 0.0 0.0 0.0 0.0 0.0 0.0 0.0 0.0 0.0 0.0 0.0 0.0 0.0 0.0 0.0 0.0 0.0 0.0 0.0 0.0 0.0 0.0 0.0 0.0 0.0 0.0 0.0 0.0
0.0 0.0 0.0 0.0 0.0 0.0 0.0 0.0 0.0 0.0 0.0 0.0 0.0 0.0 0.0 0.0 0.0 0.0 0.0 0.0 0.0 0.0 0.0 0.0 0.0 0.008021868862 0.008087043003 0.008013850745 0.008032163131 0.008006155744 0.007738716633 0.007984555298 0.008096158892 0.007903650033 0.008009799742 0.007795167482 0.007915628457 0.008014684323 0.008004060083 0.007863096097 0.007974287965 0.007931184587 0.007836410704 0.008002929393 0.008062958165 0.008093144888 0.007906502722 0.007779417961 0.008030548028 0.008044058334 0.484201930832 0.007934656383 0.008116862365 0.008074236479 0.008131266145 0.007804719741 0.0 0.0 0.0 0.0 0.0 0.0 0.0 0.0 0.0 0.0 0.0 0.0 0.0 0.0 0.0 0.0 0.0 0.0 0.0 0.0 0.0 0.0 0.0 0.0 0.0 0.0 0.0 0.0 0.0 0.0 0.0 0.0 0.0 0.0 0.0 0.0 0.0 0.0 0.0 0.0 0.0 0.0 0.0 0.0 0.0 0.0 0.0 0.0 0.0 0.0 0.0 0.0 0.0
0.0 0.0 0.0 0.0 0.0 0.0 0.0 0.0 0.0 0.0 0.0 0.0 0.0 0.0 0.0 0.0 0.0 0.0 0.0 0.0 0.0 0.0 0.0 0.0 0.0 0.007993044631 0.007862782363 0.007913862223 0.007930093381 0.008015065343 0.008462150199 0.008026777016 0.007646832195 0.008152410208 0.007924366133 0.008368794913 0.008145834438 0.007889082437 0.00797239319 0.008285712583 0.008027836117 0.008117676416 0.008298321971 0.00795553393 0.007798134113 0.007760613821 0.008172610498 0.008394730722 0.007825495186 0.007688724771 0.007934656383 1.94029573556 0.00748903832 0.007606281475 0.007714134496 0.008365884899 0.0 0.0 0.0 0.0 0.0 0.0 0.0 0.0 0.0 0.0 0.0 0.0 0.0 0.0 0.0 0.0 0.0 0.0 0.0 0.0 0.0 0.0 0.0 0.0 0.0 0.0 0.0 0.0 0.0 0.0 0.0 0.0 0.0 0.0 0.0 0.0 0.0 0.0 0.0 0.0 0.0 0.0 0.0 0.0 0.0 0.0 0.0 0.0 0.0 0.0 0.0 0.0 0.0
0.0 0.0 0.0 0.0 0.0 0.0 0.0 0.0 0.0 0.0 0.0 0.0 0.0 0.0 0.0 0.0 0.0 0.0 0.0 0.0 0.0 0.0 0.0 0.0 0.0 0.007825849287 0.008215498319 0.008365367756 0.008209655434 0.007714913068 0.006153313512 0.007653458874 0.009682027326 0.00740043045 0.008296691956 0.0065577199 0.007423337265 0.008480225056 0.008073309174 0.006909733407 0.007873058083 0.007445511827 0.006854426712 0.008144158966 0.008861798979 0.008932173777 0.007278084983 0.006492048642 0.008711456252 0.009492553872 0.008116862365 0.00748903832 0.342653529566 0.009956949348 0.009203879385 0.006511920302 0.0 0.0 0.0 0.0 0.0 0.0 0.0 0.0 0.0 0.0 0.0 0.0 0.0 0.0 0.0 0.0 0.0 0.0 0.0 0.0 0.0 0.0 0.0 0.0 0.0 0.0 0.0 0.0 0.0 0.0 0.0 0.0 0.0 0.0 0.0 0.0 0.0 0.0 0.0 0.0 0.0 0.0 0.0 0.0 0.0 0.0 0.0 0.0 0.0 0.0 0.0 0.0 0.0
0.0 0.0 0.0 0.0 0.0 0.0 0.0 0.0 0.0 0.0 0.0 0.0 0.0 0.0 0.0 0.0 0.0 0.0 0.0 0.0 0.0 0.0 0.0 0.0 0.0 0.007845860669 0.008128544712 0.008310957333 0.00818317502 0.007756373633 0.00662594612 0.007718921204 0.009329224933 0.00757342331 0.008210302684 0.00691312325 0.007569334783 0.008399843672 0.008050957079 0.007187614624 0.007907108137 0.007568911114 0.007141762874 0.008106442193 0.008699580086 0.008718779518 0.007455153975 0.006885254479 0.00857813002 0.009190351526 0.008074236479 0.007606281475 0.009956949348 0.382619174844 0.008948364586 0.006855234362 0.0 0.0 0.0 0.0 0.0 0.0 0.0 0.0 0.0 0.0 0.0 0.0 0.0 0.0 0.0 0.0 0.0 0.0 0.0 0.0 0.0 0.0 0.0 0.0 0.0 0.0 0.0 0.0 0.0 0.0 0.0 0.0 0.0 0.0 0.0 0.0 0.0 0.0 0.0 0.0 0.0 0.0 0.0 0.0 0.0 0.0 0.0 0.0 0.0 0.0 0.0 0.0 0.0
