112 112
0.167159953576 0.006830171762 0.006754034774 0.006682864776 0.006757884109 0.00677152589 0.006761652753 0.006820855311 0.006890692281 0.006839887622 0.006795912703 0.006748269935 0.0067338391 0.006733336759 0.006817719904 0.00679257331 0.006810249152 0.006797777805 0.006704044822 0.006697022991 0.006724919318 0.006726795116 0.006863975096 0.006796793023 0.006737630229 0.006741021086 0.006815088354 0.0 0.0 0.0 0.0 0.0 0.0 0.0 0.0 0.0 0.0 0.0 0.0 0.0 0.0 0.0 0.0 0.0 0.0 0.0 0.0 0.0 0.0 0.0 0.0 0.0 0.0 0.0 0.0 0.0 0.0 0.0 0.0 0.0 0.0 0.0 0.0 0.0 0.0 0.0 0.0 0.0 0.0 0.0 0.0 0.0 0.0 0.0 0.0 0.0 0.0 0.0 0.0 0.0 0.0 0.0 0.0 0.0 0.0 0.0 0.0 0.0 0.0 0.0 0.0 0.0 0.0 0.0 0.0 0.0 0.0 0.0 0.0 0.0 0.0 0.0 0.0 0.0 0.0 0.0 0.0 0.0 0.0 0.0 0.0 0.0
0.006830171762 0.177332557491 0.006672040117 0.006468573375 0.006670001242 0.006775480082 0.006690931425 0.006797747966 0.007038695176 0.00689329928 0.006768707042 0.006635440866 0.006600908927 0.006581953522 0.006950132834 0.006777493678 0.006988779881 0.00674429974 0.006497221738 0.006476953859 0.00657965069 0.006603338182 0.006881502387 0.00674039061 0.006618057482 0.006606425538 0.006749903053 0.0 0.0 0.0 0.0 0.0 0.0 0.0 0.0 0.0 0.0 0.0 0.0 0.0 0.0 0.0 0.0 0.0 0.0 0.0 0.0 0.0 0.0 0.0 0.0 0.0 0.0 0.0 0.0 0.0 0.0 0.0 0.0 0.0 0.0 0.0 0.0 0.0 0.0 0.0 0.0 0.0 0.0 0.0 0.0 0.0 0.0 0.0 0.0 0.0 0.0 0.0 0.0 0.0 0.0 0.0 0.0 0.0 0.0 0.0 0.0 0.0 0.0 0.0 0.0 0.0 0.0 0.0 0.0 0.0 0.0 0.0 0.0 0.0 0.0 0.0 0.0 0.0 0.0 0.0 0.0 0.0 0.0 0.0 0.0 0.0
0.006754034774 0.006672040117 0.659146452104 0.007278371856 0.006934241592 0.006785979687 0.00689649628 0.006801197392 0.006496611235 0.006607553223 0.006823101352 0.007015226699 0.007055732086 0.007120777791 0.006505192081 0.00680658807 0.00640331887 0.0068066967 0.007230942948 0.007253179268 0.007078556629 0.007021418937 0.006727685226 0.006881972196 0.007066938532 0.007070180823 0.006885150636 0.0 0.0 0.0 0.0 0.0 0.0 0.0 0.0 0.0 0.0 0.0 0.0 0.0 0.0 0.0 0.0 0.0 0.0 0.0 0.0 0.0 0.0 0.0 0.0 0.0 0.0 0.0 0.0 0.0 0.0 0.0 0.0 0.0 0.0 0.0 0.0 0.0 0.0 0.0 0.0 0.0 0.0 0.0 0.0 0.0 0.0 0.0 0.0 0.0 0.0 0.0 0.0 0.0 0.0 0.0 0.0 0.0 0.0 0.0 0.0 0.0 0.0 0.0 0.0 0.0 0.0 0.0 0.0 0.0 0.0 0.0 0.0 0.0 0.0 0.0 0.0 0.0 0.0 0.0 0.0 0.0 0.0 0.0 0.0 0.0
0.006682864776 0.006468573375 0.007278371856 5.44870504658 0.007323379695 0.006723651472 0.00718385426 0.00686663812 0.005720818468 0.006355936472 0.006874008516 0.007527224108 0.007712896218 0.007896092157 0.005989441938 0.006832757994 0.005796224496 0.007004564743 0.008569956484 0.008651470108 0.007848246345 0.007646049195 0.006504985537 0.007096320114 0.007617374099 0.007746410237 0.007025814079 0.0 0.0 0.0 0.0 0.0 0.0 0.0 0.0 0.0 0.0 0.0 0.0 0.0 0.0 0.0 0.0 0.0 0.0 0.0 0.0 0.0 0.0 0.0 0.0 0.0 0.0 0.0 0.0 0.0 0.0 0.0 0.0 0.0 0.0 0.0 0.0 0.0 0.0 0.0 0.0 0.0 0.0 0.0 0.0 0.0 0.0 0.0 0.0 0.0 0.0 0.0 0.0 0.0 0.0 0.0 0.0 0.0 0.0 0.0 0.0 0.0 0.0 0.0 0.0 0.0 0.0 0.0 0.0 0.0 0.0 0.0 0.0 0.0 0.0 0.0 0.0 0.0 0.0 0.0 0.0 0.0 0.0 0.0 0.0 0.0
0.006757884109 0.006670001242 0.006934241592 0.007323379695 0.209958282412 0.006751385991 0.00695324299 0.006818207872 0.006347927419 0.006653758632 0.006821277603 0.007049685429 0.007105217073 0.007138741314 0.006468468543 0.006796747708 0.006380595778 0.006920202387 0.007320325818 0.007340581728 0.007146431016 0.007099033854 0.006680343377 0.006895269767 0.007050046967 0.007106039878 0.006893398111 0.0 0.0 0.0 0.0 0.0 0.0 0.0 0.0 0.0 0.0 0.0 0.0 0.0 0.0 0.0 0.0 0.0 0.0 0.0 0.0 0.0 0.0 0.0 0.0 0.0 0.0 0.0 0.0 0.0 0.0 0.0 0.0 0.0 0.0 0.0 0.0 0.0 0.0 0.0 0.0 0.0 0.0 0.0 0.0 0.0 0.0 0.0 0.0 0.0 0.0 0.0 0.0 0.0 0.0 0.0 0.0 0.0 0.0 0.0 0.0 0.0 0.0 0.0 0.0 0.0 0.0 0.0 0.0 0.0 0.0 0.0 0.0 0.0 0.0 0.0 0.0 0.0 0.0 0.0 0.0 0.0 0.0 0.0 0.0 0.0
0.00677152589 0.006775480082 0.006785979687 0.006723651472 0.006751385991 0.195364856364 0.006755865374 0.006761528883 0.006799062385 0.006750182316 0.006778362626 0.006758768337 0.006746281937 0.006752791134 0.006789061368 0.006787308719 0.006776780968 0.006731463047 0.006735298987 0.006711153093 0.006738779118 0.006739339752 0.006775218175 0.00677536469 0.006769996525 0.00675430239 0.006763072554 0.0 0.0 0.0 0.0 0.0 0.0 0.0 0.0 0.0 0.0 0.0 0.0 0.0 0.0 0.0 0.0 0.0 0.0 0.0 0.0 0.0 0.0 0.0 0.0 0.0 0.0 0.0 0.0 0.0 0.0 0.0 0.0 0.0 0.0 0.0 0.0 0.0 0.0 0.0 0.0 0.0 0.0 0.0 0.0 0.0 0.0 0.0 0.0 0.0 0.0 0.0 0.0 0.0 0.0 0.0 0.0 0.0 0.0 0.0 0.0 0.0 0.0 0.0 0.0 0.0 0.0 0.0 0.0 0.0 0.0 0.0 0.0 0.0 0.0 0.0 0.0 0.0 0.0 0.0 0.0 0.0 0.0 0.0 0.0 0.0
0.006761652753 0.006690931425 0.00689649628 0.00718385426 0.00695324299 0.006755865374 0.327663212815 0.006806517169 0.006429466389 0.006684250767 0.006811571406 0.006987363698 0.00703084649 0.007050178971 0.006528846447 0.006790415896 0.006458420201 0.006897244262 0.007176681895 0.007198632639 0.007060573535 0.00702887062 0.006697930283 0.006865962911 0.006984122017 0.007026650691 0.006870366127 0.0 0.0 0.0 0.0 0.0 0.0 0.0 0.0 0.0 0.0 0.0 0.0 0.0 0.0 0.0 0.0 0.0 0.0 0.0 0.0 0.0 0.0 0.0 0.0 0.0 0.0 0.0 0.0 0.0 0.0 0.0 0.0 0.0 0.0 0.0 0.0 0.0 0.0 0.0 0.0 0.0 0.0 0.0 0.0 0.0 0.0 0.0 0.0 0.0 0.0 0.0 0.0 0.0 0.0 0.0 0.0 0.0 0.0 0.0 0.0 0.0 0.0 0.0 0.0 0.0 0.0 0.0 0.0 0.0 0.0 0.0 0.0 0.0 0.0 0.0 0.0 0.0 0.0 0.0 0.0 0.0 0.0 0.0 0.0 0.0
0.006820855311 0.006797747966 0.006801197392 0.00686663812 0.006818207872 0.006761528883 0.006806517169 0.232098777575 0.006769586418 0.006797540385 0.006803832166 0.006828769825 0.006832195545 0.006849565344 0.006739520404 0.006795522657 0.006717933448 0.00682817659 0.00688554221 0.006882946535 0.00683636829 0.006819075016 0.006830705496 0.00682811064 0.006823997129 0.00684438108 0.006841430961 0.0 0.0 0.0 0.0 0.0 0.0 0.0 0.0 0.0 0.0 0.0 0.0 0.0 0.0 0.0 0.0 0.0 0.0 0.0 0.0 0.0 0.0 0.0 0.0 0.0 0.0 0.0 0.0 0.0 0.0 0.0 0.0 0.0 0.0 0.0 0.0 0.0 0.0 0.0 0.0 0.0 0.0 0.0 0.0 0.0 0.0 0.0 0.0 0.0 0.0 0.0 0.0 0.0 0.0 0.0 0.0 0.0 0.0 0.0 0.0 0.0 0.0 0.0 0.0 0.0 0.0 0.0 0.0 0.0 0.0 0.0 0.0 0.0 0.0 0.0 0.0 0.0 0.0 0.0 0.0 0.0 0.0 0.0 0.0 0.0
0.006890692281 0.007038695176 0.006496611235 0.005720818468 0.006347927419 0.006799062385 0.006429466389 0.006769586418 0.124787380816 0.007061495843 0.006723233689 0.00625149138 0.006145917067 0.00609313524 0.007409790476 0.006752791405 0.007544427357 0.006541002637 0.005718106737 0.005718075606 0.006063961807 0.006144917716 0.00712361084 0.006586974823 0.006252352929 0.006151973637 0.006641634696 0.0 0.0 0.0 0.0 0.0 0.0 0.0 0.0 0.0 0.0 0.0 0.0 0.0 0.0 0.0 0.0 0.0 0.0 0.0 0.0 0.0 0.0 0.0 0.0 0.0 0.0 0.0 0.0 0.0 0.0 0.0 0.0 0.0 0.0 0.0 0.0 0.0 0.0 0.0 0.0 0.0 0.0 0.0 0.0 0.0 0.0 0.0 0.0 0.0 0.0 0.0 0.0 0.0 0.0 0.0 0.0 0.0 0.0 0.0 0.0 0.0 0.0 0.0 0.0 0.0 0.0 0.0 0.0 0.0 0.0 0.0 0.0 0.0 0.0 0.0 0.0 0.0 0.0 0.0 0.0 0.0 0.0 0.0 0.0 0.0
0.006839887622 0.00689329928 0.006607553223 0.006355936472 0.006653758632 0.006750182316 0.006684250767 0.006797540385 0.007061495843 0.217734042909 0.006753818374 0.006585278507 0.006550748032 0.006500613744 0.006988933801 0.006752960495 0.007060273031 0.006787284089 0.006369149668 0.006376850589 0.006526410538 0.006572720842 0.006888640824 0.006705863179 0.006542913166 0.006538087258 0.006736324638 0.0 0.0 0.0 0.0 0.0 0.0 0.0 0.0 0.0 0.0 0.0 0.0 0.0 0.0 0.0 0.0 0.0 0.0 0.0 0.0 0.0 0.0 0.0 0.0 0.0 0.0 0.0 0.0 0.0 0.0 0.0 0.0 0.0 0.0 0.0 0.0 0.0 0.0 0.0 0.0 0.0 0.0 0.0 0.0 0.0 0.0 0.0 0.0 0.0 0.0 0.0 0.0 0.0 0.0 0.0 0.0 0.0 0.0 0.0 0.0 0.0 0.0 0.0 0.0 0.0 0.0 0.0 0.0 0.0 0.0 0.0 0.0 0.0 0.0 0.0 0.0 0.0 0.0 0.0 0.0 0.0 0.0 0.0 0.0 0.0
0.006795912703 0.006768707042 0.006823101352 0.006874008516 0.006821277603 0.006778362626 0.006811571406 0.006803832166 0.006723233689 0.006753818374 0.511202599635 0.006835371283 0.006841471386 0.006855927564 0.006709206495 0.006795545129 0.006673713347 0.006805044937 0.006881741682 0.006880382283 0.006844033258 0.006831313345 0.006793684822 0.006821279802 0.006840295109 0.006848791423 0.006825945836 0.0 0.0 0.0 0.0 0.0 0.0 0.0 0.0 0.0 0.0 0.0 0.0 0.0 0.0 0.0 0.0 0.0 0.0 0.0 0.0 0.0 0.0 0.0 0.0 0.0 0.0 0.0 0.0 0.0 0.0 0.0 0.0 0.0 0.0 0.0 0.0 0.0 0.0 0.0 0.0 0.0 0.0 0.0 0.0 0.0 0.0 0.0 0.0 0.0 0.0 0.0 0.0 0.0 0.0 0.0 0.0 0.0 0.0 0.0 0.0 0.0 0.0 0.0 0.0 0.0 0.0 0.0 0.0 0.0 0.0 0.0 0.0 0.0 0.0 0.0 0.0 0.0 0.0 0.0 0.0 0.0 0.0 0.0 0.0 0.0
0.006748269935 0.006635440866 0.007015226699 0.007527224108 0.007049685429 0.006758768337 0.006987363698 0.006828769825 0.00625149138 0.006585278507 0.006835371283 1.52638935857 0.007206668229 0.007275396175 0.006386312377 0.006812496322 0.006269250086 0.006910084725 0.007530265991 0.007528268884 0.007260176861 0.007180431012 0.006659415046 0.006938857551 0.007161426771 0.007222481435 0.006921425172 0.0 0.0 0.0 0.0 0.0 0.0 0.0 0.0 0.0 0.0 0.0 0.0 0.0 0.0 0.0 0.0 0.0 0.0 0.0 0.0 0.0 0.0 0.0 0.0 0.0 0.0 0.0 0.0 0.0 0.0 0.0 0.0 0.0 0.0 0.0 0.0 0.0 0.0 0.0 0.0 0.0 0.0 0.0 0.0 0.0 0.0 0.0 0.0 0.0 0.0 0.0 0.0 0.0 0.0 0.0 0.0 0.0 0.0 0.0 0.0 0.0 0.0 0.0 0.0 0.0 0.0 0.0 0.0 0.0 0.0 0.0 0.0 0.0 0.0 0.0 0.0 0.0 0.0 0.0 0.0 0.0 0.0 0.0 0.0 0.0
0.0067338391 0.006600908927 0.007055732086 0.007712896218 0.007105217073 0.006746281937 0.00703084649 0.006832195545 0.006145917067 0.006550748032 0.006841471386 0.007206668229 0.888364332133 0.007379111243 0.00630506578 0.006810525634 0.006175196146 0.006947051229 0.007688813238 0.007728662886 0.007369168279 0.007275830483 0.006628270748 0.006958308499 0.007235496036 0.007309997317 0.00694486229 0.0 0.0 0.0 0.0 0.0 0.0 0.0 0.0 0.0 0.0 0.0 0.0 0.0 0.0 0.0 0.0 0.0 0.0 0.0 0.0 0.0 0.0 0.0 0.0 0.0 0.0 0.0 0.0 0.0 0.0 0.0 0.0 0.0 0.0 0.0 0.0 0.0 0.0 0.0 0.0 0.0 0.0 0.0 0.0 0.0 0.0 0.0 0.0 0.0 0.0 0.0 0.0 0.0 0.0 0.0 0.0 0.0 0.0 0.0 0.0 0.0 0.0 0.0 0.0 0.0 0.0 0.0 0.0 0.0 0.0 0.0 0.0 0.0 0.0 0.0 0.0 0.0 0.0 0.0 0.0 0.0 0.0 0.0 0.0 0.0
0.006733336759 0.006581953522 0.007120777791 0.007896092157 0.007138741314 0.006752791134 0.007050178971 0.006849565344 0.00609313524 0.006500613744 0.006855927564 0.007275396175 0.007379111243 0.189540373423 0.006248243607 0.006826815069 0.006096673829 0.006933340723 0.007869500653 0.007897062753 0.007454596105 0.007330845286 0.006625305581 0.006999487315 0.007326932194 0.007404808174 0.006971514568 0.0 0.0 0.0 0.0 0.0 0.0 0.0 0.0 0.0 0.0 0.0 0.0 0.0 0.0 0.0 0.0 0.0 0.0 0.0 0.0 0.0 0.0 0.0 0.0 0.0 0.0 0.0 0.0 0.0 0.0 0.0 0.0 0.0 0.0 0.0 0.0 0.0 0.0 0.0 0.0 0.0 0.0 0.0 0.0 0.0 0.0 0.0 0.0 0.0 0.0 0.0 0.0 0.0 0.0 0.0 0.0 0.0 0.0 0.0 0.0 0.0 0.0 0.0 0.0 0.0 0.0 0.0 0.0 0.0 0.0 0.0 0.0 0.0 0.0 0.0 0.0 0.0 0.0 0.0 0.0 0.0 0.0 0.0 0.0 0.0
0.006817719904 0.006950132834 0.006505192081 0.005989441938 0.006468468543 0.006789061368 0.006528846447 0.006739520404 0.007409790476 0.006988933801 0.006709206495 0.006386312377 0.00630506578 0.006248243607 0.123072761854 0.006744874577 0.007398163072 0.006614455224 0.006034095742 0.005988231272 0.0062547764 0.006321709093 0.006924142967 0.006613585479 0.006358062989 0.006304907624 0.006612170611 0.0 0.0 0.0 0.0 0.0 0.0 0.0 0.0 0.0 0.0 0.0 0.0 0.0 0.0 0.0 0.0 0.0 0.0 0.0 0.0 0.0 0.0 0.0 0.0 0.0 0.0 0.0 0.0 0.0 0.0 0.0 0.0 0.0 0.0 0.0 0.0 0.0 0.0 0.0 0.0 0.0 0.0 0.0 0.0 0.0 0.0 0.0 0.0 0.0 0.0 0.0 0.0 0.0 0.0 0.0 0.0 0.0 0.0 0.0 0.0 0.0 0.0 0.0 0.0 0.0 0.0 0.0 0.0 0.0 0.0 0.0 0.0 0.0 0.0 0.0 0.0 0.0 0.0 0.0 0.0 0.0 0.0 0.0 0.0 0.0
0.00679257331 0.006777493678 0.00680658807 0.006832757994 0.006796747708 0.006787308719 0.006790415896 0.006795522657 0.006752791405 0.006752960495 0.006795545129 0.006812496322 0.006810525634 0.006826815069 0.006744874577 0.221482815033 0.006717507349 0.006777825544 0.006859059846 0.00683662121 0.00681099518 0.00679711478 0.006791126998 0.006813373307 0.00681788655 0.00682247149 0.006805567907 0.0 0.0 0.0 0.0 0.0 0.0 0.0 0.0 0.0 0.0 0.0 0.0 0.0 0.0 0.0 0.0 0.0 0.0 0.0 0.0 0.0 0.0 0.0 0.0 0.0 0.0 0.0 0.0 0.0 0.0 0.0 0.0 0.0 0.0 0.0 0.0 0.0 0.0 0.0 0.0 0.0 0.0 0.0 0.0 0.0 0.0 0.0 0.0 0.0 0.0 0.0 0.0 0.0 0.0 0.0 0.0 0.0 0.0 0.0 0.0 0.0 0.0 0.0 0.0 0.0 0.0 0.0 0.0 0.0 0.0 0.0 0.0 0.0 0.0 0.0 0.0 0.0 0.0 0.0 0.0 0.0 0.0 0.0 0.0 0.0
0.006810249152 0.006988779881 0.00640331887 0.005796224496 0.006380595778 0.006776780968 0.006458420201 0.006717933448 0.007544427357 0.007060273031 0.006673713347 0.006269250086 0.006175196146 0.006096673829 0.007398163072 0.006717507349 0.108469609048 0.006574965981 0.005839300157 0.005795869113 0.006116758785 0.006203689296 0.006933720475 0.00654756748 0.006227265094 0.006167833165 0.006540586202 0.0 0.0 0.0 0.0 0.0 0.0 0.0 0.0 0.0 0.0 0.0 0.0 0.0 0.0 0.0 0.0 0.0 0.0 0.0 0.0 0.0 0.0 0.0 0.0 0.0 0.0 0.0 0.0 0.0 0.0 0.0 0.0 0.0 0.0 0.0 0.0 0.0 0.0 0.0 0.0 0.0 0.0 0.0 0.0 0.0 0.0 0.0 0.0 0.0 0.0 0.0 0.0 0.0 0.0 0.0 0.0 0.0 0.0 0.0 0.0 0.0 0.0 0.0 0.0 0.0 0.0 0.0 0.0 0.0 0.0 0.0 0.0 0.0 0.0 0.0 0.0 0.0 0.0 0.0 0.0 0.0 0.0 0.0 0.0 0.0
0.006797777805 0.00674429974 0.0068066967 0.007004564743 0.006920202387 0.006731463047 0.006897244262 0.00682817659 0.006541002637 0.006787284089 0.006805044937 0.006910084725 0.006947051229 0.006933340723 0.006614455224 0.006777825544 0.006574965981 0.212620368259 0.00700609798 0.007053569104 0.006970202713 0.006962497831 0.006749813416 0.00684045374 0.00687589259 0.006930503587 0.006871748918 0.0 0.0 0.0 0.0 0.0 0.0 0.0 0.0 0.0 0.0 0.0 0.0 0.0 0.0 0.0 0.0 0.0 0.0 0.0 0.0 0.0 0.0 0.0 0.0 0.0 0.0 0.0 0.0 0.0 0.0 0.0 0.0 0.0 0.0 0.0 0.0 0.0 0.0 0.0 0.0 0.0 0.0 0.0 0.0 0.0 0.0 0.0 0.0 0.0 0.0 0.0 0.0 0.0 0.0 0.0 0.0 0.0 0.0 0.0 0.0 0.0 0.0 0.0 0.0 0.0 0.0 0.0 0.0 0.0 0.0 0.0 0.0 0.0 0.0 0.0 0.0 0.0 0.0 0.0 0.0 0.0 0.0 0.0 0.0 0.0
0.006704044822 0.006497221738 0.007230942948 0.008569956484 0.007320325818 0.006735298987 0.007176681895 0.00688554221 0.005718106737 0.006369149668 0.006881741682 0.007530265991 0.007688813238 0.007869500653 0.006034095742 0.006859059846 0.005839300157 0.00700609798 1.64459399271 0.008590606241 0.007823541117 0.00761380971 0.006506215587 0.007124557341 0.007587037489 0.007739847095 0.007018128888 0.0 0.0 0.0 0.0 0.0 0.0 0.0 0.0 0.0 0.0 0.0 0.0 0.0 0.0 0.0 0.0 0.0 0.0 0.0 0.0 0.0 0.0 0.0 0.0 0.0 0.0 0.0 0.0 0.0 0.0 0.0 0.0 0.0 0.0 0.0 0.0 0.0 0.0 0.0 0.0 0.0 0.0 0.0 0.0 0.0 0.0 0.0 0.0 0.0 0.0 0.0 0.0 0.0 0.0 0.0 0.0 0.0 0.0 0.0 0.0 0.0 0.0 0.0 0.0 0.0 0.0 0.0 0.0 0.0 0.0 0.0 0.0 0.0 0.0 0.0 0.0 0.0 0.0 0.0 0.0 0.0 0.0 0.0 0.0 0.0
0.006697022991 0.006476953859 0.007253179268 0.008651470108 0.007340581728 0.006711153093 0.007198632639 0.006882946535 0.005718075606 0.006376850589 0.006880382283 0.007528268884 0.007728662886 0.007897062753 0.005988231272 0.00683662121 0.005795869113 0.007053569104 0.008590606241 0.942509432318 0.007863791609 0.007665051479 0.00651588923 0.007104130303 0.007605947287 0.007749444114 0.007047085719 0.0 0.0 0.0 0.0 0.0 0.0 0.0 0.0 0.0 0.0 0.0 0.0 0.0 0.0 0.0 0.0 0.0 0.0 0.0 0.0 0.0 0.0 0.0 0.0 0.0 0.0 0.0 0.0 0.0 0.0 0.0 0.0 0.0 0.0 0.0 0.0 0.0 0.0 0.0 0.0 0.0 0.0 0.0 0.0 0.0 0.0 0.0 0.0 0.0 0.0 0.0 0.0 0.0 0.0 0.0 0.0 0.0 0.0 0.0 0.0 0.0 0.0 0.0 0.0 0.0 0.0 0.0 0.0 0.0 0.0 0.0 0.0 0.0 0.0 0.0 0.0 0.0 0.0 0.0 0.0 0.0 0.0 0.0 0.0 0.0
0.006724919318 0.00657965069 0.007078556629 0.007848246345 0.007146431016 0.006738779118 0.007060573535 0.00683636829 0.006063961807 0.006526410538 0.006844033258 0.007260176861 0.007369168279 0.007454596105 0.0062547764 0.00681099518 0.006116758785 0.006970202713 0.007823541117 0.007863791609 0.313852963507 0.007342805178 0.006601324154 0.006977773023 0.007287137868 0.007377114735 0.006955616567 0.0 0.0 0.0 0.0 0.0 0.0 0.0 0.0 0.0 0.0 0.0 0.0 0.0 0.0 0.0 0.0 0.0 0.0 0.0 0.0 0.0 0.0 0.0 0.0 0.0 0.0 0.0 0.0 0.0 0.0 0.0 0.0 0.0 0.0 0.0 0.0 0.0 0.0 0.0 0.0 0.0 0.0 0.0 0.0 0.0 0.0 0.0 0.0 0.0 0.0 0.0 0.0 0.0 0.0 0.0 0.0 0.0 0.0 0.0 0.0 0.0 0.0 0.0 0.0 0.0 0.0 0.0 0.0 0.0 0.0 0.0 0.0 0.0 0.0 0.0 0.0 0.0 0.0 0.0 0.0 0.0 0.0 0.0 0.0 0.0
0.006726795116 0.006603338182 0.007021418937 0.007646049195 0.007099033854 0.006739339752 0.00702887062 0.006819075016 0.006144917716 0.006572720842 0.006831313345 0.007180431012 0.007275830483 0.007330845286 0.006321709093 0.00679711478 0.006203689296 0.006962497831 0.00761380971 0.007665051479 0.007342805178 0.259209160174 0.006615162645 0.006936344167 0.007194745039 0.007272442975 0.006926566603 0.0 0.0 0.0 0.0 0.0 0.0 0.0 0.0 0.0 0.0 0.0 0.0 0.0 0.0 0.0 0.0 0.0 0.0 0.0 0.0 0.0 0.0 0.0 0.0 0.0 0.0 0.0 0.0 0.0 0.0 0.0 0.0 0.0 0.0 0.0 0.0 0.0 0.0 0.0 0.0 0.0 0.0 0.0 0.0 0.0 0.0 0.0 0.0 0.0 0.0 0.0 0.0 0.0 0.0 0.0 0.0 0.0 0.0 0.0 0.0 0.0 0.0 0.0 0.0 0.0 0.0 0.0 0.0 0.0 0.0 0.0 0.0 0.0 0.0 0.0 0.0 0.0 0.0 0.0 0.0 0.0 0.0 0.0 0.0 0.0
0.006863975096 0.006881502387 0.006727685226 0.006504985537 0.006680343377 0.006775218175 0.006697930283 0.006830705496 0.00712361084 0.006888640824 0.006793684822 0.006659415046 0.006628270748 0.006625305581 0.006924142967 0.006791126998 0.006933720475 0.006749813416 0.006506215587 0.00651588923 0.006601324154 0.006615162645 0.131662387387 0.006767714475 0.006659389248 0.006637908618 0.006809419138 0.0 0.0 0.0 0.0 0.0 0.0 0.0 0.0 0.0 0.0 0.0 0.0 0.0 0.0 0.0 0.0 0.0 0.0 0.0 0.0 0.0 0.0 0.0 0.0 0.0 0.0 0.0 0.0 0.0 0.0 0.0 0.0 0.0 0.0 0.0 0.0 0.0 0.0 0.0 0.0 0.0 0.0 0.0 0.0 0.0 0.0 0.0 0.0 0.0 0.0 0.0 0.0 0.0 0.0 0.0 0.0 0.0 0.0 0.0 0.0 0.0 0.0 0.0 0.0 0.0 0.0 0.0 0.0 0.0 0.0 0.0 0.0 0.0 0.0 0.0 0.0 0.0 0.0 0.0 0.0 0.0 0.0 0.0 0.0 0.0
0.006796793023 0.00674039061 0.006881972196 0.007096320114 0.006895269767 0.00677536469 0.006865962911 0.00682811064 0.006586974823 0.006705863179 0.006821279802 0.006938857551 0.006958308499 0.006999487315 0.006613585479 0.006813373307 0.00654756748 0.00684045374 0.007124557341 0.007104130303 0.006977773023 0.006936344167 0.006767714475 0.179003950288 0.006947044843 0.006979057962 0.006867241845 0.0 0.0 0.0 0.0 0.0 0.0 0.0 0.0 0.0 0.0 0.0 0.0 0.0 0.0 0.0 0.0 0.0 0.0 0.0 0.0 0.0 0.0 0.0 0.0 0.0 0.0 0.0 0.0 0.0 0.0 0.0 0.0 0.0 0.0 0.0 0.0 0.0 0.0 0.0 0.0 0.0 0.0 0.0 0.0 0.0 0.0 0.0 0.0 0.0 0.0 0.0 0.0 0.0 0.0 0.0 0.0 0.0 0.0 0.0 0.0 0.0 0.0 0.0 0.0 0.0 0.0 0.0 0.0 0.0 0.0 0.0 0.0 0.0 0.0 0.0 0.0 0.0 0.0 0.0 0.0 0.0 0.0 0.0 0.0 0.0
0.006737630229 0.006618057482 0.007066938532 0.007617374099 0.007050046967 0.006769996525 0.006984122017 0.006823997129 0.006252352929 0.006542913166 0.006840295109 0.007161426771 0.007235496036 0.007326932194 0.006358062989 0.00681788655 0.006227265094 0.00687589259 0.007587037489 0.007605947287 0.007287137868 0.007194745039 0.006659389248 0.006947044843 0.210236077226 0.007256967285 0.006928651913 0.0 0.0 0.0 0.0 0.0 0.0 0.0 0.0 0.0 0.0 0.0 0.0 0.0 0.0 0.0 0.0 0.0 0.0 0.0 0.0 0.0 0.0 0.0 0.0 0.0 0.0 0.0 0.0 0.0 0.0 0.0 0.0 0.0 0.0 0.0 0.0 0.0 0.0 0.0 0.0 0.0 0.0 0.0 0.0 0.0 0.0 0.0 0.0 0.0 0.0 0.0 0.0 0.0 0.0 0.0 0.0 0.0 0.0 0.0 0.0 0.0 0.0 0.0 0.0 0.0 0.0 0.0 0.0 0.0 0.0 0.0 0.0 0.0 0.0 0.0 0.0 0.0 0.0 0.0 0.0 0.0 0.0 0.0 0.0 0.0
0.006741021086 0.006606425538 0.007070180823 0.007746410237 0.007106039878 0.00675430239 0.007026650691 0.00684438108 0.006151973637 0.006538087258 0.006848791423 0.007222481435 0.007309997317 0.007404808174 0.006304907624 0.00682247149 0.006167833165 0.006930503587 0.007739847095 0.007749444114 0.007377114735 0.007272442975 0.006637908618 0.006979057962 0.007256967285 0.311812160073 0.006951194496 0.0 0.0 0.0 0.0 0.0 0.0 0.0 0.0 0.0 0.0 0.0 0.0 0.0 0.0 0.0 0.0 0.0 0.0 0.0 0.0 0.0 0.0 0.0 0.0 0.0 0.0 0.0 0.0 0.0 0.0 0.0 0.0 0.0 0.0 0.0 0.0 0.0 0.0 0.0 0.0 0.0 0.0 0.0 0.0 0.0 0.0 0.0 0.0 0.0 0.0 0.0 0.0 0.0 0.0 0.0 0.0 0.0 0.0 0.0 0.0 0.0 0.0 0.0 0.0 0.0 0.0 0.0 0.0 0.0 0.0 0.0 0.0 0.0 0.0 0.0 0.0 0.0 0.0 0.0 0.0 0.0 0.0 0.0 0.0 0.0
0.006815088354 0.006749903053 0.006885150636 0.007025814079 0.006893398111 0.006763072554 0.006870366127 0.006841430961 0.006641634696 0.006736324638 0.006825945836 0.006921425172 0.00694486229 0.006971514568 0.006612170611 0.006805567907 0.006540586202 0.006871748918 0.007018128888 0.007047085719 0.006955616567 0.006926566603 0.006809419138 0.006867241845 0.006928651913 0.006951194496 0.224367555268 0.0 0.0 0.0 0.0 0.0 0.0 0.0 0.0 0.0 0.0 0.0 0.0 0.0 0.0 0.0 0.0 0.0 0.0 0.0 0.0 0.0 0.0 0.0 0.0 0.0 0.0 0.0 0.0 0.0 0.0 0.0 0.0 0.0 0.0 0.0 0.0 0.0 0.0 0.0 0.0 0.0 0.0 0.0 0.0 0.0 0.0 0.0 0.0 0.0 0.0 0.0 0.0 0.0 0.0 0.0 0.0 0.0 0.0 0.0 0.0 0.0 0.0 0.0 0.0 0.0 0.0 0.0 0.0 0.0 0.0 0.0 0.0 0.0 0.0 0.0 0.0 0.0 0.0 0.0 0.0 0.0 0.0 0.0 0.0 0.0
0.0 0.0 0.0 0.0 0.0 0.0 0.0 0.0 0.0 0.0 0.0 0.0 0.0 0.0 0.0 0.0 0.0 0.0 0.0 0.0 0.0 0.0 0.0 0.0 0.0 0.0 0.0 0.171111069341 0.007331566982 0.007781946151 0.007811480164 0.007269017 0.007802829972 0.007877487977 0.007071660042 0.007268013134 0.007202033891 0.006662012665 0.007248600085 0.006298133561 0.006632828191 0.007123597351 0.006605152941 0.007112721259 0.00757718113 0.007293437723 0.007151104201 0.00711804821 0.007658489293 0.006411301766 0.007895826172 0.0068901737 0.007004181689 0.007175678855 0.007285901092 0.007613147849 0.007808192257 0.007916886795 0.00723483349 0.0 0.0 0.0 0.0 0.0 0.0 0.0 0.0 0.0 0.0 0.0 0.0 0.0 0.0 0.0 0.0 0.0 0.0 0.0 0.0 0.0 0.0 0.0 0.0 0.0 0.0 0.0 0.0 0.0 0.0 0.0 0.0 0.0 0.0 0.0 0.0 0.0 0.0 0.0 0.0 0.0 0.0 0.0 0.0 0.0 0.0 0.0 0.0 0.0 0.0 0.0 0.0 0.0
0.0 0.0 0.0 0.0 0.0 0.0 0.0 0.0 0.0 0.0 0.0 0.0 0.0 0.0 0.0 0.0 0.0 0.0 0.0 0.0 0.0 0.0 0.0 0.0 0.0 0.0 0.0 0.007331566982 0.39942749537 0.007366130649 0.007345799033 0.007283424624 0.007365090098 0.007351579348 0.0072214516 0.007289751184 0.007249689492 0.007052034227 0.007323476267 0.006859813455 0.007085557609 0.00720753648 0.007023253441 0.00723836341 0.007321151226 0.007276709463 0.007236721618 0.007283497681 0.007339381162 0.006943974323 0.007399373244 0.007142477634 0.00715082947 0.007294855988 0.007292703908 0.007298951553 0.007375036024 0.007337775028 0.007248196564 0.0 0.0 0.0 0.0 0.0 0.0 0.0 0.0 0.0 0.0 0.0 0.0 0.0 0.0 0.0 0.0 0.0 0.0 0.0 0.0 0.0 0.0 0.0 0.0 0.0 0.0 0.0 0.0 0.0 0.0 0.0 0.0 0.0 0.0 0.0 0.0 0.0 0.0 0.0 0.0 0.0 0.0 0.0 0.0 0.0 0.0 0.0 0.0 0.0 0.0 0.0 0.0 0.0
0.0 0.0 0.0 0.0 0.0 0.0 0.0 0.0 0.0 0.0 0.0 0.0 0.0 0.0 0.0 0.0 0.0 0.0 0.0 0.0 0.0 0.0 0.0 0.0 0.0 0.0 0.0 0.007781946151 0.007366130649 0.266527015278 0.008252605868 0.007267231052 0.008230254104 0.008377648443 0.006954964496 0.007266507988 0.007162752601 0.006390857449 0.00725757922 0.005857828003 0.00633322787 0.007014804311 0.006290502757 0.007028733782 0.007816775133 0.007308628173 0.007106008753 0.007027598921 0.007938941668 0.006023659591 0.008431279766 0.006698064566 0.006862643306 0.007105995277 0.00730248068 0.007849270098 0.008240990903 0.008466918835 0.007202200218 0.0 0.0 0.0 0.0 0.0 0.0 0.0 0.0 0.0 0.0 0.0 0.0 0.0 0.0 0.0 0.0 0.0 0.0 0.0 0.0 0.0 0.0 0.0 0.0 0.0 0.0 0.0 0.0 0.0 0.0 0.0 0.0 0.0 0.0 0.0 0.0 0.0 0.0 0.0 0.0 0.0 0.0 0.0 0.0 0.0 0.0 0.0 0.0 0.0 0.0 0.0 0.0 0.0
0.0 0.0 0.0 0.0 0.0 0.0 0.0 0.0 0.0 0.0 0.0 0.0 0.0 0.0 0.0 0.0 0.0 0.0 0.0 0.0 0.0 0.0 0.0 0.0 0.0 0.0 0.0 0.007811480164 0.007345799033 0.008252605868 0.517883494266 0.007283686884 0.008335944162 0.008459677359 0.006941159457 0.007280270358 0.00714558794 0.006396412496 0.007310948029 0.005818557291 0.006315418986 0.006962748466 0.006274632407 0.007020094672 0.007859862936 0.007339694088 0.007127833868 0.006999478831 0.008023826867 0.006003245581 0.008591192189 0.006686378445 0.006885062294 0.00707086013 0.007347766691 0.007893391325 0.008391525298 0.008694112875 0.007186941256 0.0 0.0 0.0 0.0 0.0 0.0 0.0 0.0 0.0 0.0 0.0 0.0 0.0 0.0 0.0 0.0 0.0 0.0 0.0 0.0 0.0 0.0 0.0 0.0 0.0 0.0 0.0 0.0 0.0 0.0 0.0 0.0 0.0 0.0 0.0 0.0 0.0 0.0 0.0 0.0 0.0 0.0 0.0 0.0 0.0 0.0 0.0 0.0 0.0 0.0 0.0 0.0 0.0
0.0 0.0 0.0 0.0 0.0 0.0 0.0 0.0 0.0 0.0 0.0 0.0 0.0 0.0 0.0 0.0 0.0 0.0 0.0 0.0 0.0 0.0 0.0 0.0 0.0 0.0 0.0 0.007269017 0.007283424624 0.007267231052 0.007283686884 0.232005342653 0.007268937724 0.007252015427 0.007237326743 0.007266359467 0.007238920786 0.007146206539 0.007274996136 0.007053172204 0.007157051866 0.007233579678 0.007138299891 0.00723740553 0.007259107381 0.007263250036 0.007238648267 0.007252223486 0.007270036706 0.007087312814 0.00727448133 0.007195098609 0.007223675021 0.007262057086 0.007270780432 0.007259595783 0.007277417429 0.007269960541 0.007249432889 0.0 0.0 0.0 0.0 0.0 0.0 0.0 0.0 0.0 0.0 0.0 0.0 0.0 0.0 0.0 0.0 0.0 0.0 0.0 0.0 0.0 0.0 0.0 0.0 0.0 0.0 0.0 0.0 0.0 0.0 0.0 0.0 0.0 0.0 0.0 0.0 0.0 0.0 0.0 0.0 0.0 0.0 0.0 0.0 0.0 0.0 0.0 0.0 0.0 0.0 0.0 0.0 0.0
0.0 0.0 0.0 0.0 0.0 0.0 0.0 0.0 0.0 0.0 0.0 0.0 0.0 0.0 0.0 0.0 0.0 0.0 0.0 0.0 0.0 0.0 0.0 0.0 0.0 0.0 0.0 0.007802829972 0.007365090098 0.008230254104 0.008335944162 0.007268937724 0.943200218763 0.008448066229 0.006942127298 0.007266199434 0.007151793026 0.006369031426 0.00726594833 0.005817291669 0.006305485361 0.006993601057 0.006261336681 0.007018696893 0.007849097672 0.007312583864 0.007104914417 0.007014447069 0.007978574547 0.005989138446 0.008514326556 0.006679589494 0.006851224607 0.007092773376 0.007309447131 0.007878075783 0.008309832037 0.008563452207 0.007194059448 0.0 0.0 0.0 0.0 0.0 0.0 0.0 0.0 0.0 0.0 0.0 0.0 0.0 0.0 0.0 0.0 0.0 0.0 0.0 0.0 0.0 0.0 0.0 0.0 0.0 0.0 0.0 0.0 0.0 0.0 0.0 0.0 0.0 0.0 0.0 0.0 0.0 0.0 0.0 0.0 0.0 0.0 0.0 0.0 0.0 0.0 0.0 0.0 0.0 0.0 0.0 0.0 0.0
0.0 0.0 0.0 0.0 0.0 0.0 0.0 0.0 0.0 0.0 0.0 0.0 0.0 0.0 0.0 0.0 0.0 0.0 0.0 0.0 0.0 0.0 0.0 0.0 0.0 0.0 0.0 0.007877487977 0.007351579348 0.008377648443 0.008459677359 0.007252015427 0.008448066229 21.6782364811 0.006882007417 0.007236666685 0.007121345447 0.006254445695 0.007216421921 0.00567001305 0.00617048538 0.006952809874 0.006111526608 0.006972067511 0.007959992545 0.007305053444 0.007072067032 0.006954782609 0.008063948382 0.005813952328 0.008710547964 0.006601307547 0.006762334993 0.007056652154 0.007252808275 0.007967228467 0.00844076906 0.008762871055 0.007183291469 0.0 0.0 0.0 0.0 0.0 0.0 0.0 0.0 0.0 0.0 0.0 0.0 0.0 0.0 0.0 0.0 0.0 0.0 0.0 0.0 0.0 0.0 0.0 0.0 0.0 0.0 0.0 0.0 0.0 0.0 0.0 0.0 0.0 0.0 0.0 0.0 0.0 0.0 0.0 0.0 0.0 0.0 0.0 0.0 0.0 0.0 0.0 0.0 0.0 0.0 0.0 0.0 0.0
0.0 0.0 0.0 0.0 0.0 0.0 0.0 0.0 0.0 0.0 0.0 0.0 0.0 0.0 0.0 0.0 0.0 0.0 0.0 0.0 0.0 0.0 0.0 0.0 0.0 0.0 0.0 0.007071660042 0.0072214516 0.006954964496 0.006941159457 0.007237326743 0.006942127298 0.006882007417 0.452860228676 0.007236569295 0.007252960451 0.007452282556 0.007245946572 0.007547507915 0.007470767834 0.007291805353 0.007478975529 0.007297789262 0.00706752747 0.007220387874 0.007282295395 0.007319293541 0.007029250737 0.007539705542 0.006890453087 0.007399461423 0.00731853094 0.007286969238 0.007229819074 0.007043919084 0.006944734858 0.00686983345 0.007248126643 0.0 0.0 0.0 0.0 0.0 0.0 0.0 0.0 0.0 0.0 0.0 0.0 0.0 0.0 0.0 0.0 0.0 0.0 0.0 0.0 0.0 0.0 0.0 0.0 0.0 0.0 0.0 0.0 0.0 0.0 0.0 0.0 0.0 0.0 0.0 0.0 0.0 0.0 0.0 0.0 0.0 0.0 0.0 0.0 0.0 0.0 0.0 0.0 0.0 0.0 0.0 0.0 0.0
0.0 0.0 0.0 0.0 0.0 0.0 0.0 0.0 0.0 0.0 0.0 0.0 0.0 0.0 0.0 0.0 0.0 0.0 0.0 0.0 0.0 0.0 0.0 0.0 0.0 0.0 0.0 0.007268013134 0.007289751184 0.007266507988 0.007280270358 0.007266359467 0.007266199434 0.007236666685 0.007236569295 0.457755376865 0.007239979321 0.007160604615 0.007282759899 0.007070466409 0.007179824981 0.007233086656 0.007150354733 0.007243991047 0.007255679743 0.007262671743 0.007242692153 0.007256761458 0.007268643923 0.00710494675 0.007274323856 0.007198392185 0.007228147475 0.007264924643 0.007271946855 0.007254139565 0.007274728483 0.007263843154 0.007247709924 0.0 0.0 0.0 0.0 0.0 0.0 0.0 0.0 0.0 0.0 0.0 0.0 0.0 0.0 0.0 0.0 0.0 0.0 0.0 0.0 0.0 0.0 0.0 0.0 0.0 0.0 0.0 0.0 0.0 0.0 0.0 0.0 0.0 0.0 0.0 0.0 0.0 0.0 0.0 0.0 0.0 0.0 0.0 0.0 0.0 0.0 0.0 0.0 0.0 0.0 0.0 0.0 0.0
0.0 0.0 0.0 0.0 0.0 0.0 0.0 0.0 0.0 0.0 0.0 0.0 0.0 0.0 0.0 0.0 0.0 0.0 0.0 0.0 0.0 0.0 0.0 0.0 0.0 0.0 0.0 0.007202033891 0.007249689492 0.007162752601 0.00714558794 0.007238920786 0.007151793026 0.007121345447 0.007252960451 0.007239979321 0.451320224123 0.007270984474 0.007250868367 0.007259618766 0.007293660624 0.007252055497 0.007273060695 0.007257636417 0.007192434162 0.00723749205 0.007247187187 0.007262871999 0.007184607638 0.007265003102 0.007137990159 0.007264212391 0.007260178121 0.007261426946 0.007242175041 0.007188906072 0.007155727769 0.007129234557 0.007243393826 0.0 0.0 0.0 0.0 0.0 0.0 0.0 0.0 0.0 0.0 0.0 0.0 0.0 0.0 0.0 0.0 0.0 0.0 0.0 0.0 0.0 0.0 0.0 0.0 0.0 0.0 0.0 0.0 0.0 0.0 0.0 0.0 0.0 0.0 0.0 0.0 0.0 0.0 0.0 0.0 0.0 0.0 0.0 0.0 0.0 0.0 0.0 0.0 0.0 0.0 0.0 0.0 0.0
0.0 0.0 0.0 0.0 0.0 0.0 0.0 0.0 0.0 0.0 0.0 0.0 0.0 0.0 0.0 0.0 0.0 0.0 0.0 0.0 0.0 0.0 0.0 0.0 0.0 0.0 0.0 0.006662012665 0.007052034227 0.006390857449 0.006396412496 0.007146206539 0.006369031426 0.006254445695 0.007452282556 0.007160604615 0.007270984474 0.329659049158 0.007250618508 0.009081325444 0.008471642999 0.007332162858 0.008437185317 0.007435119776 0.006675564826 0.007108666969 0.007382778736 0.007399628701 0.006568227364 0.008877932502 0.006255009602 0.007836272602 0.007627111104 0.007282016811 0.007140178753 0.006606930195 0.006382783483 0.006236338282 0.007172195026 0.0 0.0 0.0 0.0 0.0 0.0 0.0 0.0 0.0 0.0 0.0 0.0 0.0 0.0 0.0 0.0 0.0 0.0 0.0 0.0 0.0 0.0 0.0 0.0 0.0 0.0 0.0 0.0 0.0 0.0 0.0 0.0 0.0 0.0 0.0 0.0 0.0 0.0 0.0 0.0 0.0 0.0 0.0 0.0 0.0 0.0 0.0 0.0 0.0 0.0 0.0 0.0 0.0
0.0 0.0 0.0 0.0 0.0 0.0 0.0 0.0 0.0 0.0 0.0 0.0 0.0 0.0 0.0 0.0 0.0 0.0 0.0 0.0 0.0 0.0 0.0 0.0 0.0 0.0 0.0 0.007248600085 0.007323476267 0.00725757922 0.007310948029 0.007274996136 0.00726594833 0.007216421921 0.007245946572 0.007282759899 0.007250868367 0.007250618508 0.537427108101 0.007161371969 0.007280062194 0.007210452513 0.007220925538 0.007267356467 0.007242950315 0.007272655683 0.007270794025 0.007286254815 0.007262941851 0.007203413348 0.007303168272 0.007231768518 0.00725565046 0.007280150824 0.007296253128 0.007221949551 0.007294121659 0.007284092218 0.007235264602 0.0 0.0 0.0 0.0 0.0 0.0 0.0 0.0 0.0 0.0 0.0 0.0 0.0 0.0 0.0 0.0 0.0 0.0 0.0 0.0 0.0 0.0 0.0 0.0 0.0 0.0 0.0 0.0 0.0 0.0 0.0 0.0 0.0 0.0 0.0 0.0 0.0 0.0 0.0 0.0 0.0 0.0 0.0 0.0 0.0 0.0 0.0 0.0 0.0 0.0 0.0 0.0 0.0
0.0 0.0 0.0 0.0 0.0 0.0 0.0 0.0 0.0 0.0 0.0 0.0 0.0 0.0 0.0 0.0 0.0 0.0 0.0 0.0 0.0 0.0 0.0 0.0 0.0 0.0 0.0 0.006298133561 0.006859813455 0.005857828003 0.005818557291 0.007053172204 0.005817291669 0.00567001305 0.007547507915 0.007070466409 0.007259618766 0.009081325444 0.007161371969 1.03047126937 0.00910910093 0.007463870054 0.009204883066 0.007533538008 0.006316368683 0.00700964442 0.007428870777 0.00742628231 0.006126339902 0.00996321514 0.005612506891 0.008134133405 0.007963505105 0.007265209868 0.007023360412 0.006234216022 0.005809763719 0.005577324047 0.007137204105 0.0 0.0 0.0 0.0 0.0 0.0 0.0 0.0 0.0 0.0 0.0 0.0 0.0 0.0 0.0 0.0 0.0 0.0 0.0 0.0 0.0 0.0 0.0 0.0 0.0 0.0 0.0 0.0 0.0 0.0 0.0 0.0 0.0 0.0 0.0 0.0 0.0 0.0 0.0 0.0 0.0 0.0 0.0 0.0 0.0 0.0 0.0 0.0 0.0 0.0 0.0 0.0 0.0
0.0 0.0 0.0 0.0 0.0 0.0 0.0 0.0 0.0 0.0 0.0 0.0 0.0 0.0 0.0 0.0 0.0 0.0 0.0 0.0 0.0 0.0 0.0 0.0 0.0 0.0 0.0 0.006632828191 0.007085557609 0.00633322787 0.006315418986 0.007157051866 0.006305485361 0.00617048538 0.007470767834 0.007179824981 0.007293660624 0.008471642999 0.007280062194 0.00910910093 0.231410161939 0.007353088547 0.008482567336 0.007473003854 0.00664121498 0.007111938042 0.007404552998 0.007440341883 0.006523170918 0.00890369437 0.006177626579 0.007862249523 0.007667494113 0.007319595349 0.007148908293 0.006559046835 0.006316434374 0.006137518773 0.007180146439 0.0 0.0 0.0 0.0 0.0 0.0 0.0 0.0 0.0 0.0 0.0 0.0 0.0 0.0 0.0 0.0 0.0 0.0 0.0 0.0 0.0 0.0 0.0 0.0 0.0 0.0 0.0 0.0 0.0 0.0 0.0 0.0 0.0 0.0 0.0 0.0 0.0 0.0 0.0 0.0 0.0 0.0 0.0 0.0 0.0 0.0 0.0 0.0 0.0 0.0 0.0 0.0 0.0
0.0 0.0 0.0 0.0 0.0 0.0 0.0 0.0 0.0 0.0 0.0 0.0 0.0 0.0 0.0 0.0 0.0 0.0 0.0 0.0 0.0 0.0 0.0 0.0 0.0 0.0 0.0 0.007123597351 0.00720753648 0.007014804311 0.006962748466 0.007233579678 0.006993601057 0.006952809874 0.007291805353 0.007233086656 0.007252055497 0.007332162858 0.007210452513 0.007463870054 0.007353088547 0.368000199569 0.00737747665 0.007277836453 0.007100985027 0.007225487995 0.007247573271 0.007275404325 0.00706871679 0.007398691059 0.006929380371 0.007312844697 0.007333367021 0.007277063311 0.007216428194 0.007109786291 0.006976934049 0.006912776894 0.00726185284 0.0 0.0 0.0 0.0 0.0 0.0 0.0 0.0 0.0 0.0 0.0 0.0 0.0 0.0 0.0 0.0 0.0 0.0 0.0 0.0 0.0 0.0 0.0 0.0 0.0 0.0 0.0 0.0 0.0 0.0 0.0 0.0 0.0 0.0 0.0 0.0 0.0 0.0 0.0 0.0 0.0 0.0 0.0 0.0 0.0 0.0 0.0 0.0 0.0 0.0 0.0 0.0 0.0
0.0 0.0 0.0 0.0 0.0 0.0 0.0 0.0 0.0 0.0 0.0 0.0 0.0 0.0 0.0 0.0 0.0 0.0 0.0 0.0 0.0 0.0 0.0 0.0 0.0 0.0 0.0 0.006605152941 0.007023253441 0.006290502757 0.006274632407 0.007138299891 0.006261336681 0.006111526608 0.007478975529 0.007150354733 0.007273060695 0.008437185317 0.007220925538 0.009204883066 0.008482567336 0.00737747665 0.640488243038 0.00744977973 0.006614161649 0.00709920102 0.007387980365 0.007404945982 0.006490966211 0.008950494945 0.006123898435 0.007876180587 0.007682130758 0.007290707579 0.007118808134 0.006548454174 0.006267506815 0.006097654375 0.007183674144 0.0 0.0 0.0 0.0 0.0 0.0 0.0 0.0 0.0 0.0 0.0 0.0 0.0 0.0 0.0 0.0 0.0 0.0 0.0 0.0 0.0 0.0 0.0 0.0 0.0 0.0 0.0 0.0 0.0 0.0 0.0 0.0 0.0 0.0 0.0 0.0 0.0 0.0 0.0 0.0 0.0 0.0 0.0 0.0 0.0 0.0 0.0 0.0 0.0 0.0 0.0 0.0 0.0
0.0 0.0 0.0 0.0 0.0 0.0 0.0 0.0 0.0 0.0 0.0 0.0 0.0 0.0 0.0 0.0 0.0 0.0 0.0 0.0 0.0 0.0 0.0 0.0 0.0 0.0 0.0 0.007112721259 0.00723836341 0.007028733782 0.007020094672 0.00723740553 0.007018696893 0.006972067511 0.007297789262 0.007243991047 0.007257636417 0.007435119776 0.007267356467 0.007533538008 0.007473003854 0.007277836453 0.00744977973 0.401151481974 0.007102986519 0.007227047789 0.007276785701 0.007300792987 0.007080621758 0.007503622949 0.00698629088 0.007353710916 0.007331365476 0.007281641912 0.007236006621 0.007085912855 0.007022354081 0.006965456348 0.007239549111 0.0 0.0 0.0 0.0 0.0 0.0 0.0 0.0 0.0 0.0 0.0 0.0 0.0 0.0 0.0 0.0 0.0 0.0 0.0 0.0 0.0 0.0 0.0 0.0 0.0 0.0 0.0 0.0 0.0 0.0 0.0 0.0 0.0 0.0 0.0 0.0 0.0 0.0 0.0 0.0 0.0 0.0 0.0 0.0 0.0 0.0 0.0 0.0 0.0 0.0 0.0 0.0 0.0
0.0 0.0 0.0 0.0 0.0 0.0 0.0 0.0 0.0 0.0 0.0 0.0 0.0 0.0 0.0 0.0 0.0 0.0 0.0 0.0 0.0 0.0 0.0 0.0 0.0 0.0 0.0 0.00757718113 0.007321151226 0.007816775133 0.007859862936 0.007259107381 0.007849097672 0.007959992545 0.00706752747 0.007255679743 0.007192434162 0.006675564826 0.007242950315 0.006316368683 0.00664121498 0.007100985027 0.006614161649 0.007102986519 0.48647802108 0.007283861924 0.007151839431 0.007111595563 0.007672615192 0.006431522896 0.007969862607 0.00689450283 0.00698611024 0.007158569304 0.007279732583 0.007619161452 0.007853540733 0.00799459111 0.007221152556 0.0 0.0 0.0 0.0 0.0 0.0 0.0 0.0 0.0 0.0 0.0 0.0 0.0 0.0 0.0 0.0 0.0 0.0 0.0 0.0 0.0 0.0 0.0 0.0 0.0 0.0 0.0 0.0 0.0 0.0 0.0 0.0 0.0 0.0 0.0 0.0 0.0 0.0 0.0 0.0 0.0 0.0 0.0 0.0 0.0 0.0 0.0 0.0 0.0 0.0 0.0 0.0 0.0
0.0 0.0 0.0 0.0 0.0 0.0 0.0 0.0 0.0 0.0 0.0 0.0 0.0 0.0 0.0 0.0 0.0 0.0 0.0 0.0 0.0 0.0 0.0 0.0 0.0 0.0 0.0 0.007293437723 0.007276709463 0.007308628173 0.007339694088 0.007263250036 0.007312583864 0.007305053444 0.007220387874 0.007262671743 0.00723749205 0.007108666969 0.007272655683 0.00700964442 0.007111938042 0.007225487995 0.00709920102 0.007227047789 0.007283861924 0.390033442958 0.007232422466 0.007233991912 0.007305101715 0.00704175193 0.007331651029 0.00717046759 0.00721578776 0.007246593244 0.007274483536 0.007290002425 0.007324676358 0.007336951098 0.007248992021 0.0 0.0 0.0 0.0 0.0 0.0 0.0 0.0 0.0 0.0 0.0 0.0 0.0 0.0 0.0 0.0 0.0 0.0 0.0 0.0 0.0 0.0 0.0 0.0 0.0 0.0 0.0 0.0 0.0 0.0 0.0 0.0 0.0 0.0 0.0 0.0 0.0 0.0 0.0 0.0 0.0 0.0 0.0 0.0 0.0 0.0 0.0 0.0 0.0 0.0 0.0 0.0 0.0
0.0 0.0 0.0 0.0 0.0 0.0 0.0 0.0 0.0 0.0 0.0 0.0 0.0 0.0 0.0 0.0 0.0 0.0 0.0 0.0 0.0 0.0 0.0 0.0 0.0 0.0 0.0 0.007151104201 0.007236721618 0.007106008753 0.007127833868 0.007238648267 0.007104914417 0.007072067032 0.007282295395 0.007242692153 0.007247187187 0.007382778736 0.007270794025 0.007428870777 0.007404552998 0.007247573271 0.007387980365 0.007276785701 0.007151839431 0.007232422466 0.245114856675 0.007282160479 0.00714197612 0.007425898836 0.007097863652 0.007327043483 0.00729761131 0.007260673757 0.007244992079 0.007132790842 0.007118596606 0.007090601018 0.007232572993 0.0 0.0 0.0 0.0 0.0 0.0 0.0 0.0 0.0 0.0 0.0 0.0 0.0 0.0 0.0 0.0 0.0 0.0 0.0 0.0 0.0 0.0 0.0 0.0 0.0 0.0 0.0 0.0 0.0 0.0 0.0 0.0 0.0 0.0 0.0 0.0 0.0 0.0 0.0 0.0 0.0 0.0 0.0 0.0 0.0 0.0 0.0 0.0 0.0 0.0 0.0 0.0 0.0
0.0 0.0 0.0 0.0 0.0 0.0 0.0 0.0 0.0 0.0 0.0 0.0 0.0 0.0 0.0 0.0 0.0 0.0 0.0 0.0 0.0 0.0 0.0 0.0 0.0 0.0 0.0 0.00711804821 0.007283497681 0.007027598921 0.006999478831 0.007252223486 0.007014447069 0.006954782609 0.007319293541 0.007256761458 0.007262871999 0.007399628701 0.007286254815 0.00742628231 0.007440341883 0.007275404325 0.007404945982 0.007300792987 0.007111595563 0.007233991912 0.007282160479 0.380877016097 0.007080253951 0.007441936169 0.006979629255 0.007355710138 0.007289759215 0.00730852026 0.007250871745 0.007077802899 0.007018844172 0.00693532741 0.007248496557 0.0 0.0 0.0 0.0 0.0 0.0 0.0 0.0 0.0 0.0 0.0 0.0 0.0 0.0 0.0 0.0 0.0 0.0 0.0 0.0 0.0 0.0 0.0 0.0 0.0 0.0 0.0 0.0 0.0 0.0 0.0 0.0 0.0 0.0 0.0 0.0 0.0 0.0 0.0 0.0 0.0 0.0 0.0 0.0 0.0 0.0 0.0 0.0 0.0 0.0 0.0 0.0 0.0
0.0 0.0 0.0 0.0 0.0 0.0 0.0 0.0 0.0 0.0 0.0 0.0 0.0 0.0 0.0 0.0 0.0 0.0 0.0 0.0 0.0 0.0 0.0 0.0 0.0 0.0 0.0 0.007658489293 0.007339381162 0.007938941668 0.008023826867 0.007270036706 0.007978574547 0.008063948382 0.007029250737 0.007268643923 0.007184607638 0.006568227364 0.007262941851 0.006126339902 0.006523170918 0.00706871679 0.006490966211 0.007080621758 0.007672615192 0.007305101715 0.00714197612 0.007080253951 0.693407035712 0.006270565639 0.008123735455 0.006824862746 0.006950799828 0.007139699266 0.007302153563 0.007706084432 0.007999702233 0.008164765618 0.007218781551 0.0 0.0 0.0 0.0 0.0 0.0 0.0 0.0 0.0 0.0 0.0 0.0 0.0 0.0 0.0 0.0 0.0 0.0 0.0 0.0 0.0 0.0 0.0 0.0 0.0 0.0 0.0 0.0 0.0 0.0 0.0 0.0 0.0 0.0 0.0 0.0 0.0 0.0 0.0 0.0 0.0 0.0 0.0 0.0 0.0 0.0 0.0 0.0 0.0 0.0 0.0 0.0 0.0
0.0 0.0 0.0 0.0 0.0 0.0 0.0 0.0 0.0 0.0 0.0 0.0 0.0 0.0 0.0 0.0 0.0 0.0 0.0 0.0 0.0 0.0 0.0 0.0 0.0 0.0 0.0 0.006411301766 0.006943974323 0.006023659591 0.006003245581 0.007087312814 0.005989138446 0.005813952328 0.007539705542 0.00710494675 0.007265003102 0.008877932502 0.007203413348 0.00996321514 0.00890369437 0.007398691059 0.008950494945 0.007503622949 0.006431522896 0.00704175193 0.007425898836 0.007441936169 0.006270565639 0.924688517736 0.00582235298 0.008080971712 0.007795682471 0.007280310541 0.007069331323 0.006341623862 0.005995430851 0.005783041452 0.007147483556 0.0 0.0 0.0 0.0 0.0 0.0 0.0 0.0 0.0 0.0 0.0 0.0 0.0 0.0 0.0 0.0 0.0 0.0 0.0 0.0 0.0 0.0 0.0 0.0 0.0 0.0 0.0 0.0 0.0 0.0 0.0 0.0 0.0 0.0 0.0 0.0 0.0 0.0 0.0 0.0 0.0 0.0 0.0 0.0 0.0 0.0 0.0 0.0 0.0 0.0 0.0 0.0 0.0
0.0 0.0 0.0 0.0 0.0 0.0 0.0 0.0 0.0 0.0 0.0 0.0 0.0 0.0 0.0 0.0 0.0 0.0 0.0 0.0 0.0 0.0 0.0 0.0 0.0 0.0 0.0 0.007895826172 0.007399373244 0.008431279766 0.008591192189 0.00727448133 0.008514326556 0.008710547964 0.006890453087 0.007274323856 0.007137990159 0.006255009602 0.007303168272 0.005612506891 0.006177626579 0.006929380371 0.006123898435 0.00698629088 0.007969862607 0.007331651029 0.007097863652 0.006979629255 0.008123735455 0.00582235298 0.811428115842 0.006597348285 0.006794558247 0.007061386391 0.007337084388 0.007981373052 0.008547984881 0.008872970673 0.007174875809 0.0 0.0 0.0 0.0 0.0 0.0 0.0 0.0 0.0 0.0 0.0 0.0 0.0 0.0 0.0 0.0 0.0 0.0 0.0 0.0 0.0 0.0 0.0 0.0 0.0 0.0 0.0 0.0 0.0 0.0 0.0 0.0 0.0 0.0 0.0 0.0 0.0 0.0 0.0 0.0 0.0 0.0 0.0 0.0 0.0 0.0 0.0 0.0 0.0 0.0 0.0 0.0 0.0
0.0 0.0 0.0 0.0 0.0 0.0 0.0 0.0 0.0 0.0 0.0 0.0 0.0 0.0 0.0 0.0 0.0 0.0 0.0 0.0 0.0 0.0 0.0 0.0 0.0 0.0 0.0 0.0068901737 0.007142477634 0.006698064566 0.006686378445 0.007195098609 0.006679589494 0.006601307547 0.007399461423 0.007198392185 0.007264212391 0.007836272602 0.007231768518 0.008134133405 0.007862249523 0.007312844697 0.007876180587 0.007353710916 0.00689450283 0.00717046759 0.007327043483 0.007355710138 0.006824862746 0.008080971712 0.006597348285 0.383671360622 0.007431443744 0.007284000784 0.007184974046 0.006849700974 0.006684964994 0.006576477043 0.007221463573 0.0 0.0 0.0 0.0 0.0 0.0 0.0 0.0 0.0 0.0 0.0 0.0 0.0 0.0 0.0 0.0 0.0 0.0 0.0 0.0 0.0 0.0 0.0 0.0 0.0 0.0 0.0 0.0 0.0 0.0 0.0 0.0 0.0 0.0 0.0 0.0 0.0 0.0 0.0 0.0 0.0 0.0 0.0 0.0 0.0 0.0 0.0 0.0 0.0 0.0 0.0 0.0 0.0
