72 72
0.325620582747 0.01033569368 0.01032190173 0.01003950534 0.009367765436 0.00987337011 0.0101377938 0.009969131075 0.01029405445 0.009503650971 0.009791003772 0.009539614246 0.009419684777 0.009945410918 0.008417084672 0.009703260312 0.009994341731 0.0 0.0 0.0 0.0 0.0 0.0 0.0 0.0 0.0 0.0 0.0 0.0 0.0 0.0 0.0 0.0 0.0 0.0 0.0 0.0 0.0 0.0 0.0 0.0 0.0 0.0 0.0 0.0 0.0 0.0 0.0 0.0 0.0 0.0 0.0 0.0 0.0 0.0 0.0 0.0 0.0 0.0 0.0 0.0 0.0 0.0 0.0 0.0 0.0 0.0 0.0 0.0 0.0 0.0 0.0
0.01033569368 1.94080129798 0.01135766088 0.01036984381 0.009258955533 0.01008245575 0.0109217282 0.0104681007 0.011533973 0.009549572487 0.01001151685 0.00971649136 0.009243886635 0.0103344508 0.007821066154 0.00991707399 0.01042979387 0.0 0.0 0.0 0.0 0.0 0.0 0.0 0.0 0.0 0.0 0.0 0.0 0.0 0.0 0.0 0.0 0.0 0.0 0.0 0.0 0.0 0.0 0.0 0.0 0.0 0.0 0.0 0.0 0.0 0.0 0.0 0.0 0.0 0.0 0.0 0.0 0.0 0.0 0.0 0.0 0.0 0.0 0.0 0.0 0.0 0.0 0.0 0.0 0.0 0.0 0.0 0.0 0.0 0.0 0.0
0.01032190173 0.01135766088 0.637460822326 0.01037414178 0.009244421431 0.01005139571 0.01083917158 0.01045687686 0.0113284347 0.00956595962 0.01000113208 0.009729062441 0.009257895731 0.01032661065 0.007836111009 0.009915889907 0.01042272382 0.0 0.0 0.0 0.0 0.0 0.0 0.0 0.0 0.0 0.0 0.0 0.0 0.0 0.0 0.0 0.0 0.0 0.0 0.0 0.0 0.0 0.0 0.0 0.0 0.0 0.0 0.0 0.0 0.0 0.0 0.0 0.0 0.0 0.0 0.0 0.0 0.0 0.0 0.0 0.0 0.0 0.0 0.0 0.0 0.0 0.0 0.0 0.0 0.0 0.0 0.0 0.0 0.0 0.0 0.0
0.01003950534 0.01036984381 0.01037414178 0.92574390796 0.009364091238 0.009882561807 0.01018777878 0.01000926004 0.01033125141 0.009547182332 0.009829129015 0.009577297984 0.009437644776 0.009991536488 0.008342897139 0.009740348994 0.01004531068 0.0 0.0 0.0 0.0 0.0 0.0 0.0 0.0 0.0 0.0 0.0 0.0 0.0 0.0 0.0 0.0 0.0 0.0 0.0 0.0 0.0 0.0 0.0 0.0 0.0 0.0 0.0 0.0 0.0 0.0 0.0 0.0 0.0 0.0 0.0 0.0 0.0 0.0 0.0 0.0 0.0 0.0 0.0 0.0 0.0 0.0 0.0 0.0 0.0 0.0 0.0 0.0 0.0 0.0 0.0
0.009367765436 0.009258955533 0.009244421431 0.009364091238 0.340819932686 0.009438619409 0.009268316114 0.009341043634 0.0092565359 0.009278748037 0.009371646002 0.009246989722 0.009329731283 0.0093048228 0.009229544607 0.009304619748 0.009273708065 0.0 0.0 0.0 0.0 0.0 0.0 0.0 0.0 0.0 0.0 0.0 0.0 0.0 0.0 0.0 0.0 0.0 0.0 0.0 0.0 0.0 0.0 0.0 0.0 0.0 0.0 0.0 0.0 0.0 0.0 0.0 0.0 0.0 0.0 0.0 0.0 0.0 0.0 0.0 0.0 0.0 0.0 0.0 0.0 0.0 0.0 0.0 0.0 0.0 0.0 0.0 0.0 0.0 0.0 0.0
0.00987337011 0.01008245575 0.01005139571 0.009882561807 0.009438619409 0.338101287204 0.00991135451 0.009856158377 0.01004092136 0.009398732224 0.009703977773 0.009389160982 0.009419513757 0.009782419814 0.008683352627 0.009581463511 0.009798305739 0.0 0.0 0.0 0.0 0.0 0.0 0.0 0.0 0.0 0.0 0.0 0.0 0.0 0.0 0.0 0.0 0.0 0.0 0.0 0.0 0.0 0.0 0.0 0.0 0.0 0.0 0.0 0.0 0.0 0.0 0.0 0.0 0.0 0.0 0.0 0.0 0.0 0.0 0.0 0.0 0.0 0.0 0.0 0.0 0.0 0.0 0.0 0.0 0.0 0.0 0.0 0.0 0.0 0.0 0.0
0.0101377938 0.0109217282 0.01083917158 0.01018777878 0.009268316114 0.00991135451 0.940539745003 0.0101757007 0.0108816901 0.009543919843 0.009896893596 0.009694894981 0.009286841193 0.01016600417 0.008068128515 0.00983784652 0.01025120798 0.0 0.0 0.0 0.0 0.0 0.0 0.0 0.0 0.0 0.0 0.0 0.0 0.0 0.0 0.0 0.0 0.0 0.0 0.0 0.0 0.0 0.0 0.0 0.0 0.0 0.0 0.0 0.0 0.0 0.0 0.0 0.0 0.0 0.0 0.0 0.0 0.0 0.0 0.0 0.0 0.0 0.0 0.0 0.0 0.0 0.0 0.0 0.0 0.0 0.0 0.0 0.0 0.0 0.0 0.0
0.009969131075 0.0104681007 0.01045687686 0.01000926004 0.009341043634 0.009856158377 0.0101757007 0.622872543265 0.01050535469 0.009421150933 0.009771117222 0.009473324523 0.009210746438 0.009909080703 0.008385087457 0.009631993838 0.009928761523 0.0 0.0 0.0 0.0 0.0 0.0 0.0 0.0 0.0 0.0 0.0 0.0 0.0 0.0 0.0 0.0 0.0 0.0 0.0 0.0 0.0 0.0 0.0 0.0 0.0 0.0 0.0 0.0 0.0 0.0 0.0 0.0 0.0 0.0 0.0 0.0 0.0 0.0 0.0 0.0 0.0 0.0 0.0 0.0 0.0 0.0 0.0 0.0 0.0 0.0 0.0 0.0 0.0 0.0 0.0
0.01029405445 0.011533973 0.0113284347 0.01033125141 0.0092565359 0.01004092136 0.0108816901 0.01050535469 2.22548838589 0.009549856596 0.009980428048 0.009705890295 0.00922038905 0.01028051146 0.00783595427 0.009869647443 0.01034866389 0.0 0.0 0.0 0.0 0.0 0.0 0.0 0.0 0.0 0.0 0.0 0.0 0.0 0.0 0.0 0.0 0.0 0.0 0.0 0.0 0.0 0.0 0.0 0.0 0.0 0.0 0.0 0.0 0.0 0.0 0.0 0.0 0.0 0.0 0.0 0.0 0.0 0.0 0.0 0.0 0.0 0.0 0.0 0.0 0.0 0.0 0.0 0.0 0.0 0.0 0.0 0.0 0.0 0.0 0.0
0.009503650971 0.009549572487 0.00956595962 0.009547182332 0.009278748037 0.009398732224 0.009543919843 0.009421150933 0.009549856596 0.273849328345 0.009433178718 0.009456074053 0.009435561966 0.009493353904 0.008872952878 0.009459707041 0.009531105222 0.0 0.0 0.0 0.0 0.0 0.0 0.0 0.0 0.0 0.0 0.0 0.0 0.0 0.0 0.0 0.0 0.0 0.0 0.0 0.0 0.0 0.0 0.0 0.0 0.0 0.0 0.0 0.0 0.0 0.0 0.0 0.0 0.0 0.0 0.0 0.0 0.0 0.0 0.0 0.0 0.0 0.0 0.0 0.0 0.0 0.0 0.0 0.0 0.0 0.0 0.0 0.0 0.0 0.0 0.0
0.009791003772 0.01001151685 0.01000113208 0.009829129015 0.009371646002 0.009703977773 0.009896893596 0.009771117222 0.009980428048 0.009433178718 0.309807873037 0.009536042828 0.009234498111 0.009831840952 0.008550883435 0.009634360852 0.009831597707 0.0 0.0 0.0 0.0 0.0 0.0 0.0 0.0 0.0 0.0 0.0 0.0 0.0 0.0 0.0 0.0 0.0 0.0 0.0 0.0 0.0 0.0 0.0 0.0 0.0 0.0 0.0 0.0 0.0 0.0 0.0 0.0 0.0 0.0 0.0 0.0 0.0 0.0 0.0 0.0 0.0 0.0 0.0 0.0 0.0 0.0 0.0 0.0 0.0 0.0 0.0 0.0 0.0 0.0 0.0
0.009539614246 0.00971649136 0.009729062441 0.009577297984 0.009246989722 0.009389160982 0.009694894981 0.009473324523 0.009705890295 0.009456074053 0.009536042828 0.280458886703 0.009218765851 0.009660410434 0.008660677842 0.009575537478 0.009688683903 0.0 0.0 0.0 0.0 0.0 0.0 0.0 0.0 0.0 0.0 0.0 0.0 0.0 0.0 0.0 0.0 0.0 0.0 0.0 0.0 0.0 0.0 0.0 0.0 0.0 0.0 0.0 0.0 0.0 0.0 0.0 0.0 0.0 0.0 0.0 0.0 0.0 0.0 0.0 0.0 0.0 0.0 0.0 0.0 0.0 0.0 0.0 0.0 0.0 0.0 0.0 0.0 0.0 0.0 0.0
0.009419684777 0.009243886635 0.009257895731 0.009437644776 0.009329731283 0.009419513757 0.009286841193 0.009210746438 0.00922038905 0.009435561966 0.009234498111 0.009218765851 1.08658972298 0.009229454285 0.009320290623 0.009295709304 0.009307955431 0.0 0.0 0.0 0.0 0.0 0.0 0.0 0.0 0.0 0.0 0.0 0.0 0.0 0.0 0.0 0.0 0.0 0.0 0.0 0.0 0.0 0.0 0.0 0.0 0.0 0.0 0.0 0.0 0.0 0.0 0.0 0.0 0.0 0.0 0.0 0.0 0.0 0.0 0.0 0.0 0.0 0.0 0.0 0.0 0.0 0.0 0.0 0.0 0.0 0.0 0.0 0.0 0.0 0.0 0.0
0.009945410918 0.0103344508 0.01032661065 0.009991536488 0.0093048228 0.009782419814 0.01016600417 0.009909080703 0.01028051146 0.009493353904 0.009831840952 0.009660410434 0.009229454285 0.365757890772 0.008288862138 0.009765683773 0.01007717146 0.0 0.0 0.0 0.0 0.0 0.0 0.0 0.0 0.0 0.0 0.0 0.0 0.0 0.0 0.0 0.0 0.0 0.0 0.0 0.0 0.0 0.0 0.0 0.0 0.0 0.0 0.0 0.0 0.0 0.0 0.0 0.0 0.0 0.0 0.0 0.0 0.0 0.0 0.0 0.0 0.0 0.0 0.0 0.0 0.0 0.0 0.0 0.0 0.0 0.0 0.0 0.0 0.0 0.0 0.0
0.008417084672 0.007821066154 0.007836111009 0.008342897139 0.009229544607 0.008683352627 0.008068128515 0.008385087457 0.00783595427 0.008872952878 0.008550883435 0.008660677842 0.009320290623 0.008288862138 0.307310309178 0.00860397673 0.008241991384 0.0 0.0 0.0 0.0 0.0 0.0 0.0 0.0 0.0 0.0 0.0 0.0 0.0 0.0 0.0 0.0 0.0 0.0 0.0 0.0 0.0 0.0 0.0 0.0 0.0 0.0 0.0 0.0 0.0 0.0 0.0 0.0 0.0 0.0 0.0 0.0 0.0 0.0 0.0 0.0 0.0 0.0 0.0 0.0 0.0 0.0 0.0 0.0 0.0 0.0 0.0 0.0 0.0 0.0 0.0
0.009703260312 0.00991707399 0.009915889907 0.009740348994 0.009304619748 0.009581463511 0.00983784652 0.009631993838 0.009869647443 0.009459707041 0.009634360852 0.009575537478 0.009295709304 0.009765683773 0.00860397673 0.29137594336 0.009795639887 0.0 0.0 0.0 0.0 0.0 0.0 0.0 0.0 0.0 0.0 0.0 0.0 0.0 0.0 0.0 0.0 0.0 0.0 0.0 0.0 0.0 0.0 0.0 0.0 0.0 0.0 0.0 0.0 0.0 0.0 0.0 0.0 0.0 0.0 0.0 0.0 0.0 0.0 0.0 0.0 0.0 0.0 0.0 0.0 0.0 0.0 0.0 0.0 0.0 0.0 0.0 0.0 0.0 0.0 0.0
0.009994341731 0.01042979387 0.01042272382 0.01004531068 0.009273708065 0.009798305739 0.01025120798 0.009928761523 0.01034866389 0.009531105222 0.009831597707 0.009688683903 0.009307955431 0.01007717146 0.008241991384 0.009795639887 0.500065340389 0.0 0.0 0.0 0.0 0.0 0.0 0.0 0.0 0.0 0.0 0.0 0.0 0.0 0.0 0.0 0.0 0.0 0.0 0.0 0.0 0.0 0.0 0.0 0.0 0.0 0.0 0.0 0.0 0.0 0.0 0.0 0.0 0.0 0.0 0.0 0.0 0.0 0.0 0.0 0.0 0.0 0.0 0.0 0.0 0.0 0.0 0.0 0.0 0.0 0.0 0.0 0.0 0.0 0.0 0.0
0.0 0.0 0.0 0.0 0.0 0.0 0.0 0.0 0.0 0.0 0.0 0.0 0.0 0.0 0.0 0.0 0.0 0.421364394054 0.007810085883 0.007538121508 0.007742190832 0.007163735422 0.006209945031 0.00837044682 0.006406496355 0.005805882963 0.007149562021 0.007112705642 0.006066477632 0.007182580481 0.006242904388 0.005830643814 0.007808624144 0.008033321805 0.007158233398 0.006542819568 0.006216777287 0.007706884159 0.005825017589 0.007158123798 0.007607190016 0.0 0.0 0.0 0.0 0.0 0.0 0.0 0.0 0.0 0.0 0.0 0.0 0.0 0.0 0.0 0.0 0.0 0.0 0.0 0.0 0.0 0.0 0.0 0.0 0.0 0.0 0.0 0.0 0.0 0.0 0.0
0.0 0.0 0.0 0.0 0.0 0.0 0.0 0.0 0.0 0.0 0.0 0.0 0.0 0.0 0.0 0.0 0.0 0.007810085883 0.442869032953 0.007234298121 0.007381577999 0.006959896738 0.006212712341 0.007882396542 0.006381662917 0.005884090588 0.006949415971 0.006920497014 0.006089345414 0.00696160719 0.006175587938 0.005876501601 0.007406094528 0.007534946091 0.006938515203 0.006460998416 0.006211050081 0.007358123866 0.005870764175 0.006946141008 0.007272664413 0.0 0.0 0.0 0.0 0.0 0.0 0.0 0.0 0.0 0.0 0.0 0.0 0.0 0.0 0.0 0.0 0.0 0.0 0.0 0.0 0.0 0.0 0.0 0.0 0.0 0.0 0.0 0.0 0.0 0.0 0.0
0.0 0.0 0.0 0.0 0.0 0.0 0.0 0.0 0.0 0.0 0.0 0.0 0.0 0.0 0.0 0.0 0.0 0.007538121508 0.007234298121 0.442441548995 0.007227906503 0.006872492182 0.006203335887 0.007524642988 0.00634966602 0.005896175183 0.006840809701 0.006830258856 0.006105570478 0.006872073986 0.006201664365 0.005924938516 0.007274120986 0.007394603086 0.006863931546 0.006434034502 0.006189822345 0.007208300978 0.005906080835 0.006861304785 0.007147071118 0.0 0.0 0.0 0.0 0.0 0.0 0.0 0.0 0.0 0.0 0.0 0.0 0.0 0.0 0.0 0.0 0.0 0.0 0.0 0.0 0.0 0.0 0.0 0.0 0.0 0.0 0.0 0.0 0.0 0.0 0.0
0.0 0.0 0.0 0.0 0.0 0.0 0.0 0.0 0.0 0.0 0.0 0.0 0.0 0.0 0.0 0.0 0.0 0.007742190832 0.007381577999 0.007227906503 0.47371807485 0.006982142843 0.006218339264 0.007719547829 0.006380133549 0.005875565312 0.006948511598 0.00693810622 0.006108328612 0.006959901804 0.006213529822 0.005909604704 0.007426447625 0.007575543136 0.00694570233 0.006465555152 0.006198321905 0.007343866584 0.005885987439 0.006944348031 0.007282170662 0.0 0.0 0.0 0.0 0.0 0.0 0.0 0.0 0.0 0.0 0.0 0.0 0.0 0.0 0.0 0.0 0.0 0.0 0.0 0.0 0.0 0.0 0.0 0.0 0.0 0.0 0.0 0.0 0.0 0.0 0.0
0.0 0.0 0.0 0.0 0.0 0.0 0.0 0.0 0.0 0.0 0.0 0.0 0.0 0.0 0.0 0.0 0.0 0.007163735422 0.006959896738 0.006872492182 0.006982142843 0.896833076725 0.00622399291 0.007111240575 0.00634940975 0.005959437771 0.006736198407 0.006749714589 0.00614442473 0.006694994839 0.006145787113 0.005987560053 0.006981748397 0.007063303456 0.006682915207 0.006353030475 0.006175232992 0.006931328995 0.005941203899 0.006681417305 0.006907969947 0.0 0.0 0.0 0.0 0.0 0.0 0.0 0.0 0.0 0.0 0.0 0.0 0.0 0.0 0.0 0.0 0.0 0.0 0.0 0.0 0.0 0.0 0.0 0.0 0.0 0.0 0.0 0.0 0.0 0.0 0.0
0.0 0.0 0.0 0.0 0.0 0.0 0.0 0.0 0.0 0.0 0.0 0.0 0.0 0.0 0.0 0.0 0.0 0.006209945031 0.006212712341 0.006203335887 0.006218339264 0.00622399291 0.423492635313 0.006190889263 0.006171309683 0.006066551249 0.006203647161 0.006217695894 0.006132414261 0.006187267918 0.00605670123 0.006081691328 0.006200120614 0.006199994935 0.006184593182 0.006148869377 0.006096414027 0.006203161563 0.006043997094 0.006183920753 0.006207077114 0.0 0.0 0.0 0.0 0.0 0.0 0.0 0.0 0.0 0.0 0.0 0.0 0.0 0.0 0.0 0.0 0.0 0.0 0.0 0.0 0.0 0.0 0.0 0.0 0.0 0.0 0.0 0.0 0.0 0.0 0.0
0.0 0.0 0.0 0.0 0.0 0.0 0.0 0.0 0.0 0.0 0.0 0.0 0.0 0.0 0.0 0.0 0.0 0.00837044682 0.007882396542 0.007524642988 0.007719547829 0.007111240575 0.006190889263 2.26234971456 0.006377019387 0.005793414057 0.007125824677 0.00705520032 0.006033257274 0.00716643254 0.00622024719 0.00578571461 0.007763194496 0.007981034166 0.007147219294 0.006508109291 0.006226618854 0.007694106308 0.005806798611 0.007144232259 0.007569471516 0.0 0.0 0.0 0.0 0.0 0.0 0.0 0.0 0.0 0.0 0.0 0.0 0.0 0.0 0.0 0.0 0.0 0.0 0.0 0.0 0.0 0.0 0.0 0.0 0.0 0.0 0.0 0.0 0.0 0.0 0.0
0.0 0.0 0.0 0.0 0.0 0.0 0.0 0.0 0.0 0.0 0.0 0.0 0.0 0.0 0.0 0.0 0.0 0.006406496355 0.006381662917 0.00634966602 0.006380133549 0.00634940975 0.006171309683 0.006377019387 0.208996980591 0.006057899532 0.006324492301 0.006341088194 0.006149744056 0.006304019261 0.006070206183 0.00606756021 0.006363157235 0.006371572032 0.0062968982 0.006213099939 0.006124274503 0.006362692563 0.006026228413 0.006301795977 0.006360430544 0.0 0.0 0.0 0.0 0.0 0.0 0.0 0.0 0.0 0.0 0.0 0.0 0.0 0.0 0.0 0.0 0.0 0.0 0.0 0.0 0.0 0.0 0.0 0.0 0.0 0.0 0.0 0.0 0.0 0.0 0.0
0.0 0.0 0.0 0.0 0.0 0.0 0.0 0.0 0.0 0.0 0.0 0.0 0.0 0.0 0.0 0.0 0.0 0.005805882963 0.005884090588 0.005896175183 0.005875565312 0.005959437771 0.006066551249 0.005793414057 0.006057899532 0.313781229492 0.005948121032 0.005967697306 0.006097811114 0.005932580395 0.005980649826 0.006113978917 0.005852504358 0.005820484037 0.005922979181 0.006038375427 0.006034117478 0.005872654262 0.006081191887 0.00593466713 0.005886300448 0.0 0.0 0.0 0.0 0.0 0.0 0.0 0.0 0.0 0.0 0.0 0.0 0.0 0.0 0.0 0.0 0.0 0.0 0.0 0.0 0.0 0.0 0.0 0.0 0.0 0.0 0.0 0.0 0.0 0.0 0.0
0.0 0.0 0.0 0.0 0.0 0.0 0.0 0.0 0.0 0.0 0.0 0.0 0.0 0.0 0.0 0.0 0.0 0.007149562021 0.006949415971 0.006840809701 0.006948511598 0.006736198407 0.006203647161 0.007125824677 0.006324492301 0.005948121032 0.461440661618 0.006715317627 0.006118181516 0.006666085356 0.006139931249 0.005961321474 0.006944899247 0.007020417794 0.006656130277 0.00632449196 0.00617124779 0.00690163834 0.005933651561 0.006655791216 0.006872719786 0.0 0.0 0.0 0.0 0.0 0.0 0.0 0.0 0.0 0.0 0.0 0.0 0.0 0.0 0.0 0.0 0.0 0.0 0.0 0.0 0.0 0.0 0.0 0.0 0.0 0.0 0.0 0.0 0.0 0.0 0.0
0.0 0.0 0.0 0.0 0.0 0.0 0.0 0.0 0.0 0.0 0.0 0.0 0.0 0.0 0.0 0.0 0.0 0.007112705642 0.006920497014 0.006830258856 0.00693810622 0.006749714589 0.006217695894 0.00705520032 0.006341088194 0.005967697306 0.006715317627 0.288609486906 0.006144676432 0.006659868512 0.006135601999 0.005992049444 0.006932963273 0.007008782186 0.006646608919 0.006339942021 0.006169964688 0.006885125297 0.005947054457 0.006648666682 0.006866400455 0.0 0.0 0.0 0.0 0.0 0.0 0.0 0.0 0.0 0.0 0.0 0.0 0.0 0.0 0.0 0.0 0.0 0.0 0.0 0.0 0.0 0.0 0.0 0.0 0.0 0.0 0.0 0.0 0.0 0.0 0.0
0.0 0.0 0.0 0.0 0.0 0.0 0.0 0.0 0.0 0.0 0.0 0.0 0.0 0.0 0.0 0.0 0.0 0.006066477632 0.006089345414 0.006105570478 0.006108328612 0.00614442473 0.006132414261 0.006033257274 0.006149744056 0.006097811114 0.006118181516 0.006144676432 0.51271345147 0.006115903981 0.006054470233 0.006153337913 0.006099477509 0.006101933848 0.006111471941 0.006153726957 0.006079307335 0.006098163859 0.006088063337 0.006113947023 0.006115158713 0.0 0.0 0.0 0.0 0.0 0.0 0.0 0.0 0.0 0.0 0.0 0.0 0.0 0.0 0.0 0.0 0.0 0.0 0.0 0.0 0.0 0.0 0.0 0.0 0.0 0.0 0.0 0.0 0.0 0.0 0.0
0.0 0.0 0.0 0.0 0.0 0.0 0.0 0.0 0.0 0.0 0.0 0.0 0.0 0.0 0.0 0.0 0.0 0.007182580481 0.00696160719 0.006872073986 0.006959901804 0.006694994839 0.006187267918 0.00716643254 0.006304019261 0.005932580395 0.006666085356 0.006659868512 0.006115903981 0.243876778002 0.006183037649 0.005963279513 0.006997782606 0.007085158553 0.006704775555 0.006369889394 0.006174659937 0.006952086162 0.005947029291 0.006697688837 0.006906590887 0.0 0.0 0.0 0.0 0.0 0.0 0.0 0.0 0.0 0.0 0.0 0.0 0.0 0.0 0.0 0.0 0.0 0.0 0.0 0.0 0.0 0.0 0.0 0.0 0.0 0.0 0.0 0.0 0.0 0.0 0.0
0.0 0.0 0.0 0.0 0.0 0.0 0.0 0.0 0.0 0.0 0.0 0.0 0.0 0.0 0.0 0.0 0.0 0.006242904388 0.006175587938 0.006201664365 0.006213529822 0.006145787113 0.00605670123 0.00622024719 0.006070206183 0.005980649826 0.006139931249 0.006135601999 0.006054470233 0.006183037649 0.30251039898 0.006034151887 0.006249745536 0.006284109867 0.006198802319 0.006116311073 0.006060808974 0.006222676637 0.006036314756 0.006183683926 0.006220038595 0.0 0.0 0.0 0.0 0.0 0.0 0.0 0.0 0.0 0.0 0.0 0.0 0.0 0.0 0.0 0.0 0.0 0.0 0.0 0.0 0.0 0.0 0.0 0.0 0.0 0.0 0.0 0.0 0.0 0.0 0.0
0.0 0.0 0.0 0.0 0.0 0.0 0.0 0.0 0.0 0.0 0.0 0.0 0.0 0.0 0.0 0.0 0.0 0.005830643814 0.005876501601 0.005924938516 0.005909604704 0.005987560053 0.006081691328 0.00578571461 0.00606756021 0.006113978917 0.005961321474 0.005992049444 0.006153337913 0.005963279513 0.006034151887 1.505134801 0.005909459098 0.005907904344 0.005961923094 0.006088732517 0.006025235112 0.005906110359 0.006113926852 0.005966226978 0.005932006758 0.0 0.0 0.0 0.0 0.0 0.0 0.0 0.0 0.0 0.0 0.0 0.0 0.0 0.0 0.0 0.0 0.0 0.0 0.0 0.0 0.0 0.0 0.0 0.0 0.0 0.0 0.0 0.0 0.0 0.0 0.0
0.0 0.0 0.0 0.0 0.0 0.0 0.0 0.0 0.0 0.0 0.0 0.0 0.0 0.0 0.0 0.0 0.0 0.007808624144 0.007406094528 0.007274120986 0.007426447625 0.006981748397 0.006200120614 0.007763194496 0.006363157235 0.005852504358 0.006944899247 0.006932963273 0.006099477509 0.006997782606 0.006249745536 0.005909459098 0.30438621781 0.007675141367 0.006989243318 0.006492654421 0.006191232946 0.007405519452 0.005887419472 0.006985534381 0.007338166759 0.0 0.0 0.0 0.0 0.0 0.0 0.0 0.0 0.0 0.0 0.0 0.0 0.0 0.0 0.0 0.0 0.0 0.0 0.0 0.0 0.0 0.0 0.0 0.0 0.0 0.0 0.0 0.0 0.0 0.0 0.0
0.0 0.0 0.0 0.0 0.0 0.0 0.0 0.0 0.0 0.0 0.0 0.0 0.0 0.0 0.0 0.0 0.0 0.008033321805 0.007534946091 0.007394603086 0.007575543136 0.007063303456 0.006199994935 0.007981034166 0.006371572032 0.005820484037 0.007020417794 0.007008782186 0.006101933848 0.007085158553 0.006284109867 0.005907904344 0.007675141367 0.408801616999 0.007075557436 0.006532677293 0.006187207362 0.007544533404 0.005874818723 0.007068983072 0.007479219638 0.0 0.0 0.0 0.0 0.0 0.0 0.0 0.0 0.0 0.0 0.0 0.0 0.0 0.0 0.0 0.0 0.0 0.0 0.0 0.0 0.0 0.0 0.0 0.0 0.0 0.0 0.0 0.0 0.0 0.0 0.0
0.0 0.0 0.0 0.0 0.0 0.0 0.0 0.0 0.0 0.0 0.0 0.0 0.0 0.0 0.0 0.0 0.0 0.007158233398 0.006938515203 0.006863931546 0.00694570233 0.006682915207 0.006184593182 0.007147219294 0.0062968982 0.005922979181 0.006656130277 0.006646608919 0.006111471941 0.006704775555 0.006198802319 0.005961923094 0.006989243318 0.007075557436 0.56274821182 0.006364587427 0.006175892976 0.006942201905 0.005948961088 0.006697201975 0.006897660349 0.0 0.0 0.0 0.0 0.0 0.0 0.0 0.0 0.0 0.0 0.0 0.0 0.0 0.0 0.0 0.0 0.0 0.0 0.0 0.0 0.0 0.0 0.0 0.0 0.0 0.0 0.0 0.0 0.0 0.0 0.0
0.0 0.0 0.0 0.0 0.0 0.0 0.0 0.0 0.0 0.0 0.0 0.0 0.0 0.0 0.0 0.0 0.0 0.006542819568 0.006460998416 0.006434034502 0.006465555152 0.006353030475 0.006148869377 0.006508109291 0.006213099939 0.006038375427 0.00632449196 0.006339942021 0.006153726957 0.006369889394 0.006116311073 0.006088732517 0.006492654421 0.006532677293 0.006364587427 0.149046519132 0.00611098053 0.006472246255 0.006039993501 0.006373841366 0.006457316986 0.0 0.0 0.0 0.0 0.0 0.0 0.0 0.0 0.0 0.0 0.0 0.0 0.0 0.0 0.0 0.0 0.0 0.0 0.0 0.0 0.0 0.0 0.0 0.0 0.0 0.0 0.0 0.0 0.0 0.0 0.0
0.0 0.0 0.0 0.0 0.0 0.0 0.0 0.0 0.0 0.0 0.0 0.0 0.0 0.0 0.0 0.0 0.0 0.006216777287 0.006211050081 0.006189822345 0.006198321905 0.006175232992 0.006096414027 0.006226618854 0.006124274503 0.006034117478 0.00617124779 0.006169964688 0.006079307335 0.006174659937 0.006060808974 0.006025235112 0.006191232946 0.006187207362 0.006175892976 0.00611098053 0.289330442654 0.006198429802 0.006027558177 0.006171817654 0.006190580818 0.0 0.0 0.0 0.0 0.0 0.0 0.0 0.0 0.0 0.0 0.0 0.0 0.0 0.0 0.0 0.0 0.0 0.0 0.0 0.0 0.0 0.0 0.0 0.0 0.0 0.0 0.0 0.0 0.0 0.0 0.0
0.0 0.0 0.0 0.0 0.0 0.0 0.0 0.0 0.0 0.0 0.0 0.0 0.0 0.0 0.0 0.0 0.0 0.007706884159 0.007358123866 0.007208300978 0.007343866584 0.006931328995 0.006203161563 0.007694106308 0.006362692563 0.005872654262 0.00690163834 0.006885125297 0.006098163859 0.006952086162 0.006222676637 0.005906110359 0.007405519452 0.007544533404 0.006942201905 0.006472246255 0.006198429802 0.282261451066 0.005891198854 0.006941004756 0.007258947604 0.0 0.0 0.0 0.0 0.0 0.0 0.0 0.0 0.0 0.0 0.0 0.0 0.0 0.0 0.0 0.0 0.0 0.0 0.0 0.0 0.0 0.0 0.0 0.0 0.0 0.0 0.0 0.0 0.0 0.0 0.0
0.0 0.0 0.0 0.0 0.0 0.0 0.0 0.0 0.0 0.0 0.0 0.0 0.0 0.0 0.0 0.0 0.0 0.005825017589 0.005870764175 0.005906080835 0.005885987439 0.005941203899 0.006043997094 0.005806798611 0.006026228413 0.006081191887 0.005933651561 0.005947054457 0.006088063337 0.005947029291 0.006036314756 0.006113926852 0.005887419472 0.005874818723 0.005948961088 0.006039993501 0.006027558177 0.005891198854 0.145872701894 0.005949310075 0.005906439552 0.0 0.0 0.0 0.0 0.0 0.0 0.0 0.0 0.0 0.0 0.0 0.0 0.0 0.0 0.0 0.0 0.0 0.0 0.0 0.0 0.0 0.0 0.0 0.0 0.0 0.0 0.0 0.0 0.0 0.0 0.0
0.0 0.0 0.0 0.0 0.0 0.0 0.0 0.0 0.0 0.0 0.0 0.0 0.0 0.0 0.0 0.0 0.0 0.007158123798 0.006946141008 0.006861304785 0.006944348031 0.006681417305 0.006183920753 0.007144232259 0.006301795977 0.00593466713 0.006655791216 0.006648666682 0.006113947023 0.006697688837 0.006183683926 0.005966226978 0.006985534381 0.007068983072 0.006697201975 0.006373841366 0.006171817654 0.006941004756 0.005949310075 0.397184211219 0.00689601843 0.0 0.0 0.0 0.0 0.0 0.0 0.0 0.0 0.0 0.0 0.0 0.0 0.0 0.0 0.0 0.0 0.0 0.0 0.0 0.0 0.0 0.0 0.0 0.0 0.0 0.0 0.0 0.0 0.0 0.0 0.0
0.0 0.0 0.0 0.0 0.0 0.0 0.0 0.0 0.0 0.0 0.0 0.0 0.0 0.0 0.0 0.0 0.0 0.007607190016 0.007272664413 0.007147071118 0.007282170662 0.006907969947 0.006207077114 0.007569471516 0.006360430544 0.005886300448 0.006872719786 0.006866400455 0.006115158713 0.006906590887 0.006220038595 0.005932006758 0.007338166759 0.007479219638 0.006897660349 0.006457316986 0.006190580818 0.007258947604 0.005906439552 0.00689601843 0.395911104938 0.0 0.0 0.0 0.0 0.0 0.0 0.0 0.0 0.0 0.0 0.0 0.0 0.0 0.0 0.0 0.0 0.0 0.0 0.0 0.0 0.0 0.0 0.0 0.0 0.0 0.0 0.0 0.0 0.0 0.0 0.0
0.0 0.0 0.0 0.0 0.0 0.0 0.0 0.0 0.0 0.0 0.0 0.0 0.0 0.0 0.0 0.0 0.0 0.0 0.0 0.0 0.0 0.0 0.0 0.0 0.0 0.0 0.0 0.0 0.0 0.0 0.0 0.0 0.0 0.0 0.0 0.0 0.0 0.0 0.0 0.0 0.0 0.115124390771 0.003907764289 0.003909868596 0.003909219133 0.003929610441 0.003912099362 0.00392823516 0.003915547907 0.003925719897 0.003954006027 0.003914295023 0.003913450448 0.003901954829 0.003896479048 0.003879995349 0.003833168803 0.003893879588 0.003836532552 0.003914542779 0.003856326327 0.003901704689 0.003890931564 0.0 0.0 0.0 0.0 0.0 0.0 0.0 0.0 0.0
0.0 0.0 0.0 0.0 0.0 0.0 0.0 0.0 0.0 0.0 0.0 0.0 0.0 0.0 0.0 0.0 0.0 0.0 0.0 0.0 0.0 0.0 0.0 0.0 0.0 0.0 0.0 0.0 0.0 0.0 0.0 0.0 0.0 0.0 0.0 0.0 0.0 0.0 0.0 0.0 0.0 0.003907764289 0.190042752989 0.004450244831 0.004514705486 0.004369831771 0.003864082833 0.004223960604 0.004464536915 0.004555339721 0.00409309867 0.004064949137 0.004102343342 0.0042514783 0.00443549563 0.004714433797 0.00361933469 0.004050063195 0.003567950141 0.004104346856 0.003753715102 0.004386654645 0.004569711135 0.0 0.0 0.0 0.0 0.0 0.0 0.0 0.0 0.0
0.0 0.0 0.0 0.0 0.0 0.0 0.0 0.0 0.0 0.0 0.0 0.0 0.0 0.0 0.0 0.0 0.0 0.0 0.0 0.0 0.0 0.0 0.0 0.0 0.0 0.0 0.0 0.0 0.0 0.0 0.0 0.0 0.0 0.0 0.0 0.0 0.0 0.0 0.0 0.0 0.0 0.003909868596 0.004450244831 0.589326551366 0.004645074508 0.004469758501 0.003868944867 0.004302592184 0.004583380157 0.004716208953 0.004148932135 0.004106129795 0.004147014582 0.004320344342 0.004549233683 0.004844967117 0.003565684185 0.00406336942 0.003508435979 0.004150931593 0.003731844923 0.004479135382 0.004709930925 0.0 0.0 0.0 0.0 0.0 0.0 0.0 0.0 0.0
0.0 0.0 0.0 0.0 0.0 0.0 0.0 0.0 0.0 0.0 0.0 0.0 0.0 0.0 0.0 0.0 0.0 0.0 0.0 0.0 0.0 0.0 0.0 0.0 0.0 0.0 0.0 0.0 0.0 0.0 0.0 0.0 0.0 0.0 0.0 0.0 0.0 0.0 0.0 0.0 0.0 0.003909219133 0.004514705486 0.004645074508 0.475393576668 0.004548508902 0.003864555235 0.00433961685 0.00468520213 0.004850821797 0.004192780918 0.004123819821 0.004175404133 0.004376850212 0.004631467544 0.004982820895 0.003523629275 0.004053407256 0.003463566246 0.004174905513 0.003711738977 0.004560409023 0.004828929695 0.0 0.0 0.0 0.0 0.0 0.0 0.0 0.0 0.0
0.0 0.0 0.0 0.0 0.0 0.0 0.0 0.0 0.0 0.0 0.0 0.0 0.0 0.0 0.0 0.0 0.0 0.0 0.0 0.0 0.0 0.0 0.0 0.0 0.0 0.0 0.0 0.0 0.0 0.0 0.0 0.0 0.0 0.0 0.0 0.0 0.0 0.0 0.0 0.0 0.0 0.003929610441 0.004369831771 0.004469758501 0.004548508902 0.357896318977 0.00388740397 0.004261223709 0.004498696394 0.004613022925 0.004151530629 0.004082538571 0.004120407988 0.004264776846 0.004455272373 0.004683015306 0.003594275751 0.004028069903 0.003550162225 0.004122081009 0.003744138165 0.004400166493 0.00458808757 0.0 0.0 0.0 0.0 0.0 0.0 0.0 0.0 0.0
0.0 0.0 0.0 0.0 0.0 0.0 0.0 0.0 0.0 0.0 0.0 0.0 0.0 0.0 0.0 0.0 0.0 0.0 0.0 0.0 0.0 0.0 0.0 0.0 0.0 0.0 0.0 0.0 0.0 0.0 0.0 0.0 0.0 0.0 0.0 0.0 0.0 0.0 0.0 0.0 0.0 0.003912099362 0.003864082833 0.003868944867 0.003864555235 0.00388740397 0.202472884619 0.003908586441 0.003871551925 0.003878717121 0.003922540598 0.003907531432 0.003894422809 0.003865059003 0.003869882952 0.003832610202 0.003847816411 0.003880305795 0.003862714033 0.003895959292 0.003863027798 0.003861659538 0.003851043228 0.0 0.0 0.0 0.0 0.0 0.0 0.0 0.0 0.0
0.0 0.0 0.0 0.0 0.0 0.0 0.0 0.0 0.0 0.0 0.0 0.0 0.0 0.0 0.0 0.0 0.0 0.0 0.0 0.0 0.0 0.0 0.0 0.0 0.0 0.0 0.0 0.0 0.0 0.0 0.0 0.0 0.0 0.0 0.0 0.0 0.0 0.0 0.0 0.0 0.0 0.00392823516 0.004223960604 0.004302592184 0.00433961685 0.004261223709 0.003908586441 0.219881392322 0.004310388479 0.004388369113 0.0040843691 0.00404971401 0.004066355749 0.004150916296 0.004295681195 0.004420024956 0.003667121682 0.00401085681 0.003637602842 0.004072546115 0.003783206147 0.004243156509 0.004367934634 0.0 0.0 0.0 0.0 0.0 0.0 0.0 0.0 0.0
0.0 0.0 0.0 0.0 0.0 0.0 0.0 0.0 0.0 0.0 0.0 0.0 0.0 0.0 0.0 0.0 0.0 0.0 0.0 0.0 0.0 0.0 0.0 0.0 0.0 0.0 0.0 0.0 0.0 0.0 0.0 0.0 0.0 0.0 0.0 0.0 0.0 0.0 0.0 0.0 0.0 0.003915547907 0.004464536915 0.004583380157 0.00468520213 0.004498696394 0.003871551925 0.004310388479 0.419987000582 0.004761952484 0.004175819691 0.004109130771 0.004155714915 0.004336659436 0.00457072981 0.004874702557 0.003549395577 0.004046080898 0.003495358506 0.00415544879 0.003721492199 0.004504578183 0.004744421104 0.0 0.0 0.0 0.0 0.0 0.0 0.0 0.0 0.0
0.0 0.0 0.0 0.0 0.0 0.0 0.0 0.0 0.0 0.0 0.0 0.0 0.0 0.0 0.0 0.0 0.0 0.0 0.0 0.0 0.0 0.0 0.0 0.0 0.0 0.0 0.0 0.0 0.0 0.0 0.0 0.0 0.0 0.0 0.0 0.0 0.0 0.0 0.0 0.0 0.0 0.003925719897 0.004555339721 0.004716208953 0.004850821797 0.004613022925 0.003878717121 0.004388369113 0.004761952484 1.01819178531 0.004251715563 0.004149178991 0.004194379462 0.004391040758 0.004677705924 0.005098971435 0.003487449405 0.004039953228 0.003433234132 0.004193086485 0.003689587592 0.004590729786 0.004909976508 0.0 0.0 0.0 0.0 0.0 0.0 0.0 0.0 0.0
0.0 0.0 0.0 0.0 0.0 0.0 0.0 0.0 0.0 0.0 0.0 0.0 0.0 0.0 0.0 0.0 0.0 0.0 0.0 0.0 0.0 0.0 0.0 0.0 0.0 0.0 0.0 0.0 0.0 0.0 0.0 0.0 0.0 0.0 0.0 0.0 0.0 0.0 0.0 0.0 0.0 0.003954006027 0.00409309867 0.004148932135 0.004192780918 0.004151530629 0.003922540598 0.0040843691 0.004175819691 0.004251715563 0.219974052135 0.003990971114 0.00400641204 0.004053042313 0.004133117201 0.004203807541 0.003712293984 0.003921301703 0.003706050772 0.004006167743 0.003797920381 0.004112876327 0.004185517665 0.0 0.0 0.0 0.0 0.0 0.0 0.0 0.0 0.0
0.0 0.0 0.0 0.0 0.0 0.0 0.0 0.0 0.0 0.0 0.0 0.0 0.0 0.0 0.0 0.0 0.0 0.0 0.0 0.0 0.0 0.0 0.0 0.0 0.0 0.0 0.0 0.0 0.0 0.0 0.0 0.0 0.0 0.0 0.0 0.0 0.0 0.0 0.0 0.0 0.0 0.003914295023 0.004064949137 0.004106129795 0.004123819821 0.004082538571 0.003907531432 0.00404971401 0.004109130771 0.004149178991 0.003990971114 0.167497515872 0.00399242594 0.004028802214 0.004107701692 0.004165812186 0.003753222266 0.003963484541 0.003738184312 0.003996430851 0.003828407185 0.004076617174 0.004140453091 0.0 0.0 0.0 0.0 0.0 0.0 0.0 0.0 0.0
0.0 0.0 0.0 0.0 0.0 0.0 0.0 0.0 0.0 0.0 0.0 0.0 0.0 0.0 0.0 0.0 0.0 0.0 0.0 0.0 0.0 0.0 0.0 0.0 0.0 0.0 0.0 0.0 0.0 0.0 0.0 0.0 0.0 0.0 0.0 0.0 0.0 0.0 0.0 0.0 0.0 0.003913450448 0.004102343342 0.004147014582 0.004175404133 0.004120407988 0.003894422809 0.004066355749 0.004155714915 0.004194379462 0.00400641204 0.00399242594 0.201490062125 0.004071278168 0.004149491842 0.004224338019 0.003736230446 0.00396979074 0.003711447322 0.004013324757 0.003824785987 0.00412722442 0.004195319274 0.0 0.0 0.0 0.0 0.0 0.0 0.0 0.0 0.0
0.0 0.0 0.0 0.0 0.0 0.0 0.0 0.0 0.0 0.0 0.0 0.0 0.0 0.0 0.0 0.0 0.0 0.0 0.0 0.0 0.0 0.0 0.0 0.0 0.0 0.0 0.0 0.0 0.0 0.0 0.0 0.0 0.0 0.0 0.0 0.0 0.0 0.0 0.0 0.0 0.0 0.003901954829 0.0042514783 0.004320344342 0.004376850212 0.004264776846 0.003865059003 0.004150916296 0.004336659436 0.004391040758 0.004053042313 0.004028802214 0.004071278168 0.178637565279 0.004323649542 0.004482043531 0.003667928955 0.004011821723 0.003616486575 0.004075375465 0.003794268571 0.00429748868 0.004420546338 0.0 0.0 0.0 0.0 0.0 0.0 0.0 0.0 0.0
0.0 0.0 0.0 0.0 0.0 0.0 0.0 0.0 0.0 0.0 0.0 0.0 0.0 0.0 0.0 0.0 0.0 0.0 0.0 0.0 0.0 0.0 0.0 0.0 0.0 0.0 0.0 0.0 0.0 0.0 0.0 0.0 0.0 0.0 0.0 0.0 0.0 0.0 0.0 0.0 0.0 0.003896479048 0.00443549563 0.004549233683 0.004631467544 0.004455272373 0.003869882952 0.004295681195 0.00457072981 0.004677705924 0.004133117201 0.004107701692 0.004149491842 0.004323649542 0.252173250583 0.004816946483 0.00356809021 0.004064261945 0.003511381263 0.004153271664 0.00373921915 0.004481807102 0.00470299818 0.0 0.0 0.0 0.0 0.0 0.0 0.0 0.0 0.0
0.0 0.0 0.0 0.0 0.0 0.0 0.0 0.0 0.0 0.0 0.0 0.0 0.0 0.0 0.0 0.0 0.0 0.0 0.0 0.0 0.0 0.0 0.0 0.0 0.0 0.0 0.0 0.0 0.0 0.0 0.0 0.0 0.0 0.0 0.0 0.0 0.0 0.0 0.0 0.0 0.0 0.003879995349 0.004714433797 0.004844967117 0.004982820895 0.004683015306 0.003832610202 0.004420024956 0.004874702557 0.005098971435 0.004203807541 0.004165812186 0.004224338019 0.004482043531 0.004816946483 0.785391440638 0.003454527489 0.004111598231 0.003375511404 0.004223793923 0.003674289035 0.004725661498 0.005093778264 0.0 0.0 0.0 0.0 0.0 0.0 0.0 0.0 0.0
0.0 0.0 0.0 0.0 0.0 0.0 0.0 0.0 0.0 0.0 0.0 0.0 0.0 0.0 0.0 0.0 0.0 0.0 0.0 0.0 0.0 0.0 0.0 0.0 0.0 0.0 0.0 0.0 0.0 0.0 0.0 0.0 0.0 0.0 0.0 0.0 0.0 0.0 0.0 0.0 0.0 0.003833168803 0.00361933469 0.003565684185 0.003523629275 0.003594275751 0.003847816411 0.003667121682 0.003549395577 0.003487449405 0.003712293984 0.003753222266 0.003736230446 0.003667928955 0.00356809021 0.003454527489 0.122164070304 0.00380002118 0.004058297134 0.003735652533 0.003956818854 0.003598093826 0.003502816292 0.0 0.0 0.0 0.0 0.0 0.0 0.0 0.0 0.0
0.0 0.0 0.0 0.0 0.0 0.0 0.0 0.0 0.0 0.0 0.0 0.0 0.0 0.0 0.0 0.0 0.0 0.0 0.0 0.0 0.0 0.0 0.0 0.0 0.0 0.0 0.0 0.0 0.0 0.0 0.0 0.0 0.0 0.0 0.0 0.0 0.0 0.0 0.0 0.0 0.0 0.003893879588 0.004050063195 0.00406336942 0.004053407256 0.004028069903 0.003880305795 0.00401085681 0.004046080898 0.004039953228 0.003921301703 0.003963484541 0.00396979074 0.004011821723 0.004064261945 0.004111598231 0.00380002118 0.159343803312 0.003768115496 0.00397803725 0.003846903402 0.004044162692 0.00407789545 0.0 0.0 0.0 0.0 0.0 0.0 0.0 0.0 0.0
0.0 0.0 0.0 0.0 0.0 0.0 0.0 0.0 0.0 0.0 0.0 0.0 0.0 0.0 0.0 0.0 0.0 0.0 0.0 0.0 0.0 0.0 0.0 0.0 0.0 0.0 0.0 0.0 0.0 0.0 0.0 0.0 0.0 0.0 0.0 0.0 0.0 0.0 0.0 0.0 0.0 0.003836532552 0.003567950141 0.003508435979 0.003463566246 0.003550162225 0.003862714033 0.003637602842 0.003495358506 0.003433234132 0.003706050772 0.003738184312 0.003711447322 0.003616486575 0.003511381263 0.003375511404 0.004058297134 0.003768115496 0.184732012075 0.003707658746 0.003948987151 0.003538812018 0.003433119622 0.0 0.0 0.0 0.0 0.0 0.0 0.0 0.0 0.0
0.0 0.0 0.0 0.0 0.0 0.0 0.0 0.0 0.0 0.0 0.0 0.0 0.0 0.0 0.0 0.0 0.0 0.0 0.0 0.0 0.0 0.0 0.0 0.0 0.0 0.0 0.0 0.0 0.0 0.0 0.0 0.0 0.0 0.0 0.0 0.0 0.0 0.0 0.0 0.0 0.0 0.003914542779 0.004104346856 0.004150931593 0.004174905513 0.004122081009 0.003895959292 0.004072546115 0.00415544879 0.004193086485 0.004006167743 0.003996430851 0.004013324757 0.004075375465 0.004153271664 0.004223793923 0.003735652533 0.00397803725 0.003707658746 0.152305015905 0.003824225261 0.004128874472 0.00419683506 0.0 0.0 0.0 0.0 0.0 0.0 0.0 0.0 0.0
0.0 0.0 0.0 0.0 0.0 0.0 0.0 0.0 0.0 0.0 0.0 0.0 0.0 0.0 0.0 0.0 0.0 0.0 0.0 0.0 0.0 0.0 0.0 0.0 0.0 0.0 0.0 0.0 0.0 0.0 0.0 0.0 0.0 0.0 0.0 0.0 0.0 0.0 0.0 0.0 0.0 0.003856326327 0.003753715102 0.003731844923 0.003711738977 0.003744138165 0.003863027798 0.003783206147 0.003721492199 0.003689587592 0.003797920381 0.003828407185 0.003824785987 0.003794268571 0.00373921915 0.003674289035 0.003956818854 0.003846903402 0.003948987151 0.003824225261 0.113750859441 0.003756396206 0.003705054247 0.0 0.0 0.0 0.0 0.0 0.0 0.0 0.0 0.0
0.0 0.0 0.0 0.0 0.0 0.0 0.0 0.0 0.0 0.0 0.0 0.0 0.0 0.0 0.0 0.0 0.0 0.0 0.0 0.0 0.0 0.0 0.0 0.0 0.0 0.0 0.0 0.0 0.0 0.0 0.0 0.0 0.0 0.0 0.0 0.0 0.0 0.0 0.0 0.0 0.0 0.003901704689 0.004386654645 0.004479135382 0.004560409023 0.004400166493 0.003861659538 0.004243156509 0.004504578183 0.004590729786 0.004112876327 0.004076617174 0.00412722442 0.00429748868 0.004481807102 0.004725661498 0.003598093826 0.004044162692 0.003538812018 0.004128874472 0.003756396206 0.265217100592 0.00462090812 0.0 0.0 0.0 0.0 0.0 0.0 0.0 0.0 0.0
0.0 0.0 0.0 0.0 0.0 0.0 0.0 0.0 0.0 0.0 0.0 0.0 0.0 0.0 0.0 0.0 0.0 0.0 0.0 0.0 0.0 0.0 0.0 0.0 0.0 0.0 0.0 0.0 0.0 0.0 0.0 0.0 0.0 0.0 0.0 0.0 0.0 0.0 0.0 0.0 0.0 0.003890931564 0.004569711135 0.004709930925 0.004828929695 0.00458808757 0.003851043228 0.004367934634 0.004744421104 0.004909976508 0.004185517665 0.004140453091 0.004195319274 0.004420546338 0.00470299818 0.005093778264 0.003502816292 0.00407789545 0.003433119622 0.00419683506 0.003705054247 0.00462090812 0.282760290733 0.0 0.0 0.0 0.0 0.0 0.0 0.0 0.0 0.0
0.0 0.0 0.0 0.0 0.0 0.0 0.0 0.0 0.0 0.0 0.0 0.0 0.0 0.0 0.0 0.0 0.0 0.0 0.0 0.0 0.0 0.0 0.0 0.0 0.0 0.0 0.0 0.0 0.0 0.0 0.0 0.0 0.0 0.0 0.0 0.0 0.0 0.0 0.0 0.0 0.0 0.0 0.0 0.0 0.0 0.0 0.0 0.0 0.0 0.0 0.0 0.0 0.0 0.0 0.0 0.0 0.0 0.0 0.0 0.0 0.0 0.0 0.0 0.12790907758 0.006895476271 0.006652250706 0.007022949031 0.007057526038 0.006803968946 0.006801275167 0.006813289382 0.007156046795
0.0 0.0 0.0 0.0 0.0 0.0 0.0 0.0 0.0 0.0 0.0 0.0 0.0 0.0 0.0 0.0 0.0 0.0 0.0 0.0 0.0 0.0 0.0 0.0 0.0 0.0 0.0 0.0 0.0 0.0 0.0 0.0 0.0 0.0 0.0 0.0 0.0 0.0 0.0 0.0 0.0 0.0 0.0 0.0 0.0 0.0 0.0 0.0 0.0 0.0 0.0 0.0 0.0 0.0 0.0 0.0 0.0 0.0 0.0 0.0 0.0 0.0 0.0 0.006895476271 0.228344742561 0.006663611907 0.006998272292 0.007029756986 0.006774479506 0.006788236439 0.006793206551 0.007124337744
0.0 0.0 0.0 0.0 0.0 0.0 0.0 0.0 0.0 0.0 0.0 0.0 0.0 0.0 0.0 0.0 0.0 0.0 0.0 0.0 0.0 0.0 0.0 0.0 0.0 0.0 0.0 0.0 0.0 0.0 0.0 0.0 0.0 0.0 0.0 0.0 0.0 0.0 0.0 0.0 0.0 0.0 0.0 0.0 0.0 0.0 0.0 0.0 0.0 0.0 0.0 0.0 0.0 0.0 0.0 0.0 0.0 0.0 0.0 0.0 0.0 0.0 0.0 0.006652250706 0.006663611907 0.065326623249 0.006500484307 0.006441719839 0.006779718672 0.006782160045 0.006765579527 0.006264815118
0.0 0.0 0.0 0.0 0.0 0.0 0.0 0.0 0.0 0.0 0.0 0.0 0.0 0.0 0.0 0.0 0.0 0.0 0.0 0.0 0.0 0.0 0.0 0.0 0.0 0.0 0.0 0.0 0.0 0.0 0.0 0.0 0.0 0.0 0.0 0.0 0.0 0.0 0.0 0.0 0.0 0.0 0.0 0.0 0.0 0.0 0.0 0.0 0.0 0.0 0.0 0.0 0.0 0.0 0.0 0.0 0.0 0.0 0.0 0.0 0.0 0.0 0.0 0.007022949031 0.006998272292 0.006500484307 0.202950198428 0.007394894798 0.006801573545 0.006788989081 0.006817653016 0.007686105614
0.0 0.0 0.0 0.0 0.0 0.0 0.0 0.0 0.0 0.0 0.0 0.0 0.0 0.0 0.0 0.0 0.0 0.0 0.0 0.0 0.0 0.0 0.0 0.0 0.0 0.0 0.0 0.0 0.0 0.0 0.0 0.0 0.0 0.0 0.0 0.0 0.0 0.0 0.0 0.0 0.0 0.0 0.0 0.0 0.0 0.0 0.0 0.0 0.0 0.0 0.0 0.0 0.0 0.0 0.0 0.0 0.0 0.0 0.0 0.0 0.0 0.0 0.0 0.007057526038 0.007029756986 0.006441719839 0.007394894798 0.141286426059 0.006857280632 0.006788602206 0.006836177622 0.007921370967
0.0 0.0 0.0 0.0 0.0 0.0 0.0 0.0 0.0 0.0 0.0 0.0 0.0 0.0 0.0 0.0 0.0 0.0 0.0 0.0 0.0 0.0 0.0 0.0 0.0 0.0 0.0 0.0 0.0 0.0 0.0 0.0 0.0 0.0 0.0 0.0 0.0 0.0 0.0 0.0 0.0 0.0 0.0 0.0 0.0 0.0 0.0 0.0 0.0 0.0 0.0 0.0 0.0 0.0 0.0 0.0 0.0 0.0 0.0 0.0 0.0 0.0 0.0 0.006803968946 0.006774479506 0.006779718672 0.006801573545 0.006857280632 0.0725771163971 0.006842975683 0.006888617295 0.006763559385
0.0 0.0 0.0 0.0 0.0 0.0 0.0 0.0 0.0 0.0 0.0 0.0 0.0 0.0 0.0 0.0 0.0 0.0 0.0 0.0 0.0 0.0 0.0 0.0 0.0 0.0 0.0 0.0 0.0 0.0 0.0 0.0 0.0 0.0 0.0 0.0 0.0 0.0 0.0 0.0 0.0 0.0 0.0 0.0 0.0 0.0 0.0 0.0 0.0 0.0 0.0 0.0 0.0 0.0 0.0 0.0 0.0 0.0 0.0 0.0 0.0 0.0 0.0 0.006801275167 0.006788236439 0.006782160045 0.006788989081 0.006788602206 0.006842975683 0.0891656709149 0.006823342298 0.006736439978
0.0 0.0 0.0 0.0 0.0 0.0 0.0 0.0 0.0 0.0 0.0 0.0 0.0 0.0 0.0 0.0 0.0 0.0 0.0 0.0 0.0 0.0 0.0 0.0 0.0 0.0 0.0 0.0 0.0 0.0 0.0 0.0 0.0 0.0 0.0 0.0 0.0 0.0 0.0 0.0 0.0 0.0 0.0 0.0 0.0 0.0 0.0 0.0 0.0 0.0 0.0 0.0 0.0 0.0 0.0 0.0 0.0 0.0 0.0 0.0 0.0 0.0 0.0 0.006813289382 0.006793206551 0.006765579527 0.006817653016 0.006836177622 0.006888617295 0.006823342298 0.118034716477 0.006791724319
0.0 0.0 0.0 0.0 0.0 0.0 0.0 0.0 0.0 0.0 0.0 0.0 0.0 0.0 0.0 0.0 0.0 0.0 0.0 0.0 0.0 0.0 0.0 0.0 0.0 0.0 0.0 0.0 0.0 0.0 0.0 0.0 0.0 0.0 0.0 0.0 0.0 0.0 0.0 0.0 0.0 0.0 0.0 0.0 0.0 0.0 0.0 0.0 0.0 0.0 0.0 0.0 0.0 0.0 0.0 0.0 0.0 0.0 0.0 0.0 0.0 0.0 0.0 0.007156046795 0.007124337744 0.006264815118 0.007686105614 0.007921370967 0.006763559385 0.006736439978 0.006791724319 0.286832337643
