74 74
0.562033527297 0.01431439774 0.01443741531 0.01443366544 0.0144119441 0.01453523861 0.01438205927 0.01423031357 0.01441844729 0.01436286512 0.01441128154 0.01434601583 0.01412725051 0.01444281854 0.01436226803 0.0 0.0 0.0 0.0 0.0 0.0 0.0 0.0 0.0 0.0 0.0 0.0 0.0 0.0 0.0 0.0 0.0 0.0 0.0 0.0 0.0 0.0 0.0 0.0 0.0 0.0 0.0 0.0 0.0 0.0 0.0 0.0 0.0 0.0 0.0 0.0 0.0 0.0 0.0 0.0 0.0 0.0 0.0 0.0 0.0 0.0 0.0 0.0 0.0 0.0 0.0 0.0 0.0 0.0 0.0 0.0 0.0 0.0 0.0
0.01431439774 2.27058006043 0.01459315512 0.0148571876 0.01464244009 0.01420310382 0.01527359124 0.01219940588 0.01499694895 0.0156839576 0.01406796198 0.01606039963 0.01194715416 0.01375351616 0.0135929645 0.0 0.0 0.0 0.0 0.0 0.0 0.0 0.0 0.0 0.0 0.0 0.0 0.0 0.0 0.0 0.0 0.0 0.0 0.0 0.0 0.0 0.0 0.0 0.0 0.0 0.0 0.0 0.0 0.0 0.0 0.0 0.0 0.0 0.0 0.0 0.0 0.0 0.0 0.0 0.0 0.0 0.0 0.0 0.0 0.0 0.0 0.0 0.0 0.0 0.0 0.0 0.0 0.0 0.0 0.0 0.0 0.0 0.0 0.0
0.01443741531 0.01459315512 0.416840191434 0.01445999263 0.01447001441 0.01447842629 0.01450640947 0.01398195827 0.01448844945 0.01455140081 0.01432376726 0.01456675458 0.01386146198 0.01434953591 0.01421331437 0.0 0.0 0.0 0.0 0.0 0.0 0.0 0.0 0.0 0.0 0.0 0.0 0.0 0.0 0.0 0.0 0.0 0.0 0.0 0.0 0.0 0.0 0.0 0.0 0.0 0.0 0.0 0.0 0.0 0.0 0.0 0.0 0.0 0.0 0.0 0.0 0.0 0.0 0.0 0.0 0.0 0.0 0.0 0.0 0.0 0.0 0.0 0.0 0.0 0.0 0.0 0.0 0.0 0.0 0.0 0.0 0.0 0.0 0.0
0.01443366544 0.0148571876 0.01445999263 0.356524970554 0.01449356796 0.01428345903 0.01469806896 0.01366403887 0.01460306375 0.01474690896 0.01443446933 0.01482282376 0.01354432524 0.01422068676 0.01430300313 0.0 0.0 0.0 0.0 0.0 0.0 0.0 0.0 0.0 0.0 0.0 0.0 0.0 0.0 0.0 0.0 0.0 0.0 0.0 0.0 0.0 0.0 0.0 0.0 0.0 0.0 0.0 0.0 0.0 0.0 0.0 0.0 0.0 0.0 0.0 0.0 0.0 0.0 0.0 0.0 0.0 0.0 0.0 0.0 0.0 0.0 0.0 0.0 0.0 0.0 0.0 0.0 0.0 0.0 0.0 0.0 0.0 0.0 0.0
0.0144119441 0.01464244009 0.01447001441 0.01449356796 0.347883025146 0.0143044881 0.01459541062 0.0138308713 0.0145599101 0.01463262443 0.01432918449 0.01467356023 0.01371686458 0.0142810519 0.01422206269 0.0 0.0 0.0 0.0 0.0 0.0 0.0 0.0 0.0 0.0 0.0 0.0 0.0 0.0 0.0 0.0 0.0 0.0 0.0 0.0 0.0 0.0 0.0 0.0 0.0 0.0 0.0 0.0 0.0 0.0 0.0 0.0 0.0 0.0 0.0 0.0 0.0 0.0 0.0 0.0 0.0 0.0 0.0 0.0 0.0 0.0 0.0 0.0 0.0 0.0 0.0 0.0 0.0 0.0 0.0 0.0 0.0 0.0 0.0
0.01453523861 0.01420310382 0.01447842629 0.01428345903 0.0143044881 1.44669503573 0.0141928652 0.01452621292 0.01430571515 0.01420729785 0.01427912306 0.0141530473 0.01439220587 0.01459688789 0.01419458347 0.0 0.0 0.0 0.0 0.0 0.0 0.0 0.0 0.0 0.0 0.0 0.0 0.0 0.0 0.0 0.0 0.0 0.0 0.0 0.0 0.0 0.0 0.0 0.0 0.0 0.0 0.0 0.0 0.0 0.0 0.0 0.0 0.0 0.0 0.0 0.0 0.0 0.0 0.0 0.0 0.0 0.0 0.0 0.0 0.0 0.0 0.0 0.0 0.0 0.0 0.0 0.0 0.0 0.0 0.0 0.0 0.0 0.0 0.0
0.01438205927 0.01527359124 0.01450640947 0.01469806896 0.01459541062 0.0141928652 0.518717769552 0.01324235948 0.0147300382 0.01504131641 0.01431908917 0.01515076055 0.01310026325 0.0140919019 0.01409260747 0.0 0.0 0.0 0.0 0.0 0.0 0.0 0.0 0.0 0.0 0.0 0.0 0.0 0.0 0.0 0.0 0.0 0.0 0.0 0.0 0.0 0.0 0.0 0.0 0.0 0.0 0.0 0.0 0.0 0.0 0.0 0.0 0.0 0.0 0.0 0.0 0.0 0.0 0.0 0.0 0.0 0.0 0.0 0.0 0.0 0.0 0.0 0.0 0.0 0.0 0.0 0.0 0.0 0.0 0.0 0.0 0.0 0.0 0.0
0.01423031357 0.01219940588 0.01398195827 0.01366403887 0.0138308713 0.01452621292 0.01324235948 0.436239673426 0.01354007108 0.01289143813 0.01445364492 0.01263786997 0.01712663344 0.01484055084 0.01494265503 0.0 0.0 0.0 0.0 0.0 0.0 0.0 0.0 0.0 0.0 0.0 0.0 0.0 0.0 0.0 0.0 0.0 0.0 0.0 0.0 0.0 0.0 0.0 0.0 0.0 0.0 0.0 0.0 0.0 0.0 0.0 0.0 0.0 0.0 0.0 0.0 0.0 0.0 0.0 0.0 0.0 0.0 0.0 0.0 0.0 0.0 0.0 0.0 0.0 0.0 0.0 0.0 0.0 0.0 0.0 0.0 0.0 0.0 0.0
0.01441844729 0.01499694895 0.01448844945 0.01460306375 0.0145599101 0.01430571515 0.0147300382 0.01354007108 0.381318768082 0.01483785525 0.01432776774 0.01490783995 0.01341269605 0.0142135572 0.01414498324 0.0 0.0 0.0 0.0 0.0 0.0 0.0 0.0 0.0 0.0 0.0 0.0 0.0 0.0 0.0 0.0 0.0 0.0 0.0 0.0 0.0 0.0 0.0 0.0 0.0 0.0 0.0 0.0 0.0 0.0 0.0 0.0 0.0 0.0 0.0 0.0 0.0 0.0 0.0 0.0 0.0 0.0 0.0 0.0 0.0 0.0 0.0 0.0 0.0 0.0 0.0 0.0 0.0 0.0 0.0 0.0 0.0 0.0 0.0
0.01436286512 0.0156839576 0.01455140081 0.01474690896 0.01463262443 0.01420729785 0.01504131641 0.01289143813 0.01483785525 0.674645012113 0.01421116195 0.01542825288 0.0127187662 0.01401084199 0.01388497022 0.0 0.0 0.0 0.0 0.0 0.0 0.0 0.0 0.0 0.0 0.0 0.0 0.0 0.0 0.0 0.0 0.0 0.0 0.0 0.0 0.0 0.0 0.0 0.0 0.0 0.0 0.0 0.0 0.0 0.0 0.0 0.0 0.0 0.0 0.0 0.0 0.0 0.0 0.0 0.0 0.0 0.0 0.0 0.0 0.0 0.0 0.0 0.0 0.0 0.0 0.0 0.0 0.0 0.0 0.0 0.0 0.0 0.0 0.0
0.01441128154 0.01406796198 0.01432376726 0.01443446933 0.01432918449 0.01427912306 0.01431908917 0.01445364492 0.01432776774 0.01421116195 0.439675985613 0.01420987854 0.0144637994 0.01437934209 0.01466189619 0.0 0.0 0.0 0.0 0.0 0.0 0.0 0.0 0.0 0.0 0.0 0.0 0.0 0.0 0.0 0.0 0.0 0.0 0.0 0.0 0.0 0.0 0.0 0.0 0.0 0.0 0.0 0.0 0.0 0.0 0.0 0.0 0.0 0.0 0.0 0.0 0.0 0.0 0.0 0.0 0.0 0.0 0.0 0.0 0.0 0.0 0.0 0.0 0.0 0.0 0.0 0.0 0.0 0.0 0.0 0.0 0.0 0.0 0.0
0.01434601583 0.01606039963 0.01456675458 0.01482282376 0.01467356023 0.0141530473 0.01515076055 0.01263786997 0.01490783995 0.01542825288 0.01420987854 0.305152558071 0.01241662955 0.01387611336 0.01384628926 0.0 0.0 0.0 0.0 0.0 0.0 0.0 0.0 0.0 0.0 0.0 0.0 0.0 0.0 0.0 0.0 0.0 0.0 0.0 0.0 0.0 0.0 0.0 0.0 0.0 0.0 0.0 0.0 0.0 0.0 0.0 0.0 0.0 0.0 0.0 0.0 0.0 0.0 0.0 0.0 0.0 0.0 0.0 0.0 0.0 0.0 0.0 0.0 0.0 0.0 0.0 0.0 0.0 0.0 0.0 0.0 0.0 0.0 0.0
0.01412725051 0.01194715416 0.01386146198 0.01354432524 0.01371686458 0.01439220587 0.01310026325 0.01712663344 0.01341269605 0.0127187662 0.0144637994 0.01241662955 0.196115707966 0.01484488976 0.01504798753 0.0 0.0 0.0 0.0 0.0 0.0 0.0 0.0 0.0 0.0 0.0 0.0 0.0 0.0 0.0 0.0 0.0 0.0 0.0 0.0 0.0 0.0 0.0 0.0 0.0 0.0 0.0 0.0 0.0 0.0 0.0 0.0 0.0 0.0 0.0 0.0 0.0 0.0 0.0 0.0 0.0 0.0 0.0 0.0 0.0 0.0 0.0 0.0 0.0 0.0 0.0 0.0 0.0 0.0 0.0 0.0 0.0 0.0 0.0
0.01444281854 0.01375351616 0.01434953591 0.01422068676 0.0142810519 0.01459688789 0.0140919019 0.01484055084 0.0142135572 0.01401084199 0.01437934209 0.01387611336 0.01484488976 1.97725473347 0.01442707538 0.0 0.0 0.0 0.0 0.0 0.0 0.0 0.0 0.0 0.0 0.0 0.0 0.0 0.0 0.0 0.0 0.0 0.0 0.0 0.0 0.0 0.0 0.0 0.0 0.0 0.0 0.0 0.0 0.0 0.0 0.0 0.0 0.0 0.0 0.0 0.0 0.0 0.0 0.0 0.0 0.0 0.0 0.0 0.0 0.0 0.0 0.0 0.0 0.0 0.0 0.0 0.0 0.0 0.0 0.0 0.0 0.0 0.0 0.0
0.01436226803 0.0135929645 0.01421331437 0.01430300313 0.01422206269 0.01419458347 0.01409260747 0.01494265503 0.01414498324 0.01388497022 0.01466189619 0.01384628926 0.01504798753 0.01442707538 0.340042140838 0.0 0.0 0.0 0.0 0.0 0.0 0.0 0.0 0.0 0.0 0.0 0.0 0.0 0.0 0.0 0.0 0.0 0.0 0.0 0.0 0.0 0.0 0.0 0.0 0.0 0.0 0.0 0.0 0.0 0.0 0.0 0.0 0.0 0.0 0.0 0.0 0.0 0.0 0.0 0.0 0.0 0.0 0.0 0.0 0.0 0.0 0.0 0.0 0.0 0.0 0.0 0.0 0.0 0.0 0.0 0.0 0.0 0.0 0.0
0.0 0.0 0.0 0.0 0.0 0.0 0.0 0.0 0.0 0.0 0.0 0.0 0.0 0.0 0.0 0.36157870238 0.01128274098 0.01137642527 0.01122087399 0.01133020636 0.01145866336 0.01115726083 0.01112496691 0.01124139033 0.01128423878 0.01131548247 0.01115836768 0.01135746901 0.01123560658 0.01117587466 0.01117286837 0.01134821478 0.01113788997 0.0110758598 0.01122201959 0.01137722066 0.011404734 0.01142350894 0.0114299505 0.01126286066 0.01132067463 0.0 0.0 0.0 0.0 0.0 0.0 0.0 0.0 0.0 0.0 0.0 0.0 0.0 0.0 0.0 0.0 0.0 0.0 0.0 0.0 0.0 0.0 0.0 0.0 0.0 0.0 0.0 0.0 0.0 0.0 0.0 0.0 0.0
0.0 0.0 0.0 0.0 0.0 0.0 0.0 0.0 0.0 0.0 0.0 0.0 0.0 0.0 0.0 0.01128274098 0.247152358874 0.01132311766 0.01127696202 0.01127619177 0.01121747876 0.01122422613 0.01117665142 0.01127748241 0.01131720261 0.01129778781 0.01123360772 0.01130457121 0.01128383107 0.01124944149 0.0112135851 0.01131487493 0.0111783661 0.01113678238 0.01127457077 0.01129233206 0.01123722999 0.01117766633 0.01117867287 0.01128974658 0.01135240492 0.0 0.0 0.0 0.0 0.0 0.0 0.0 0.0 0.0 0.0 0.0 0.0 0.0 0.0 0.0 0.0 0.0 0.0 0.0 0.0 0.0 0.0 0.0 0.0 0.0 0.0 0.0 0.0 0.0 0.0 0.0 0.0 0.0
0.0 0.0 0.0 0.0 0.0 0.0 0.0 0.0 0.0 0.0 0.0 0.0 0.0 0.0 0.0 0.01137642527 0.01132311766 0.919535977805 0.0110121767 0.01151960747 0.01235762655 0.01070482216 0.0105364807 0.01108490184 0.01132388716 0.01149495305 0.01071690676 0.01169834172 0.01107259355 0.01081079976 0.01076718488 0.01170212043 0.01058859704 0.01033108635 0.01100603357 0.01183592233 0.01197270606 0.01211791827 0.01218316898 0.01121323653 0.01155534396 0.0 0.0 0.0 0.0 0.0 0.0 0.0 0.0 0.0 0.0 0.0 0.0 0.0 0.0 0.0 0.0 0.0 0.0 0.0 0.0 0.0 0.0 0.0 0.0 0.0 0.0 0.0 0.0 0.0 0.0 0.0 0.0 0.0
0.0 0.0 0.0 0.0 0.0 0.0 0.0 0.0 0.0 0.0 0.0 0.0 0.0 0.0 0.0 0.01122087399 0.01127696202 0.0110121767 0.279823676111 0.01111679805 0.01056838109 0.01174058244 0.01187197035 0.01148504666 0.01129643093 0.01115291097 0.01172469563 0.01095247658 0.01147504044 0.01169406427 0.01159896531 0.01107071256 0.01188813488 0.01196645714 0.01148980386 0.01090939832 0.01071934649 0.01042523573 0.0104134326 0.01134522673 0.01121654505 0.0 0.0 0.0 0.0 0.0 0.0 0.0 0.0 0.0 0.0 0.0 0.0 0.0 0.0 0.0 0.0 0.0 0.0 0.0 0.0 0.0 0.0 0.0 0.0 0.0 0.0 0.0 0.0 0.0 0.0 0.0 0.0 0.0
0.0 0.0 0.0 0.0 0.0 0.0 0.0 0.0 0.0 0.0 0.0 0.0 0.0 0.0 0.0 0.01133020636 0.01127619177 0.01151960747 0.01111679805 0.305854864006 0.01191449342 0.01101317602 0.01097379542 0.01118735593 0.01129970647 0.01135123484 0.01095898538 0.01154430044 0.01117428293 0.01100569718 0.01094653307 0.01146576476 0.01074276335 0.010747558 0.01110742904 0.01155479944 0.01170854825 0.01179056658 0.01183754905 0.01126162054 0.0114115024 0.0 0.0 0.0 0.0 0.0 0.0 0.0 0.0 0.0 0.0 0.0 0.0 0.0 0.0 0.0 0.0 0.0 0.0 0.0 0.0 0.0 0.0 0.0 0.0 0.0 0.0 0.0 0.0 0.0 0.0 0.0 0.0 0.0
0.0 0.0 0.0 0.0 0.0 0.0 0.0 0.0 0.0 0.0 0.0 0.0 0.0 0.0 0.0 0.01145866336 0.01121747876 0.01235762655 0.01056838109 0.01191449342 8.99480563036 0.01006455886 0.009815614178 0.01073957411 0.01124336583 0.01164369212 0.01002488029 0.01225722106 0.01072775219 0.01016260595 0.01014681154 0.01206125327 0.009688084602 0.009326082418 0.01058466046 0.01250480683 0.01325275893 0.01381551129 0.01419628572 0.01105558619 0.01167632587 0.0 0.0 0.0 0.0 0.0 0.0 0.0 0.0 0.0 0.0 0.0 0.0 0.0 0.0 0.0 0.0 0.0 0.0 0.0 0.0 0.0 0.0 0.0 0.0 0.0 0.0 0.0 0.0 0.0 0.0 0.0 0.0 0.0
0.0 0.0 0.0 0.0 0.0 0.0 0.0 0.0 0.0 0.0 0.0 0.0 0.0 0.0 0.0 0.01115726083 0.01122422613 0.01070482216 0.01174058244 0.01101317602 0.01006455886 0.314336996767 0.01254831202 0.01162943007 0.01126017202 0.01099470785 0.01215021003 0.01067961014 0.0116213986 0.01207729091 0.01189817457 0.01084162788 0.01244851649 0.0127121089 0.01164941797 0.01057949823 0.0103137647 0.009856043598 0.009836752642 0.011394099 0.01109183284 0.0 0.0 0.0 0.0 0.0 0.0 0.0 0.0 0.0 0.0 0.0 0.0 0.0 0.0 0.0 0.0 0.0 0.0 0.0 0.0 0.0 0.0 0.0 0.0 0.0 0.0 0.0 0.0 0.0 0.0 0.0 0.0 0.0
0.0 0.0 0.0 0.0 0.0 0.0 0.0 0.0 0.0 0.0 0.0 0.0 0.0 0.0 0.0 0.01112496691 0.01117665142 0.0105364807 0.01187197035 0.01097379542 0.009815614178 0.01254831202 0.528781016958 0.01174237061 0.01124175062 0.01089410869 0.01242361266 0.01050515564 0.01171591416 0.01233937404 0.01207390362 0.01070717605 0.01281704825 0.01333609106 0.01174860207 0.01038573487 0.01007111885 0.009501553009 0.009481074239 0.01141930756 0.01101880933 0.0 0.0 0.0 0.0 0.0 0.0 0.0 0.0 0.0 0.0 0.0 0.0 0.0 0.0 0.0 0.0 0.0 0.0 0.0 0.0 0.0 0.0 0.0 0.0 0.0 0.0 0.0 0.0 0.0 0.0 0.0 0.0 0.0
0.0 0.0 0.0 0.0 0.0 0.0 0.0 0.0 0.0 0.0 0.0 0.0 0.0 0.0 0.0 0.01124139033 0.01127748241 0.01108490184 0.01148504666 0.01118735593 0.01073957411 0.01162943007 0.01174237061 0.554795438363 0.01129761714 0.01119392821 0.0116045131 0.01102742777 0.01144180268 0.01158641437 0.01151211155 0.01112631917 0.01169274069 0.01176918139 0.01144099572 0.01100525331 0.01085452149 0.01060707523 0.01059105544 0.01133966955 0.01123371999 0.0 0.0 0.0 0.0 0.0 0.0 0.0 0.0 0.0 0.0 0.0 0.0 0.0 0.0 0.0 0.0 0.0 0.0 0.0 0.0 0.0 0.0 0.0 0.0 0.0 0.0 0.0 0.0 0.0 0.0 0.0 0.0 0.0
0.0 0.0 0.0 0.0 0.0 0.0 0.0 0.0 0.0 0.0 0.0 0.0 0.0 0.0 0.0 0.01128423878 0.01131720261 0.01132388716 0.01129643093 0.01129970647 0.01124336583 0.01126017202 0.01124175062 0.01129761714 0.293106679743 0.01128328453 0.0112564702 0.01130584569 0.0113031553 0.01127367068 0.01120401136 0.01131598808 0.01118659083 0.01117064426 0.01128103771 0.01127951132 0.01123344902 0.01111522199 0.01113965768 0.01130130192 0.01136965454 0.0 0.0 0.0 0.0 0.0 0.0 0.0 0.0 0.0 0.0 0.0 0.0 0.0 0.0 0.0 0.0 0.0 0.0 0.0 0.0 0.0 0.0 0.0 0.0 0.0 0.0 0.0 0.0 0.0 0.0 0.0 0.0 0.0
0.0 0.0 0.0 0.0 0.0 0.0 0.0 0.0 0.0 0.0 0.0 0.0 0.0 0.0 0.0 0.01131548247 0.01129778781 0.01149495305 0.01115291097 0.01135123484 0.01164369212 0.01099470785 0.01089410869 0.01119392821 0.01128328453 0.42538360159 0.0110171488 0.01143619744 0.01118281553 0.01105159847 0.01108462282 0.01143424965 0.01093706734 0.01082666439 0.01116777202 0.01150320051 0.01155109555 0.01164720202 0.01164491297 0.01123942138 0.01136014298 0.0 0.0 0.0 0.0 0.0 0.0 0.0 0.0 0.0 0.0 0.0 0.0 0.0 0.0 0.0 0.0 0.0 0.0 0.0 0.0 0.0 0.0 0.0 0.0 0.0 0.0 0.0 0.0 0.0 0.0 0.0 0.0 0.0
0.0 0.0 0.0 0.0 0.0 0.0 0.0 0.0 0.0 0.0 0.0 0.0 0.0 0.0 0.0 0.01115836768 0.01123360772 0.01071690676 0.01172469563 0.01095898538 0.01002488029 0.01215021003 0.01242361266 0.0116045131 0.0112564702 0.0110171488 0.286843399087 0.01067470434 0.01159938145 0.01204093219 0.01192852595 0.01084454776 0.01247960363 0.01268290351 0.01165300752 0.01058902252 0.01029630827 0.009875648742 0.009849361638 0.01137407666 0.01107074589 0.0 0.0 0.0 0.0 0.0 0.0 0.0 0.0 0.0 0.0 0.0 0.0 0.0 0.0 0.0 0.0 0.0 0.0 0.0 0.0 0.0 0.0 0.0 0.0 0.0 0.0 0.0 0.0 0.0 0.0 0.0 0.0 0.0
0.0 0.0 0.0 0.0 0.0 0.0 0.0 0.0 0.0 0.0 0.0 0.0 0.0 0.0 0.0 0.01135746901 0.01130457121 0.01169834172 0.01095247658 0.01154430044 0.01225722106 0.01067961014 0.01050515564 0.01102742777 0.01130584569 0.01143619744 0.01067470434 0.199512520122 0.01103977583 0.01074113861 0.01073122947 0.01161008003 0.01045222225 0.01026266734 0.0109806332 0.01177698096 0.01200344464 0.01224895736 0.01231249742 0.01121007406 0.01148079803 0.0 0.0 0.0 0.0 0.0 0.0 0.0 0.0 0.0 0.0 0.0 0.0 0.0 0.0 0.0 0.0 0.0 0.0 0.0 0.0 0.0 0.0 0.0 0.0 0.0 0.0 0.0 0.0 0.0 0.0 0.0 0.0 0.0
0.0 0.0 0.0 0.0 0.0 0.0 0.0 0.0 0.0 0.0 0.0 0.0 0.0 0.0 0.0 0.01123560658 0.01128383107 0.01107259355 0.01147504044 0.01117428293 0.01072775219 0.0116213986 0.01171591416 0.01144180268 0.0113031553 0.01118281553 0.01159938145 0.01103977583 0.568396064101 0.01157823333 0.01150488344 0.01112123229 0.01163302229 0.01174634356 0.01143750837 0.01100163566 0.01085326522 0.01061106564 0.01059910583 0.01133689865 0.01123958875 0.0 0.0 0.0 0.0 0.0 0.0 0.0 0.0 0.0 0.0 0.0 0.0 0.0 0.0 0.0 0.0 0.0 0.0 0.0 0.0 0.0 0.0 0.0 0.0 0.0 0.0 0.0 0.0 0.0 0.0 0.0 0.0 0.0
0.0 0.0 0.0 0.0 0.0 0.0 0.0 0.0 0.0 0.0 0.0 0.0 0.0 0.0 0.0 0.01117587466 0.01124944149 0.01081079976 0.01169406427 0.01100569718 0.01016260595 0.01207729091 0.01233937404 0.01158641437 0.01127367068 0.01105159847 0.01204093219 0.01074113861 0.01157823333 0.380652964126 0.01183123924 0.01091569288 0.01231647942 0.01256037777 0.01161544093 0.01067008468 0.01039592661 0.009985612446 0.009967793695 0.01137082741 0.0111379563 0.0 0.0 0.0 0.0 0.0 0.0 0.0 0.0 0.0 0.0 0.0 0.0 0.0 0.0 0.0 0.0 0.0 0.0 0.0 0.0 0.0 0.0 0.0 0.0 0.0 0.0 0.0 0.0 0.0 0.0 0.0 0.0 0.0
0.0 0.0 0.0 0.0 0.0 0.0 0.0 0.0 0.0 0.0 0.0 0.0 0.0 0.0 0.0 0.01117286837 0.0112135851 0.01076718488 0.01159896531 0.01094653307 0.01014681154 0.01189817457 0.01207390362 0.01151211155 0.01120401136 0.01108462282 0.01192852595 0.01073122947 0.01150488344 0.01183123924 0.277502097518 0.01086330538 0.01225810742 0.01244128809 0.01159509358 0.01070635255 0.01045875847 0.01019685397 0.01012600604 0.01131169827 0.01096783299 0.0 0.0 0.0 0.0 0.0 0.0 0.0 0.0 0.0 0.0 0.0 0.0 0.0 0.0 0.0 0.0 0.0 0.0 0.0 0.0 0.0 0.0 0.0 0.0 0.0 0.0 0.0 0.0 0.0 0.0 0.0 0.0 0.0
0.0 0.0 0.0 0.0 0.0 0.0 0.0 0.0 0.0 0.0 0.0 0.0 0.0 0.0 0.0 0.01134821478 0.01131487493 0.01170212043 0.01107071256 0.01146576476 0.01206125327 0.01084162788 0.01070717605 0.01112631917 0.01131598808 0.01143424965 0.01084454776 0.01161008003 0.01112123229 0.01091569288 0.01086330538 0.414932120203 0.01068156992 0.01053179876 0.01106580751 0.01168818945 0.0118161208 0.01192367539 0.01197511464 0.01123232789 0.01149697817 0.0 0.0 0.0 0.0 0.0 0.0 0.0 0.0 0.0 0.0 0.0 0.0 0.0 0.0 0.0 0.0 0.0 0.0 0.0 0.0 0.0 0.0 0.0 0.0 0.0 0.0 0.0 0.0 0.0 0.0 0.0 0.0 0.0
0.0 0.0 0.0 0.0 0.0 0.0 0.0 0.0 0.0 0.0 0.0 0.0 0.0 0.0 0.0 0.01113788997 0.0111783661 0.01058859704 0.01188813488 0.01074276335 0.009688084602 0.01244851649 0.01281704825 0.01169274069 0.01118659083 0.01093706734 0.01247960363 0.01045222225 0.01163302229 0.01231647942 0.01225810742 0.01068156992 41.1252114583 0.01356991023 0.0118093526 0.010355123 0.01000309171 0.00943566729 0.009415797282 0.01146206936 0.01112586078 0.0 0.0 0.0 0.0 0.0 0.0 0.0 0.0 0.0 0.0 0.0 0.0 0.0 0.0 0.0 0.0 0.0 0.0 0.0 0.0 0.0 0.0 0.0 0.0 0.0 0.0 0.0 0.0 0.0 0.0 0.0 0.0 0.0
0.0 0.0 0.0 0.0 0.0 0.0 0.0 0.0 0.0 0.0 0.0 0.0 0.0 0.0 0.0 0.0110758598 0.01113678238 0.01033108635 0.01196645714 0.010747558 0.009326082418 0.0127121089 0.01333609106 0.01176918139 0.01117064426 0.01082666439 0.01268290351 0.01026266734 0.01174634356 0.01256037777 0.01244128809 0.01053179876 0.01356991023 1.83778464308 0.01188173633 0.01015123521 0.009724848923 0.009149906955 0.009106024375 0.01138345729 0.01084393204 0.0 0.0 0.0 0.0 0.0 0.0 0.0 0.0 0.0 0.0 0.0 0.0 0.0 0.0 0.0 0.0 0.0 0.0 0.0 0.0 0.0 0.0 0.0 0.0 0.0 0.0 0.0 0.0 0.0 0.0 0.0 0.0 0.0
0.0 0.0 0.0 0.0 0.0 0.0 0.0 0.0 0.0 0.0 0.0 0.0 0.0 0.0 0.0 0.01122201959 0.01127457077 0.01100603357 0.01148980386 0.01110742904 0.01058466046 0.01164941797 0.01174860207 0.01144099572 0.01128103771 0.01116777202 0.01165300752 0.0109806332 0.01143750837 0.01161544093 0.01159509358 0.01106580751 0.0118093526 0.01188173633 0.527956832892 0.01094211315 0.01076186222 0.01053798282 0.01050564922 0.01132437241 0.01118003738 0.0 0.0 0.0 0.0 0.0 0.0 0.0 0.0 0.0 0.0 0.0 0.0 0.0 0.0 0.0 0.0 0.0 0.0 0.0 0.0 0.0 0.0 0.0 0.0 0.0 0.0 0.0 0.0 0.0 0.0 0.0 0.0 0.0
0.0 0.0 0.0 0.0 0.0 0.0 0.0 0.0 0.0 0.0 0.0 0.0 0.0 0.0 0.0 0.01137722066 0.01129233206 0.01183592233 0.01090939832 0.01155479944 0.01250480683 0.01057949823 0.01038573487 0.01100525331 0.01127951132 0.01150320051 0.01058902252 0.01177698096 0.01100163566 0.01067008468 0.01070635255 0.01168818945 0.010355123 0.01015123521 0.01094211315 0.530067284067 0.01214728537 0.01247253918 0.0125114048 0.01117764937 0.01148130346 0.0 0.0 0.0 0.0 0.0 0.0 0.0 0.0 0.0 0.0 0.0 0.0 0.0 0.0 0.0 0.0 0.0 0.0 0.0 0.0 0.0 0.0 0.0 0.0 0.0 0.0 0.0 0.0 0.0 0.0 0.0 0.0 0.0
0.0 0.0 0.0 0.0 0.0 0.0 0.0 0.0 0.0 0.0 0.0 0.0 0.0 0.0 0.0 0.011404734 0.01123722999 0.01197270606 0.01071934649 0.01170854825 0.01325275893 0.0103137647 0.01007111885 0.01085452149 0.01123344902 0.01155109555 0.01029630827 0.01200344464 0.01085326522 0.01039592661 0.01045875847 0.0118161208 0.01000309171 0.009724848923 0.01076186222 0.01214728537 0.575127733501 0.01319980293 0.01330689217 0.01112541528 0.01148621094 0.0 0.0 0.0 0.0 0.0 0.0 0.0 0.0 0.0 0.0 0.0 0.0 0.0 0.0 0.0 0.0 0.0 0.0 0.0 0.0 0.0 0.0 0.0 0.0 0.0 0.0 0.0 0.0 0.0 0.0 0.0 0.0 0.0
0.0 0.0 0.0 0.0 0.0 0.0 0.0 0.0 0.0 0.0 0.0 0.0 0.0 0.0 0.0 0.01142350894 0.01117766633 0.01211791827 0.01042523573 0.01179056658 0.01381551129 0.009856043598 0.009501553009 0.01060707523 0.01111522199 0.01164720202 0.009875648742 0.01224895736 0.01061106564 0.009985612446 0.01019685397 0.01192367539 0.00943566729 0.009149906955 0.01053798282 0.01247253918 0.01319980293 0.340191729453 0.01448669461 0.01100689538 0.01140936693 0.0 0.0 0.0 0.0 0.0 0.0 0.0 0.0 0.0 0.0 0.0 0.0 0.0 0.0 0.0 0.0 0.0 0.0 0.0 0.0 0.0 0.0 0.0 0.0 0.0 0.0 0.0 0.0 0.0 0.0 0.0 0.0 0.0
0.0 0.0 0.0 0.0 0.0 0.0 0.0 0.0 0.0 0.0 0.0 0.0 0.0 0.0 0.0 0.0114299505 0.01117867287 0.01218316898 0.0104134326 0.01183754905 0.01419628572 0.009836752642 0.009481074239 0.01059105544 0.01113965768 0.01164491297 0.009849361638 0.01231249742 0.01059910583 0.009967793695 0.01012600604 0.01197511464 0.009415797282 0.009106024375 0.01050564922 0.0125114048 0.01330689217 0.01448669461 0.292844167233 0.01100828803 0.01146427824 0.0 0.0 0.0 0.0 0.0 0.0 0.0 0.0 0.0 0.0 0.0 0.0 0.0 0.0 0.0 0.0 0.0 0.0 0.0 0.0 0.0 0.0 0.0 0.0 0.0 0.0 0.0 0.0 0.0 0.0 0.0 0.0 0.0
0.0 0.0 0.0 0.0 0.0 0.0 0.0 0.0 0.0 0.0 0.0 0.0 0.0 0.0 0.0 0.01126286066 0.01128974658 0.01121323653 0.01134522673 0.01126162054 0.01105558619 0.011394099 0.01141930756 0.01133966955 0.01130130192 0.01123942138 0.01137407666 0.01121007406 0.01133689865 0.01137082741 0.01131169827 0.01123232789 0.01146206936 0.01138345729 0.01132437241 0.01117764937 0.01112541528 0.01100689538 0.01100828803 1.18554495145 0.01128792232 0.0 0.0 0.0 0.0 0.0 0.0 0.0 0.0 0.0 0.0 0.0 0.0 0.0 0.0 0.0 0.0 0.0 0.0 0.0 0.0 0.0 0.0 0.0 0.0 0.0 0.0 0.0 0.0 0.0 0.0 0.0 0.0 0.0
0.0 0.0 0.0 0.0 0.0 0.0 0.0 0.0 0.0 0.0 0.0 0.0 0.0 0.0 0.0 0.01132067463 0.01135240492 0.01155534396 0.01121654505 0.0114115024 0.01167632587 0.01109183284 0.01101880933 0.01123371999 0.01136965454 0.01136014298 0.01107074589 0.01148079803 0.01123958875 0.0111379563 0.01096783299 0.01149697817 0.01112586078 0.01084393204 0.01118003738 0.01148130346 0.01148621094 0.01140936693 0.01146427824 0.01128792232 1.83249243778 0.0 0.0 0.0 0.0 0.0 0.0 0.0 0.0 0.0 0.0 0.0 0.0 0.0 0.0 0.0 0.0 0.0 0.0 0.0 0.0 0.0 0.0 0.0 0.0 0.0 0.0 0.0 0.0 0.0 0.0 0.0 0.0 0.0
0.0 0.0 0.0 0.0 0.0 0.0 0.0 0.0 0.0 0.0 0.0 0.0 0.0 0.0 0.0 0.0 0.0 0.0 0.0 0.0 0.0 0.0 0.0 0.0 0.0 0.0 0.0 0.0 0.0 0.0 0.0 0.0 0.0 0.0 0.0 0.0 0.0 0.0 0.0 0.0 0.0 0.161234732661 0.005589837522 0.00558775212 0.005555832768 0.005535499515 0.005479574189 0.005579991897 0.005615336672 0.005580489554 0.005588639695 0.005586019346 0.005540421336 0.005493485132 0.00552173067 0.005589450128 0.005489164016 0.005573722927 0.005543954327 0.005601366965 0.005621184552 0.005561042539 0.005602922347 0.005548458222 0.0 0.0 0.0 0.0 0.0 0.0 0.0 0.0 0.0 0.0
0.0 0.0 0.0 0.0 0.0 0.0 0.0 0.0 0.0 0.0 0.0 0.0 0.0 0.0 0.0 0.0 0.0 0.0 0.0 0.0 0.0 0.0 0.0 0.0 0.0 0.0 0.0 0.0 0.0 0.0 0.0 0.0 0.0 0.0 0.0 0.0 0.0 0.0 0.0 0.0 0.0 0.005589837522 0.205851753656 0.005707339802 0.005770115708 0.005817696125 0.005890940514 0.005430478575 0.005644356627 0.005414907804 0.005716897985 0.005503799202 0.005807872652 0.005876615273 0.005828309896 0.005677594567 0.00589233967 0.00576857838 0.005811049103 0.005644069911 0.005571529417 0.005775347436 0.005571153989 0.005397451018 0.0 0.0 0.0 0.0 0.0 0.0 0.0 0.0 0.0 0.0
0.0 0.0 0.0 0.0 0.0 0.0 0.0 0.0 0.0 0.0 0.0 0.0 0.0 0.0 0.0 0.0 0.0 0.0 0.0 0.0 0.0 0.0 0.0 0.0 0.0 0.0 0.0 0.0 0.0 0.0 0.0 0.0 0.0 0.0 0.0 0.0 0.0 0.0 0.0 0.0 0.0 0.00558775212 0.005707339802 0.198789317845 0.005807441876 0.005862772379 0.005942685103 0.005413148833 0.005652763922 0.005390751562 0.005733056795 0.00549965105 0.005851550733 0.005927179054 0.00586919161 0.005692036018 0.005940218552 0.005792076169 0.005849533574 0.005666987467 0.005583889905 0.005811233294 0.005574972561 0.005355168191 0.0 0.0 0.0 0.0 0.0 0.0 0.0 0.0 0.0 0.0
0.0 0.0 0.0 0.0 0.0 0.0 0.0 0.0 0.0 0.0 0.0 0.0 0.0 0.0 0.0 0.0 0.0 0.0 0.0 0.0 0.0 0.0 0.0 0.0 0.0 0.0 0.0 0.0 0.0 0.0 0.0 0.0 0.0 0.0 0.0 0.0 0.0 0.0 0.0 0.0 0.0 0.005555832768 0.005770115708 0.005807441876 0.214036055402 0.006182687028 0.006411454759 0.005270259864 0.005695911641 0.005216156905 0.005834994782 0.005419313367 0.006145631179 0.006359112963 0.006234715786 0.005764670672 0.006387905126 0.005972650384 0.00613469771 0.005763603503 0.005606198351 0.006048064155 0.005554935537 0.005113233228 0.0 0.0 0.0 0.0 0.0 0.0 0.0 0.0 0.0 0.0
0.0 0.0 0.0 0.0 0.0 0.0 0.0 0.0 0.0 0.0 0.0 0.0 0.0 0.0 0.0 0.0 0.0 0.0 0.0 0.0 0.0 0.0 0.0 0.0 0.0 0.0 0.0 0.0 0.0 0.0 0.0 0.0 0.0 0.0 0.0 0.0 0.0 0.0 0.0 0.0 0.0 0.005535499515 0.005817696125 0.005862772379 0.006182687028 0.333326843759 0.006709548011 0.005178445469 0.005711086551 0.005114531262 0.005892427401 0.005366429243 0.006311834766 0.006615243981 0.006455713018 0.005803973231 0.006660594411 0.006075981163 0.006297334157 0.005797333016 0.005582998641 0.006177186775 0.005533029985 0.004996168107 0.0 0.0 0.0 0.0 0.0 0.0 0.0 0.0 0.0 0.0
0.0 0.0 0.0 0.0 0.0 0.0 0.0 0.0 0.0 0.0 0.0 0.0 0.0 0.0 0.0 0.0 0.0 0.0 0.0 0.0 0.0 0.0 0.0 0.0 0.0 0.0 0.0 0.0 0.0 0.0 0.0 0.0 0.0 0.0 0.0 0.0 0.0 0.0 0.0 0.0 0.0 0.005479574189 0.005890940514 0.005942685103 0.006411454759 0.006709548011 1.16692879133 0.005003239689 0.005741180536 0.004910751778 0.005975269866 0.005251609453 0.006632217197 0.007223162477 0.007023903116 0.005857478392 0.007421292868 0.006257822323 0.006587775763 0.005850340675 0.005550287391 0.006408812155 0.005476073942 0.004748912641 0.0 0.0 0.0 0.0 0.0 0.0 0.0 0.0 0.0 0.0
0.0 0.0 0.0 0.0 0.0 0.0 0.0 0.0 0.0 0.0 0.0 0.0 0.0 0.0 0.0 0.0 0.0 0.0 0.0 0.0 0.0 0.0 0.0 0.0 0.0 0.0 0.0 0.0 0.0 0.0 0.0 0.0 0.0 0.0 0.0 0.0 0.0 0.0 0.0 0.0 0.0 0.005579991897 0.005430478575 0.005413148833 0.005270259864 0.005178445469 0.005003239689 0.19732139309 0.005501808613 0.005814377366 0.005396424095 0.00568260764 0.005212296572 0.005054952023 0.005123878096 0.005447607141 0.005021501572 0.005306815472 0.005205555122 0.005449957493 0.005578564518 0.005262774393 0.005588852892 0.005836692483 0.0 0.0 0.0 0.0 0.0 0.0 0.0 0.0 0.0 0.0
0.0 0.0 0.0 0.0 0.0 0.0 0.0 0.0 0.0 0.0 0.0 0.0 0.0 0.0 0.0 0.0 0.0 0.0 0.0 0.0 0.0 0.0 0.0 0.0 0.0 0.0 0.0 0.0 0.0 0.0 0.0 0.0 0.0 0.0 0.0 0.0 0.0 0.0 0.0 0.0 0.0 0.005615336672 0.005644356627 0.005652763922 0.005695911641 0.005711086551 0.005741180536 0.005501808613 0.201184149896 0.00548007111 0.005655256564 0.005532719803 0.005707867748 0.005711575298 0.005739418191 0.005637594621 0.005726490273 0.005686920746 0.005697923378 0.005668451812 0.005677751215 0.005695137108 0.005591624226 0.005393789754 0.0 0.0 0.0 0.0 0.0 0.0 0.0 0.0 0.0 0.0
0.0 0.0 0.0 0.0 0.0 0.0 0.0 0.0 0.0 0.0 0.0 0.0 0.0 0.0 0.0 0.0 0.0 0.0 0.0 0.0 0.0 0.0 0.0 0.0 0.0 0.0 0.0 0.0 0.0 0.0 0.0 0.0 0.0 0.0 0.0 0.0 0.0 0.0 0.0 0.0 0.0 0.005580489554 0.005414907804 0.005390751562 0.005216156905 0.005114531262 0.004910751778 0.005814377366 0.00548007111 0.364978551199 0.005369906394 0.005690560455 0.005146181353 0.004971849099 0.005055221567 0.00542564272 0.004935830257 0.005268348729 0.005148698937 0.005425334034 0.00555493763 0.005212987805 0.005583541315 0.005901976209 0.0 0.0 0.0 0.0 0.0 0.0 0.0 0.0 0.0 0.0
0.0 0.0 0.0 0.0 0.0 0.0 0.0 0.0 0.0 0.0 0.0 0.0 0.0 0.0 0.0 0.0 0.0 0.0 0.0 0.0 0.0 0.0 0.0 0.0 0.0 0.0 0.0 0.0 0.0 0.0 0.0 0.0 0.0 0.0 0.0 0.0 0.0 0.0 0.0 0.0 0.0 0.005588639695 0.005716897985 0.005733056795 0.005834994782 0.005892427401 0.005975269866 0.005396424095 0.005655256564 0.005369906394 0.17182693809 0.005497815052 0.005878841898 0.005966170786 0.005893849378 0.005710955567 0.005976796212 0.005813844954 0.005880161639 0.005686646509 0.005585328007 0.005840453864 0.005585215187 0.005326491668 0.0 0.0 0.0 0.0 0.0 0.0 0.0 0.0 0.0 0.0
0.0 0.0 0.0 0.0 0.0 0.0 0.0 0.0 0.0 0.0 0.0 0.0 0.0 0.0 0.0 0.0 0.0 0.0 0.0 0.0 0.0 0.0 0.0 0.0 0.0 0.0 0.0 0.0 0.0 0.0 0.0 0.0 0.0 0.0 0.0 0.0 0.0 0.0 0.0 0.0 0.0 0.005586019346 0.005503799202 0.00549965105 0.005419313367 0.005366429243 0.005251609453 0.00568260764 0.005532719803 0.005690560455 0.005497815052 0.129122832182 0.005386862828 0.005292550802 0.00531609066 0.005530025277 0.005265681403 0.005439419328 0.005385294704 0.005523458339 0.005567418406 0.005420295138 0.005604578978 0.005716080365 0.0 0.0 0.0 0.0 0.0 0.0 0.0 0.0 0.0 0.0
0.0 0.0 0.0 0.0 0.0 0.0 0.0 0.0 0.0 0.0 0.0 0.0 0.0 0.0 0.0 0.0 0.0 0.0 0.0 0.0 0.0 0.0 0.0 0.0 0.0 0.0 0.0 0.0 0.0 0.0 0.0 0.0 0.0 0.0 0.0 0.0 0.0 0.0 0.0 0.0 0.0 0.005540421336 0.005807872652 0.005851550733 0.006145631179 0.006311834766 0.006632217197 0.005212296572 0.005707867748 0.005146181353 0.005878841898 0.005386862828 0.336253533589 0.006544129397 0.006385138033 0.005799117004 0.006585875118 0.00604755982 0.006248889207 0.005778548055 0.005586569093 0.006139033869 0.005538497441 0.005041064934 0.0 0.0 0.0 0.0 0.0 0.0 0.0 0.0 0.0 0.0
0.0 0.0 0.0 0.0 0.0 0.0 0.0 0.0 0.0 0.0 0.0 0.0 0.0 0.0 0.0 0.0 0.0 0.0 0.0 0.0 0.0 0.0 0.0 0.0 0.0 0.0 0.0 0.0 0.0 0.0 0.0 0.0 0.0 0.0 0.0 0.0 0.0 0.0 0.0 0.0 0.0 0.005493485132 0.005876615273 0.005927179054 0.006359112963 0.006615243981 0.007223162477 0.005054952023 0.005711575298 0.004971849099 0.005966170786 0.005292550802 0.006544129397 0.331879140847 0.00680047829 0.005852157406 0.007136900141 0.006217281195 0.00652298669 0.005833355614 0.005541929757 0.006354578295 0.005499184078 0.004836648735 0.0 0.0 0.0 0.0 0.0 0.0 0.0 0.0 0.0 0.0
0.0 0.0 0.0 0.0 0.0 0.0 0.0 0.0 0.0 0.0 0.0 0.0 0.0 0.0 0.0 0.0 0.0 0.0 0.0 0.0 0.0 0.0 0.0 0.0 0.0 0.0 0.0 0.0 0.0 0.0 0.0 0.0 0.0 0.0 0.0 0.0 0.0 0.0 0.0 0.0 0.0 0.00552173067 0.005828309896 0.00586919161 0.006234715786 0.006455713018 0.007023903116 0.005123878096 0.005739418191 0.005055221567 0.005893849378 0.00531609066 0.006385138033 0.00680047829 0.282783816472 0.005795128463 0.006922026638 0.006117237446 0.006366458062 0.005820433861 0.005603598914 0.006233158614 0.005505151212 0.004900880449 0.0 0.0 0.0 0.0 0.0 0.0 0.0 0.0 0.0 0.0
0.0 0.0 0.0 0.0 0.0 0.0 0.0 0.0 0.0 0.0 0.0 0.0 0.0 0.0 0.0 0.0 0.0 0.0 0.0 0.0 0.0 0.0 0.0 0.0 0.0 0.0 0.0 0.0 0.0 0.0 0.0 0.0 0.0 0.0 0.0 0.0 0.0 0.0 0.0 0.0 0.0 0.005589450128 0.005677594567 0.005692036018 0.005764670672 0.005803973231 0.005857478392 0.005447607141 0.005637594621 0.00542564272 0.005710955567 0.005530025277 0.005799117004 0.005852157406 0.005795128463 0.473170510729 0.00585311051 0.005745852863 0.005793449237 0.005661324862 0.005587758437 0.005768054426 0.005594586546 0.005394776001 0.0 0.0 0.0 0.0 0.0 0.0 0.0 0.0 0.0 0.0
0.0 0.0 0.0 0.0 0.0 0.0 0.0 0.0 0.0 0.0 0.0 0.0 0.0 0.0 0.0 0.0 0.0 0.0 0.0 0.0 0.0 0.0 0.0 0.0 0.0 0.0 0.0 0.0 0.0 0.0 0.0 0.0 0.0 0.0 0.0 0.0 0.0 0.0 0.0 0.0 0.0 0.005489164016 0.00589233967 0.005940218552 0.006387905126 0.006660594411 0.007421292868 0.005021501572 0.005726490273 0.004935830257 0.005976796212 0.005265681403 0.006585875118 0.007136900141 0.006922026638 0.00585311051 1.42759681862 0.00624795423 0.006562135537 0.00584380257 0.005543934733 0.006387512967 0.00548585341 0.004784274428 0.0 0.0 0.0 0.0 0.0 0.0 0.0 0.0 0.0 0.0
0.0 0.0 0.0 0.0 0.0 0.0 0.0 0.0 0.0 0.0 0.0 0.0 0.0 0.0 0.0 0.0 0.0 0.0 0.0 0.0 0.0 0.0 0.0 0.0 0.0 0.0 0.0 0.0 0.0 0.0 0.0 0.0 0.0 0.0 0.0 0.0 0.0 0.0 0.0 0.0 0.0 0.005573722927 0.00576857838 0.005792076169 0.005972650384 0.006075981163 0.006257822323 0.005306815472 0.005686920746 0.005268348729 0.005813844954 0.005439419328 0.00604755982 0.006217281195 0.006117237446 0.005745852863 0.00624795423 0.242991174965 0.006046229869 0.005729293806 0.005591163339 0.005974489442 0.00555939812 0.005196216722 0.0 0.0 0.0 0.0 0.0 0.0 0.0 0.0 0.0 0.0
0.0 0.0 0.0 0.0 0.0 0.0 0.0 0.0 0.0 0.0 0.0 0.0 0.0 0.0 0.0 0.0 0.0 0.0 0.0 0.0 0.0 0.0 0.0 0.0 0.0 0.0 0.0 0.0 0.0 0.0 0.0 0.0 0.0 0.0 0.0 0.0 0.0 0.0 0.0 0.0 0.0 0.005543954327 0.005811049103 0.005849533574 0.00613469771 0.006297334157 0.006587775763 0.005205555122 0.005697923378 0.005148698937 0.005880161639 0.005385294704 0.006248889207 0.00652298669 0.006366458062 0.005793449237 0.006562135537 0.006046229869 0.220808174776 0.005780547481 0.005576031218 0.006132850779 0.005541374084 0.005051318148 0.0 0.0 0.0 0.0 0.0 0.0 0.0 0.0 0.0 0.0
0.0 0.0 0.0 0.0 0.0 0.0 0.0 0.0 0.0 0.0 0.0 0.0 0.0 0.0 0.0 0.0 0.0 0.0 0.0 0.0 0.0 0.0 0.0 0.0 0.0 0.0 0.0 0.0 0.0 0.0 0.0 0.0 0.0 0.0 0.0 0.0 0.0 0.0 0.0 0.0 0.0 0.005601366965 0.005644069911 0.005666987467 0.005763603503 0.005797333016 0.005850340675 0.005449957493 0.005668451812 0.005425334034 0.005686646509 0.005523458339 0.005778548055 0.005833355614 0.005820433861 0.005661324862 0.00584380257 0.005729293806 0.005780547481 0.209945567248 0.00566875796 0.005767806741 0.005604411873 0.005322202429 0.0 0.0 0.0 0.0 0.0 0.0 0.0 0.0 0.0 0.0
0.0 0.0 0.0 0.0 0.0 0.0 0.0 0.0 0.0 0.0 0.0 0.0 0.0 0.0 0.0 0.0 0.0 0.0 0.0 0.0 0.0 0.0 0.0 0.0 0.0 0.0 0.0 0.0 0.0 0.0 0.0 0.0 0.0 0.0 0.0 0.0 0.0 0.0 0.0 0.0 0.0 0.005621184552 0.005571529417 0.005583889905 0.005606198351 0.005582998641 0.005550287391 0.005578564518 0.005677751215 0.00555493763 0.005585328007 0.005567418406 0.005586569093 0.005541929757 0.005603598914 0.005587758437 0.005543934733 0.005591163339 0.005576031218 0.00566875796 0.241602373676 0.005599899049 0.00560750262 0.005433385341 0.0 0.0 0.0 0.0 0.0 0.0 0.0 0.0 0.0 0.0
0.0 0.0 0.0 0.0 0.0 0.0 0.0 0.0 0.0 0.0 0.0 0.0 0.0 0.0 0.0 0.0 0.0 0.0 0.0 0.0 0.0 0.0 0.0 0.0 0.0 0.0 0.0 0.0 0.0 0.0 0.0 0.0 0.0 0.0 0.0 0.0 0.0 0.0 0.0 0.0 0.0 0.005561042539 0.005775347436 0.005811233294 0.006048064155 0.006177186775 0.006408812155 0.005262774393 0.005695137108 0.005212987805 0.005840453864 0.005420295138 0.006139033869 0.006354578295 0.006233158614 0.005768054426 0.006387512967 0.005974489442 0.006132850779 0.005767806741 0.005599899049 0.37181560699 0.005559374554 0.005115006776 0.0 0.0 0.0 0.0 0.0 0.0 0.0 0.0 0.0 0.0
0.0 0.0 0.0 0.0 0.0 0.0 0.0 0.0 0.0 0.0 0.0 0.0 0.0 0.0 0.0 0.0 0.0 0.0 0.0 0.0 0.0 0.0 0.0 0.0 0.0 0.0 0.0 0.0 0.0 0.0 0.0 0.0 0.0 0.0 0.0 0.0 0.0 0.0 0.0 0.0 0.0 0.005602922347 0.005571153989 0.005574972561 0.005554935537 0.005533029985 0.005476073942 0.005588852892 0.005591624226 0.005583541315 0.005585215187 0.005604578978 0.005538497441 0.005499184078 0.005505151212 0.005594586546 0.00548585341 0.00555939812 0.005541374084 0.005604411873 0.00560750262 0.005559374554 0.2143610605 0.005556302646 0.0 0.0 0.0 0.0 0.0 0.0 0.0 0.0 0.0 0.0
0.0 0.0 0.0 0.0 0.0 0.0 0.0 0.0 0.0 0.0 0.0 0.0 0.0 0.0 0.0 0.0 0.0 0.0 0.0 0.0 0.0 0.0 0.0 0.0 0.0 0.0 0.0 0.0 0.0 0.0 0.0 0.0 0.0 0.0 0.0 0.0 0.0 0.0 0.0 0.0 0.0 0.005548458222 0.005397451018 0.005355168191 0.005113233228 0.004996168107 0.004748912641 0.005836692483 0.005393789754 0.005901976209 0.005326491668 0.005716080365 0.005041064934 0.004836648735 0.004900880449 0.005394776001 0.004784274428 0.005196216722 0.005051318148 0.005322202429 0.005433385341 0.005115006776 0.005556302646 0.210920153266 0.0 0.0 0.0 0.0 0.0 0.0 0.0 0.0 0.0 0.0
0.0 0.0 0.0 0.0 0.0 0.0 0.0 0.0 0.0 0.0 0.0 0.0 0.0 0.0 0.0 0.0 0.0 0.0 0.0 0.0 0.0 0.0 0.0 0.0 0.0 0.0 0.0 0.0 0.0 0.0 0.0 0.0 0.0 0.0 0.0 0.0 0.0 0.0 0.0 0.0 0.0 0.0 0.0 0.0 0.0 0.0 0.0 0.0 0.0 0.0 0.0 0.0 0.0 0.0 0.0 0.0 0.0 0.0 0.0 0.0 0.0 0.0 0.0 0.0 0.101337671526 0.009307205666 0.009196532315 0.009576190718 0.009693713159 0.009597958132 0.009021793479 0.009692534444 0.008972307862 0.009278537952
0.0 0.0 0.0 0.0 0.0 0.0 0.0 0.0 0.0 0.0 0.0 0.0 0.0 0.0 0.0 0.0 0.0 0.0 0.0 0.0 0.0 0.0 0.0 0.0 0.0 0.0 0.0 0.0 0.0 0.0 0.0 0.0 0.0 0.0 0.0 0.0 0.0 0.0 0.0 0.0 0.0 0.0 0.0 0.0 0.0 0.0 0.0 0.0 0.0 0.0 0.0 0.0 0.0 0.0 0.0 0.0 0.0 0.0 0.0 0.0 0.0 0.0 0.0 0.0 0.009307205666 0.250801666199 0.01065785203 0.009869906381 0.009727632618 0.009844506444 0.01101251411 0.009792902138 0.01107152869 0.01047186376
0.0 0.0 0.0 0.0 0.0 0.0 0.0 0.0 0.0 0.0 0.0 0.0 0.0 0.0 0.0 0.0 0.0 0.0 0.0 0.0 0.0 0.0 0.0 0.0 0.0 0.0 0.0 0.0 0.0 0.0 0.0 0.0 0.0 0.0 0.0 0.0 0.0 0.0 0.0 0.0 0.0 0.0 0.0 0.0 0.0 0.0 0.0 0.0 0.0 0.0 0.0 0.0 0.0 0.0 0.0 0.0 0.0 0.0 0.0 0.0 0.0 0.0 0.0 0.0 0.009196532315 0.01065785203 0.169794598053 0.009971573119 0.009712408216 0.00987574132 0.01141306428 0.009754423859 0.01152193454 0.01069707288
0.0 0.0 0.0 0.0 0.0 0.0 0.0 0.0 0.0 0.0 0.0 0.0 0.0 0.0 0.0 0.0 0.0 0.0 0.0 0.0 0.0 0.0 0.0 0.0 0.0 0.0 0.0 0.0 0.0 0.0 0.0 0.0 0.0 0.0 0.0 0.0 0.0 0.0 0.0 0.0 0.0 0.0 0.0 0.0 0.0 0.0 0.0 0.0 0.0 0.0 0.0 0.0 0.0 0.0 0.0 0.0 0.0 0.0 0.0 0.0 0.0 0.0 0.0 0.0 0.009576190718 0.009869906381 0.009971573119 0.131908464808 0.009762621915 0.009828945982 0.009946815901 0.009578834248 0.01001472002 0.01001147924
0.0 0.0 0.0 0.0 0.0 0.0 0.0 0.0 0.0 0.0 0.0 0.0 0.0 0.0 0.0 0.0 0.0 0.0 0.0 0.0 0.0 0.0 0.0 0.0 0.0 0.0 0.0 0.0 0.0 0.0 0.0 0.0 0.0 0.0 0.0 0.0 0.0 0.0 0.0 0.0 0.0 0.0 0.0 0.0 0.0 0.0 0.0 0.0 0.0 0.0 0.0 0.0 0.0 0.0 0.0 0.0 0.0 0.0 0.0 0.0 0.0 0.0 0.0 0.0 0.009693713159 0.009727632618 0.009712408216 0.009762621915 0.120513796086 0.009757172638 0.009654455877 0.00970625525 0.009648821486 0.009744591482
0.0 0.0 0.0 0.0 0.0 0.0 0.0 0.0 0.0 0.0 0.0 0.0 0.0 0.0 0.0 0.0 0.0 0.0 0.0 0.0 0.0 0.0 0.0 0.0 0.0 0.0 0.0 0.0 0.0 0.0 0.0 0.0 0.0 0.0 0.0 0.0 0.0 0.0 0.0 0.0 0.0 0.0 0.0 0.0 0.0 0.0 0.0 0.0 0.0 0.0 0.0 0.0 0.0 0.0 0.0 0.0 0.0 0.0 0.0 0.0 0.0 0.0 0.0 0.0 0.009597958132 0.009844506444 0.00987574132 0.009828945982 0.009757172638 0.152884996794 0.009866187821 0.009662519823 0.009887841359 0.009895206629
0.0 0.0 0.0 0.0 0.0 0.0 0.0 0.0 0.0 0.0 0.0 0.0 0.0 0.0 0.0 0.0 0.0 0.0 0.0 0.0 0.0 0.0 0.0 0.0 0.0 0.0 0.0 0.0 0.0 0.0 0.0 0.0 0.0 0.0 0.0 0.0 0.0 0.0 0.0 0.0 0.0 0.0 0.0 0.0 0.0 0.0 0.0 0.0 0.0 0.0 0.0 0.0 0.0 0.0 0.0 0.0 0.0 0.0 0.0 0.0 0.0 0.0 0.0 0.0 0.009021793479 0.01101251411 0.01141306428 0.009946815901 0.009654455877 0.009866187821 0.348874739869 0.009789359867 0.01237390574 0.0110032401
0.0 0.0 0.0 0.0 0.0 0.0 0.0 0.0 0.0 0.0 0.0 0.0 0.0 0.0 0.0 0.0 0.0 0.0 0.0 0.0 0.0 0.0 0.0 0.0 0.0 0.0 0.0 0.0 0.0 0.0 0.0 0.0 0.0 0.0 0.0 0.0 0.0 0.0 0.0 0.0 0.0 0.0 0.0 0.0 0.0 0.0 0.0 0.0 0.0 0.0 0.0 0.0 0.0 0.0 0.0 0.0 0.0 0.0 0.0 0.0 0.0 0.0 0.0 0.0 0.009692534444 0.009792902138 0.009754423859 0.009578834248 0.00970625525 0.009662519823 0.009789359867 0.152758173576 0.009758593806 0.00971658335
0.0 0.0 0.0 0.0 0.0 0.0 0.0 0.0 0.0 0.0 0.0 0.0 0.0 0.0 0.0 0.0 0.0 0.0 0.0 0.0 0.0 0.0 0.0 0.0 0.0 0.0 0.0 0.0 0.0 0.0 0.0 0.0 0.0 0.0 0.0 0.0 0.0 0.0 0.0 0.0 0.0 0.0 0.0 0.0 0.0 0.0 0.0 0.0 0.0 0.0 0.0 0.0 0.0 0.0 0.0 0.0 0.0 0.0 0.0 0.0 0.0 0.0 0.0 0.0 0.008972307862 0.01107152869 0.01152193454 0.01001472002 0.009648821486 0.009887841359 0.01237390574 0.009758593806 0.344441273538 0.01110403447
0.0 0.0 0.0 0.0 0.0 0.0 0.0 0.0 0.0 0.0 0.0 0.0 0.0 0.0 0.0 0.0 0.0 0.0 0.0 0.0 0.0 0.0 0.0 0.0 0.0 0.0 0.0 0.0 0.0 0.0 0.0 0.0 0.0 0.0 0.0 0.0 0.0 0.0 0.0 0.0 0.0 0.0 0.0 0.0 0.0 0.0 0.0 0.0 0.0 0.0 0.0 0.0 0.0 0.0 0.0 0.0 0.0 0.0 0.0 0.0 0.0 0.0 0.0 0.0 0.009278537952 0.01047186376 0.01069707288 0.01001147924 0.009744591482 0.009895206629 0.0110032401 0.00971658335 0.01110403447 0.229446593236
