33 33
0.574793348357 0.01390970145 0.01357901548 0.0140226918 0.01398871393 0.01404336016 0.01399314514 0.01393187204 0.01406281871 0.0 0.0 0.0 0.0 0.0 0.0 0.0 0.0 0.0 0.0 0.0 0.0 0.0 0.0 0.0 0.0 0.0 0.0 0.0 0.0 0.0 0.0 0.0 0.0
0.01390970145 0.609596139664 0.01600511765 0.01246092421 0.01328396052 0.01376850981 0.01404622479 0.01435335173 0.01376850094 0.0 0.0 0.0 0.0 0.0 0.0 0.0 0.0 0.0 0.0 0.0 0.0 0.0 0.0 0.0 0.0 0.0 0.0 0.0 0.0 0.0 0.0 0.0 0.0
0.01357901548 0.01600511765 1.38892287025 0.01007995334 0.01201519322 0.01317384374 0.01398519915 0.01491978233 0.01315197184 0.0 0.0 0.0 0.0 0.0 0.0 0.0 0.0 0.0 0.0 0.0 0.0 0.0 0.0 0.0 0.0 0.0 0.0 0.0 0.0 0.0 0.0 0.0 0.0
0.0140226918 0.01246092421 0.01007995334 1.49444569896 0.01564294105 0.01432559698 0.01385849955 0.01328589397 0.01457739057 0.0 0.0 0.0 0.0 0.0 0.0 0.0 0.0 0.0 0.0 0.0 0.0 0.0 0.0 0.0 0.0 0.0 0.0 0.0 0.0 0.0 0.0 0.0 0.0
0.01398871393 0.01328396052 0.01201519322 0.01564294105 1.74973813961 0.01417696847 0.01393089086 0.01372653971 0.01426621042 0.0 0.0 0.0 0.0 0.0 0.0 0.0 0.0 0.0 0.0 0.0 0.0 0.0 0.0 0.0 0.0 0.0 0.0 0.0 0.0 0.0 0.0 0.0 0.0
0.01404336016 0.01376850981 0.01317384374 0.01432559698 0.01417696847 0.755611685614 0.01401163888 0.01392238658 0.01412115978 0.0 0.0 0.0 0.0 0.0 0.0 0.0 0.0 0.0 0.0 0.0 0.0 0.0 0.0 0.0 0.0 0.0 0.0 0.0 0.0 0.0 0.0 0.0 0.0
0.01399314514 0.01404622479 0.01398519915 0.01385849955 0.01393089086 0.01401163888 0.375137369354 0.01420987986 0.01433832857 0.0 0.0 0.0 0.0 0.0 0.0 0.0 0.0 0.0 0.0 0.0 0.0 0.0 0.0 0.0 0.0 0.0 0.0 0.0 0.0 0.0 0.0 0.0 0.0
0.01393187204 0.01435335173 0.01491978233 0.01328589397 0.01372653971 0.01392238658 0.01420987986 0.396488024757 0.014033125 0.0 0.0 0.0 0.0 0.0 0.0 0.0 0.0 0.0 0.0 0.0 0.0 0.0 0.0 0.0 0.0 0.0 0.0 0.0 0.0 0.0 0.0 0.0 0.0
0.01406281871 0.01376850094 0.01315197184 0.01457739057 0.01426621042 0.01412115978 0.01433832857 0.014033125 0.658382471959 0.0 0.0 0.0 0.0 0.0 0.0 0.0 0.0 0.0 0.0 0.0 0.0 0.0 0.0 0.0 0.0 0.0 0.0 0.0 0.0 0.0 0.0 0.0 0.0
0.0 0.0 0.0 0.0 0.0 0.0 0.0 0.0 0.0 1.12012322754 0.0111807321 0.01023558906 0.01243775083 0.009487964744 0.01071153989 0.01010978905 0.01151096139 0.01080679297 0.0 0.0 0.0 0.0 0.0 0.0 0.0 0.0 0.0 0.0 0.0 0.0 0.0 0.0 0.0
0.0 0.0 0.0 0.0 0.0 0.0 0.0 0.0 0.0 0.0111807321 1.17189224759 0.01032859283 0.01187970438 0.00987378433 0.01073303164 0.01035610048 0.01112129519 0.01087335471 0.0 0.0 0.0 0.0 0.0 0.0 0.0 0.0 0.0 0.0 0.0 0.0 0.0 0.0 0.0
0.0 0.0 0.0 0.0 0.0 0.0 0.0 0.0 0.0 0.01023558906 0.01032859283 0.477727077303 0.009862954439 0.01092056729 0.01052105836 0.01067604346 0.01023447085 0.01044574214 0.0 0.0 0.0 0.0 0.0 0.0 0.0 0.0 0.0 0.0 0.0 0.0 0.0 0.0 0.0
0.0 0.0 0.0 0.0 0.0 0.0 0.0 0.0 0.0 0.01243775083 0.01187970438 0.009862954439 0.346115422342 0.008410945736 0.01076846496 0.009605122619 0.01242387723 0.0109819064 0.0 0.0 0.0 0.0 0.0 0.0 0.0 0.0 0.0 0.0 0.0 0.0 0.0 0.0 0.0
0.0 0.0 0.0 0.0 0.0 0.0 0.0 0.0 0.0 0.009487964744 0.00987378433 0.01092056729 0.008410945736 0.924359051952 0.01037452872 0.01126218267 0.009405088805 0.01035696269 0.0 0.0 0.0 0.0 0.0 0.0 0.0 0.0 0.0 0.0 0.0 0.0 0.0 0.0 0.0
0.0 0.0 0.0 0.0 0.0 0.0 0.0 0.0 0.0 0.01071153989 0.01073303164 0.01052105836 0.01076846496 0.01037452872 0.519313050159 0.01053013313 0.01068175376 0.01068255552 0.0 0.0 0.0 0.0 0.0 0.0 0.0 0.0 0.0 0.0 0.0 0.0 0.0 0.0 0.0
0.0 0.0 0.0 0.0 0.0 0.0 0.0 0.0 0.0 0.01010978905 0.01035610048 0.01067604346 0.009605122619 0.01126218267 0.01053013313 0.450592792615 0.01008786407 0.01060589681 0.0 0.0 0.0 0.0 0.0 0.0 0.0 0.0 0.0 0.0 0.0 0.0 0.0 0.0 0.0
0.0 0.0 0.0 0.0 0.0 0.0 0.0 0.0 0.0 0.01151096139 0.01112129519 0.01023447085 0.01242387723 0.009405088805 0.01068175376 0.01008786407 0.781069113209 0.01075095291 0.0 0.0 0.0 0.0 0.0 0.0 0.0 0.0 0.0 0.0 0.0 0.0 0.0 0.0 0.0
0.0 0.0 0.0 0.0 0.0 0.0 0.0 0.0 0.0 0.01080679297 0.01087335471 0.01044574214 0.0109819064 0.01035696269 0.01068255552 0.01060589681 0.01075095291 0.460006934444 0.0 0.0 0.0 0.0 0.0 0.0 0.0 0.0 0.0 0.0 0.0 0.0 0.0 0.0 0.0
0.0 0.0 0.0 0.0 0.0 0.0 0.0 0.0 0.0 0.0 0.0 0.0 0.0 0.0 0.0 0.0 0.0 0.0 0.392995792982 0.00654865962 0.006447496277 0.00652005321 0.006590699712 0.006615787757 0.006558198418 0.00662327116 0.006511359584 0.006654787849 0.0 0.0 0.0 0.0 0.0
0.0 0.0 0.0 0.0 0.0 0.0 0.0 0.0 0.0 0.0 0.0 0.0 0.0 0.0 0.0 0.0 0.0 0.0 0.00654865962 0.423833199186 0.006784045045 0.006388046844 0.006568550644 0.00653407836 0.006564397397 0.006236297304 0.006694773455 0.006472310023 0.0 0.0 0.0 0.0 0.0
0.0 0.0 0.0 0.0 0.0 0.0 0.0 0.0 0.0 0.0 0.0 0.0 0.0 0.0 0.0 0.0 0.0 0.0 0.006447496277 0.006784045045 0.496186136862 0.006106341346 0.006536087227 0.006446940591 0.006574427494 0.005642212276 0.007114252567 0.006354149749 0.0 0.0 0.0 0.0 0.0
0.0 0.0 0.0 0.0 0.0 0.0 0.0 0.0 0.0 0.0 0.0 0.0 0.0 0.0 0.0 0.0 0.0 0.0 0.00652005321 0.006388046844 0.006106341346 0.418139278582 0.006507804085 0.006593704679 0.006544396607 0.007112897129 0.006120271407 0.006704617346 0.0 0.0 0.0 0.0 0.0
0.0 0.0 0.0 0.0 0.0 0.0 0.0 0.0 0.0 0.0 0.0 0.0 0.0 0.0 0.0 0.0 0.0 0.0 0.006590699712 0.006568550644 0.006536087227 0.006507804085 0.320127408102 0.006561711069 0.006568232846 0.006486518773 0.006554648269 0.006547941546 0.0 0.0 0.0 0.0 0.0
0.0 0.0 0.0 0.0 0.0 0.0 0.0 0.0 0.0 0.0 0.0 0.0 0.0 0.0 0.0 0.0 0.0 0.0 0.006615787757 0.00653407836 0.006446940591 0.006593704679 0.006561711069 0.352411664234 0.00658934616 0.006684634069 0.006393578681 0.006679592278 0.0 0.0 0.0 0.0 0.0
0.0 0.0 0.0 0.0 0.0 0.0 0.0 0.0 0.0 0.0 0.0 0.0 0.0 0.0 0.0 0.0 0.0 0.0 0.006558198418 0.006564397397 0.006574427494 0.006544396607 0.006568232846 0.00658934616 0.577826129832 0.006517496073 0.006482897879 0.006590169941 0.0 0.0 0.0 0.0 0.0
0.0 0.0 0.0 0.0 0.0 0.0 0.0 0.0 0.0 0.0 0.0 0.0 0.0 0.0 0.0 0.0 0.0 0.0 0.00662327116 0.006236297304 0.005642212276 0.007112897129 0.006486518773 0.006684634069 0.006517496073 0.788221032504 0.005721315699 0.006951303808 0.0 0.0 0.0 0.0 0.0
0.0 0.0 0.0 0.0 0.0 0.0 0.0 0.0 0.0 0.0 0.0 0.0 0.0 0.0 0.0 0.0 0.0 0.0 0.006511359584 0.006694773455 0.007114252567 0.006120271407 0.006554648269 0.006393578681 0.006482897879 0.005721315699 0.268062214541 0.006288249349 0.0 0.0 0.0 0.0 0.0
0.0 0.0 0.0 0.0 0.0 0.0 0.0 0.0 0.0 0.0 0.0 0.0 0.0 0.0 0.0 0.0 0.0 0.0 0.006654787849 0.006472310023 0.006354149749 0.006704617346 0.006547941546 0.006679592278 0.006590169941 0.006951303808 0.006288249349 0.62234450771 0.0 0.0 0.0 0.0 0.0
0.0 0.0 0.0 0.0 0.0 0.0 0.0 0.0 0.0 0.0 0.0 0.0 0.0 0.0 0.0 0.0 0.0 0.0 0.0 0.0 0.0 0.0 0.0 0.0 0.0 0.0 0.0 0.0 1.10243202418 0.01925974939 0.02127588986 0.02144831266 0.02023440155
0.0 0.0 0.0 0.0 0.0 0.0 0.0 0.0 0.0 0.0 0.0 0.0 0.0 0.0 0.0 0.0 0.0 0.0 0.0 0.0 0.0 0.0 0.0 0.0 0.0 0.0 0.0 0.0 0.01925974939 0.242885177034 0.01592795589 0.01498371166 0.0231994899
0.0 0.0 0.0 0.0 0.0 0.0 0.0 0.0 0.0 0.0 0.0 0.0 0.0 0.0 0.0 0.0 0.0 0.0 0.0 0.0 0.0 0.0 0.0 0.0 0.0 0.0 0.0 0.0 0.02127588986 0.01592795589 1.4540155992 0.02538101617 0.01882884464
0.0 0.0 0.0 0.0 0.0 0.0 0.0 0.0 0.0 0.0 0.0 0.0 0.0 0.0 0.0 0.0 0.0 0.0 0.0 0.0 0.0 0.0 0.0 0.0 0.0 0.0 0.0 0.0 0.02144831266 0.01498371166 0.02538101617 1.63632939984 0.01839672469
0.0 0.0 0.0 0.0 0.0 0.0 0.0 0.0 0.0 0.0 0.0 0.0 0.0 0.0 0.0 0.0 0.0 0.0 0.0 0.0 0.0 0.0 0.0 0.0 0.0 0.0 0.0 0.0 0.02023440155 0.0231994899 0.01882884464 0.01839672469 0.435015629211
