67 67
0.253320051668 0.005971367576 0.005980348326 0.006125456614 0.006024393947 0.006322108562 0.005848995327 0.006053542973 0.005943143693 0.005780211433 0.005864595858 0.0 0.0 0.0 0.0 0.0 0.0 0.0 0.0 0.0 0.0 0.0 0.0 0.0 0.0 0.0 0.0 0.0 0.0 0.0 0.0 0.0 0.0 0.0 0.0 0.0 0.0 0.0 0.0 0.0 0.0 0.0 0.0 0.0 0.0 0.0 0.0 0.0 0.0 0.0 0.0 0.0 0.0 0.0 0.0 0.0 0.0 0.0 0.0 0.0 0.0 0.0 0.0 0.0 0.0 0.0 0.0
0.005971367576 1.24555777536 0.006679455101 0.00647178372 0.006608813552 0.006066754028 0.006865044291 0.006638130505 0.006734525373 0.007067615404 0.006936949598 0.0 0.0 0.0 0.0 0.0 0.0 0.0 0.0 0.0 0.0 0.0 0.0 0.0 0.0 0.0 0.0 0.0 0.0 0.0 0.0 0.0 0.0 0.0 0.0 0.0 0.0 0.0 0.0 0.0 0.0 0.0 0.0 0.0 0.0 0.0 0.0 0.0 0.0 0.0 0.0 0.0 0.0 0.0 0.0 0.0 0.0 0.0 0.0 0.0 0.0 0.0 0.0 0.0 0.0 0.0 0.0
0.005980348326 0.006679455101 0.481626917597 0.0064581893 0.006570156836 0.006085845047 0.006823380355 0.006600783316 0.006689215754 0.007001315919 0.006887111281 0.0 0.0 0.0 0.0 0.0 0.0 0.0 0.0 0.0 0.0 0.0 0.0 0.0 0.0 0.0 0.0 0.0 0.0 0.0 0.0 0.0 0.0 0.0 0.0 0.0 0.0 0.0 0.0 0.0 0.0 0.0 0.0 0.0 0.0 0.0 0.0 0.0 0.0 0.0 0.0 0.0 0.0 0.0 0.0 0.0 0.0 0.0 0.0 0.0 0.0 0.0 0.0 0.0 0.0 0.0 0.0
0.006125456614 0.00647178372 0.0064581893 0.396793597565 0.006414547425 0.006138672297 0.006511207481 0.006456143262 0.006454185907 0.00660015074 0.006566646699 0.0 0.0 0.0 0.0 0.0 0.0 0.0 0.0 0.0 0.0 0.0 0.0 0.0 0.0 0.0 0.0 0.0 0.0 0.0 0.0 0.0 0.0 0.0 0.0 0.0 0.0 0.0 0.0 0.0 0.0 0.0 0.0 0.0 0.0 0.0 0.0 0.0 0.0 0.0 0.0 0.0 0.0 0.0 0.0 0.0 0.0 0.0 0.0 0.0 0.0 0.0 0.0 0.0 0.0 0.0 0.0
0.006024393947 0.006608813552 0.006570156836 0.006414547425 0.35249702599 0.006100923513 0.00670649375 0.006549090977 0.006616697116 0.006836159707 0.006745821437 0.0 0.0 0.0 0.0 0.0 0.0 0.0 0.0 0.0 0.0 0.0 0.0 0.0 0.0 0.0 0.0 0.0 0.0 0.0 0.0 0.0 0.0 0.0 0.0 0.0 0.0 0.0 0.0 0.0 0.0 0.0 0.0 0.0 0.0 0.0 0.0 0.0 0.0 0.0 0.0 0.0 0.0 0.0 0.0 0.0 0.0 0.0 0.0 0.0 0.0 0.0 0.0 0.0 0.0 0.0 0.0
0.006322108562 0.006066754028 0.006085845047 0.006138672297 0.006100923513 0.267561303237 0.006000339746 0.006110868913 0.006069885293 0.005963986898 0.006004310466 0.0 0.0 0.0 0.0 0.0 0.0 0.0 0.0 0.0 0.0 0.0 0.0 0.0 0.0 0.0 0.0 0.0 0.0 0.0 0.0 0.0 0.0 0.0 0.0 0.0 0.0 0.0 0.0 0.0 0.0 0.0 0.0 0.0 0.0 0.0 0.0 0.0 0.0 0.0 0.0 0.0 0.0 0.0 0.0 0.0 0.0 0.0 0.0 0.0 0.0 0.0 0.0 0.0 0.0 0.0 0.0
0.005848995327 0.006865044291 0.006823380355 0.006511207481 0.00670649375 0.006000339746 0.931600015709 0.006728983438 0.006886519374 0.007413130281 0.007193598759 0.0 0.0 0.0 0.0 0.0 0.0 0.0 0.0 0.0 0.0 0.0 0.0 0.0 0.0 0.0 0.0 0.0 0.0 0.0 0.0 0.0 0.0 0.0 0.0 0.0 0.0 0.0 0.0 0.0 0.0 0.0 0.0 0.0 0.0 0.0 0.0 0.0 0.0 0.0 0.0 0.0 0.0 0.0 0.0 0.0 0.0 0.0 0.0 0.0 0.0 0.0 0.0 0.0 0.0 0.0 0.0
0.006053542973 0.006638130505 0.006600783316 0.006456143262 0.006549090977 0.006110868913 0.006728983438 0.939385414424 0.006642873673 0.006883682495 0.006794599164 0.0 0.0 0.0 0.0 0.0 0.0 0.0 0.0 0.0 0.0 0.0 0.0 0.0 0.0 0.0 0.0 0.0 0.0 0.0 0.0 0.0 0.0 0.0 0.0 0.0 0.0 0.0 0.0 0.0 0.0 0.0 0.0 0.0 0.0 0.0 0.0 0.0 0.0 0.0 0.0 0.0 0.0 0.0 0.0 0.0 0.0 0.0 0.0 0.0 0.0 0.0 0.0 0.0 0.0 0.0 0.0
0.005943143693 0.006734525373 0.006689215754 0.006454185907 0.006616697116 0.006069885293 0.006886519374 0.006642873673 1.36578972358 0.007091203146 0.006949330738 0.0 0.0 0.0 0.0 0.0 0.0 0.0 0.0 0.0 0.0 0.0 0.0 0.0 0.0 0.0 0.0 0.0 0.0 0.0 0.0 0.0 0.0 0.0 0.0 0.0 0.0 0.0 0.0 0.0 0.0 0.0 0.0 0.0 0.0 0.0 0.0 0.0 0.0 0.0 0.0 0.0 0.0 0.0 0.0 0.0 0.0 0.0 0.0 0.0 0.0 0.0 0.0 0.0 0.0 0.0 0.0
0.005780211433 0.007067615404 0.007001315919 0.00660015074 0.006836159707 0.005963986898 0.007413130281 0.006883682495 0.007091203146 0.649109985876 0.007596406318 0.0 0.0 0.0 0.0 0.0 0.0 0.0 0.0 0.0 0.0 0.0 0.0 0.0 0.0 0.0 0.0 0.0 0.0 0.0 0.0 0.0 0.0 0.0 0.0 0.0 0.0 0.0 0.0 0.0 0.0 0.0 0.0 0.0 0.0 0.0 0.0 0.0 0.0 0.0 0.0 0.0 0.0 0.0 0.0 0.0 0.0 0.0 0.0 0.0 0.0 0.0 0.0 0.0 0.0 0.0 0.0
0.005864595858 0.006936949598 0.006887111281 0.006566646699 0.006745821437 0.006004310466 0.007193598759 0.006794599164 0.006949330738 0.007596406318 0.467732708358 0.0 0.0 0.0 0.0 0.0 0.0 0.0 0.0 0.0 0.0 0.0 0.0 0.0 0.0 0.0 0.0 0.0 0.0 0.0 0.0 0.0 0.0 0.0 0.0 0.0 0.0 0.0 0.0 0.0 0.0 0.0 0.0 0.0 0.0 0.0 0.0 0.0 0.0 0.0 0.0 0.0 0.0 0.0 0.0 0.0 0.0 0.0 0.0 0.0 0.0 0.0 0.0 0.0 0.0 0.0 0.0
0.0 0.0 0.0 0.0 0.0 0.0 0.0 0.0 0.0 0.0 0.0 0.222387060022 0.004276035322 0.004264015802 0.004291491088 0.004257516127 0.004272432932 0.004263613361 0.004239907304 0.004292212291 0.004283670514 0.004270446762 0.004263278145 0.004182909885 0.004256343282 0.004272390636 0.004220557936 0.004239559046 0.004273534659 0.004299051512 0.00430214633 0.004252001673 0.004278673792 0.004305729244 0.0 0.0 0.0 0.0 0.0 0.0 0.0 0.0 0.0 0.0 0.0 0.0 0.0 0.0 0.0 0.0 0.0 0.0 0.0 0.0 0.0 0.0 0.0 0.0 0.0 0.0 0.0 0.0 0.0 0.0 0.0 0.0 0.0
0.0 0.0 0.0 0.0 0.0 0.0 0.0 0.0 0.0 0.0 0.0 0.004276035322 0.318027340261 0.004357544655 0.004328282332 0.004386448873 0.00434081218 0.004380385487 0.004425842694 0.004369474822 0.004311948271 0.004343837032 0.004253541033 0.004449262395 0.004384532491 0.004381782268 0.004452020726 0.004416420696 0.00433281473 0.00435117058 0.00431411765 0.004406943189 0.004392299233 0.00430795304 0.0 0.0 0.0 0.0 0.0 0.0 0.0 0.0 0.0 0.0 0.0 0.0 0.0 0.0 0.0 0.0 0.0 0.0 0.0 0.0 0.0 0.0 0.0 0.0 0.0 0.0 0.0 0.0 0.0 0.0 0.0 0.0 0.0
0.0 0.0 0.0 0.0 0.0 0.0 0.0 0.0 0.0 0.0 0.0 0.004264015802 0.004357544655 0.364451213518 0.004373138295 0.004542708327 0.004426469599 0.004533113923 0.004668528877 0.004474796907 0.004344168424 0.004433869017 0.004242909507 0.004539397471 0.004549937891 0.004531883624 0.004754679436 0.004640770563 0.004413769251 0.004422143155 0.00433575744 0.004615729115 0.00454723875 0.004317383479 0.0 0.0 0.0 0.0 0.0 0.0 0.0 0.0 0.0 0.0 0.0 0.0 0.0 0.0 0.0 0.0 0.0 0.0 0.0 0.0 0.0 0.0 0.0 0.0 0.0 0.0 0.0 0.0 0.0 0.0 0.0 0.0 0.0
0.0 0.0 0.0 0.0 0.0 0.0 0.0 0.0 0.0 0.0 0.0 0.004291491088 0.004328282332 0.004373138295 0.23515688091 0.004408138913 0.004359941096 0.004412701156 0.004451688612 0.004404146365 0.004326777546 0.004359968285 0.004266866977 0.004368555459 0.004403502564 0.004416104642 0.004480611473 0.004437588225 0.004345905774 0.004377446707 0.00432886389 0.004444812996 0.004427133032 0.00433520734 0.0 0.0 0.0 0.0 0.0 0.0 0.0 0.0 0.0 0.0 0.0 0.0 0.0 0.0 0.0 0.0 0.0 0.0 0.0 0.0 0.0 0.0 0.0 0.0 0.0 0.0 0.0 0.0 0.0 0.0 0.0 0.0 0.0
0.0 0.0 0.0 0.0 0.0 0.0 0.0 0.0 0.0 0.0 0.0 0.004257516127 0.004386448873 0.004542708327 0.004408138913 0.292942444071 0.004480386877 0.004637807906 0.004824743301 0.004541742837 0.004365591874 0.004487384093 0.004235386772 0.004535241672 0.004652562625 0.004627538247 0.004951664726 0.004786227485 0.004459894229 0.004470901394 0.004342849063 0.00475575804 0.004648391396 0.004325542666 0.0 0.0 0.0 0.0 0.0 0.0 0.0 0.0 0.0 0.0 0.0 0.0 0.0 0.0 0.0 0.0 0.0 0.0 0.0 0.0 0.0 0.0 0.0 0.0 0.0 0.0 0.0 0.0 0.0 0.0 0.0 0.0 0.0
0.0 0.0 0.0 0.0 0.0 0.0 0.0 0.0 0.0 0.0 0.0 0.004272432932 0.00434081218 0.004426469599 0.004359941096 0.004480386877 0.23818952464 0.004473570383 0.004580291218 0.004437692903 0.004337501302 0.004403784685 0.004254326078 0.004395842902 0.004489362186 0.004473420428 0.004635964762 0.004550530514 0.004385192462 0.00439573202 0.00433448203 0.004533093777 0.004486820744 0.00431845716 0.0 0.0 0.0 0.0 0.0 0.0 0.0 0.0 0.0 0.0 0.0 0.0 0.0 0.0 0.0 0.0 0.0 0.0 0.0 0.0 0.0 0.0 0.0 0.0 0.0 0.0 0.0 0.0 0.0 0.0 0.0 0.0 0.0
0.0 0.0 0.0 0.0 0.0 0.0 0.0 0.0 0.0 0.0 0.0 0.004263613361 0.004380385487 0.004533113923 0.004412701156 0.004637807906 0.004473570383 0.563724075673 0.004838390731 0.00456762126 0.004363886974 0.004485053832 0.004234151482 0.00443492981 0.004653388281 0.004652381129 0.004976520483 0.004793441369 0.004470202066 0.004491193596 0.004350758449 0.004800525463 0.004687829265 0.004349361128 0.0 0.0 0.0 0.0 0.0 0.0 0.0 0.0 0.0 0.0 0.0 0.0 0.0 0.0 0.0 0.0 0.0 0.0 0.0 0.0 0.0 0.0 0.0 0.0 0.0 0.0 0.0 0.0 0.0 0.0 0.0 0.0 0.0
0.0 0.0 0.0 0.0 0.0 0.0 0.0 0.0 0.0 0.0 0.0 0.004239907304 0.004425842694 0.004668528877 0.004451688612 0.004824743301 0.004580291218 0.004838390731 0.601507176797 0.004686749352 0.004399234822 0.004602349579 0.004223137434 0.004696847554 0.004875614611 0.00484349446 0.005438461454 0.005095395336 0.00458177546 0.004573760261 0.004377909887 0.005075490549 0.004882197634 0.004337782397 0.0 0.0 0.0 0.0 0.0 0.0 0.0 0.0 0.0 0.0 0.0 0.0 0.0 0.0 0.0 0.0 0.0 0.0 0.0 0.0 0.0 0.0 0.0 0.0 0.0 0.0 0.0 0.0 0.0 0.0 0.0 0.0 0.0
0.0 0.0 0.0 0.0 0.0 0.0 0.0 0.0 0.0 0.0 0.0 0.004292212291 0.004369474822 0.004474796907 0.004404146365 0.004541742837 0.004437692903 0.00456762126 0.004686749352 0.158801519241 0.004363314004 0.004447656302 0.004260910982 0.004384371981 0.004563240839 0.00457311424 0.004772197709 0.004644193051 0.004440206827 0.004463114854 0.004370814156 0.004661520441 0.004599282377 0.004365217972 0.0 0.0 0.0 0.0 0.0 0.0 0.0 0.0 0.0 0.0 0.0 0.0 0.0 0.0 0.0 0.0 0.0 0.0 0.0 0.0 0.0 0.0 0.0 0.0 0.0 0.0 0.0 0.0 0.0 0.0 0.0 0.0 0.0
0.0 0.0 0.0 0.0 0.0 0.0 0.0 0.0 0.0 0.0 0.0 0.004283670514 0.004311948271 0.004344168424 0.004326777546 0.004365591874 0.004337501302 0.004363886974 0.004399234822 0.004363314004 0.216890623074 0.004336356297 0.004262002501 0.004360507674 0.004366396726 0.004369286504 0.004411022421 0.004385804502 0.004327826279 0.00434775905 0.004321291268 0.004381534512 0.004377225033 0.004315383323 0.0 0.0 0.0 0.0 0.0 0.0 0.0 0.0 0.0 0.0 0.0 0.0 0.0 0.0 0.0 0.0 0.0 0.0 0.0 0.0 0.0 0.0 0.0 0.0 0.0 0.0 0.0 0.0 0.0 0.0 0.0 0.0 0.0
0.0 0.0 0.0 0.0 0.0 0.0 0.0 0.0 0.0 0.0 0.0 0.004270446762 0.004343837032 0.004433869017 0.004359968285 0.004487384093 0.004403784685 0.004485053832 0.004602349579 0.004447656302 0.004336356297 0.362572133036 0.004248713929 0.004509701297 0.004505706621 0.004497134732 0.004663700321 0.004567629177 0.004396782482 0.00440385574 0.004338521677 0.004555655061 0.004504563669 0.004318549026 0.0 0.0 0.0 0.0 0.0 0.0 0.0 0.0 0.0 0.0 0.0 0.0 0.0 0.0 0.0 0.0 0.0 0.0 0.0 0.0 0.0 0.0 0.0 0.0 0.0 0.0 0.0 0.0 0.0 0.0 0.0 0.0 0.0
0.0 0.0 0.0 0.0 0.0 0.0 0.0 0.0 0.0 0.0 0.0 0.004263278145 0.004253541033 0.004242909507 0.004266866977 0.004235386772 0.004254326078 0.004234151482 0.004223137434 0.004260910982 0.004262002501 0.004248713929 0.255502592176 0.004042378877 0.004235018799 0.004242925381 0.004206921357 0.004217597924 0.004248440588 0.004264437544 0.00427413547 0.004221961911 0.004244926087 0.004272362031 0.0 0.0 0.0 0.0 0.0 0.0 0.0 0.0 0.0 0.0 0.0 0.0 0.0 0.0 0.0 0.0 0.0 0.0 0.0 0.0 0.0 0.0 0.0 0.0 0.0 0.0 0.0 0.0 0.0 0.0 0.0 0.0 0.0
0.0 0.0 0.0 0.0 0.0 0.0 0.0 0.0 0.0 0.0 0.0 0.004182909885 0.004449262395 0.004539397471 0.004368555459 0.004535241672 0.004395842902 0.00443492981 0.004696847554 0.004384371981 0.004360507674 0.004509701297 0.004042378877 129.787525799 0.00502927734 0.004807237743 0.004857847576 0.004651803562 0.004163834922 0.004490313432 0.004207996351 0.004549908912 0.004616607367 0.004275539973 0.0 0.0 0.0 0.0 0.0 0.0 0.0 0.0 0.0 0.0 0.0 0.0 0.0 0.0 0.0 0.0 0.0 0.0 0.0 0.0 0.0 0.0 0.0 0.0 0.0 0.0 0.0 0.0 0.0 0.0 0.0 0.0 0.0
0.0 0.0 0.0 0.0 0.0 0.0 0.0 0.0 0.0 0.0 0.0 0.004256343282 0.004384532491 0.004549937891 0.004403502564 0.004652562625 0.004489362186 0.004653388281 0.004875614611 0.004563240839 0.004366396726 0.004505706621 0.004235018799 0.00502927734 1.094668956 0.004657540058 0.005017174718 0.004819105271 0.004487662342 0.004486112297 0.004359127487 0.00479915709 0.004684632378 0.004328414396 0.0 0.0 0.0 0.0 0.0 0.0 0.0 0.0 0.0 0.0 0.0 0.0 0.0 0.0 0.0 0.0 0.0 0.0 0.0 0.0 0.0 0.0 0.0 0.0 0.0 0.0 0.0 0.0 0.0 0.0 0.0 0.0 0.0
0.0 0.0 0.0 0.0 0.0 0.0 0.0 0.0 0.0 0.0 0.0 0.004272390636 0.004381782268 0.004531883624 0.004416104642 0.004627538247 0.004473420428 0.004652381129 0.00484349446 0.00457311424 0.004369286504 0.004497134732 0.004242925381 0.004807237743 0.004657540058 1.54763193716 0.004969670978 0.004781220148 0.004486150597 0.004494948164 0.004369413093 0.004790820267 0.004691098112 0.004352780443 0.0 0.0 0.0 0.0 0.0 0.0 0.0 0.0 0.0 0.0 0.0 0.0 0.0 0.0 0.0 0.0 0.0 0.0 0.0 0.0 0.0 0.0 0.0 0.0 0.0 0.0 0.0 0.0 0.0 0.0 0.0 0.0 0.0
0.0 0.0 0.0 0.0 0.0 0.0 0.0 0.0 0.0 0.0 0.0 0.004220557936 0.004452020726 0.004754679436 0.004480611473 0.004951664726 0.004635964762 0.004976520483 0.005438461454 0.004772197709 0.004411022421 0.004663700321 0.004206921357 0.004857847576 0.005017174718 0.004969670978 0.286411007889 0.005312811529 0.004648370236 0.004637452889 0.004380747676 0.00530318384 0.005039017555 0.004334162167 0.0 0.0 0.0 0.0 0.0 0.0 0.0 0.0 0.0 0.0 0.0 0.0 0.0 0.0 0.0 0.0 0.0 0.0 0.0 0.0 0.0 0.0 0.0 0.0 0.0 0.0 0.0 0.0 0.0 0.0 0.0 0.0 0.0
0.0 0.0 0.0 0.0 0.0 0.0 0.0 0.0 0.0 0.0 0.0 0.004239559046 0.004416420696 0.004640770563 0.004437588225 0.004786227485 0.004550530514 0.004793441369 0.005095395336 0.004644193051 0.004385804502 0.004567629177 0.004217597924 0.004651803562 0.004819105271 0.004781220148 0.005312811529 0.372501569103 0.004543490857 0.004545164545 0.004357443627 0.004998173189 0.00482200714 0.004330004386 0.0 0.0 0.0 0.0 0.0 0.0 0.0 0.0 0.0 0.0 0.0 0.0 0.0 0.0 0.0 0.0 0.0 0.0 0.0 0.0 0.0 0.0 0.0 0.0 0.0 0.0 0.0 0.0 0.0 0.0 0.0 0.0 0.0
0.0 0.0 0.0 0.0 0.0 0.0 0.0 0.0 0.0 0.0 0.0 0.004273534659 0.00433281473 0.004413769251 0.004345905774 0.004459894229 0.004385192462 0.004470202066 0.00458177546 0.004440206827 0.004327826279 0.004396782482 0.004248440588 0.004163834922 0.004487662342 0.004486150597 0.004648370236 0.004543490857 0.326183418231 0.004399217912 0.004340905839 0.004547592582 0.00450201738 0.004322080615 0.0 0.0 0.0 0.0 0.0 0.0 0.0 0.0 0.0 0.0 0.0 0.0 0.0 0.0 0.0 0.0 0.0 0.0 0.0 0.0 0.0 0.0 0.0 0.0 0.0 0.0 0.0 0.0 0.0 0.0 0.0 0.0 0.0
0.0 0.0 0.0 0.0 0.0 0.0 0.0 0.0 0.0 0.0 0.0 0.004299051512 0.00435117058 0.004422143155 0.004377446707 0.004470901394 0.00439573202 0.004491193596 0.004573760261 0.004463114854 0.00434775905 0.00440385574 0.004264437544 0.004490313432 0.004486112297 0.004494948164 0.004637452889 0.004545164545 0.004399217912 0.320232073791 0.004359915236 0.004558330682 0.004520840543 0.004357363779 0.0 0.0 0.0 0.0 0.0 0.0 0.0 0.0 0.0 0.0 0.0 0.0 0.0 0.0 0.0 0.0 0.0 0.0 0.0 0.0 0.0 0.0 0.0 0.0 0.0 0.0 0.0 0.0 0.0 0.0 0.0 0.0 0.0
0.0 0.0 0.0 0.0 0.0 0.0 0.0 0.0 0.0 0.0 0.0 0.00430214633 0.00431411765 0.00433575744 0.00432886389 0.004342849063 0.00433448203 0.004350758449 0.004377909887 0.004370814156 0.004321291268 0.004338521677 0.00427413547 0.004207996351 0.004359127487 0.004369413093 0.004380747676 0.004357443627 0.004340905839 0.004359915236 0.242984743687 0.004369252066 0.004380101832 0.004336067856 0.0 0.0 0.0 0.0 0.0 0.0 0.0 0.0 0.0 0.0 0.0 0.0 0.0 0.0 0.0 0.0 0.0 0.0 0.0 0.0 0.0 0.0 0.0 0.0 0.0 0.0 0.0 0.0 0.0 0.0 0.0 0.0 0.0
0.0 0.0 0.0 0.0 0.0 0.0 0.0 0.0 0.0 0.0 0.0 0.004252001673 0.004406943189 0.004615729115 0.004444812996 0.00475575804 0.004533093777 0.004800525463 0.005075490549 0.004661520441 0.004381534512 0.004555655061 0.004221961911 0.004549908912 0.00479915709 0.004790820267 0.00530318384 0.004998173189 0.004547592582 0.004558330682 0.004369252066 0.412844660573 0.004846886594 0.004356294185 0.0 0.0 0.0 0.0 0.0 0.0 0.0 0.0 0.0 0.0 0.0 0.0 0.0 0.0 0.0 0.0 0.0 0.0 0.0 0.0 0.0 0.0 0.0 0.0 0.0 0.0 0.0 0.0 0.0 0.0 0.0 0.0 0.0
0.0 0.0 0.0 0.0 0.0 0.0 0.0 0.0 0.0 0.0 0.0 0.004278673792 0.004392299233 0.00454723875 0.004427133032 0.004648391396 0.004486820744 0.004687829265 0.004882197634 0.004599282377 0.004377225033 0.004504563669 0.004244926087 0.004616607367 0.004684632378 0.004691098112 0.005039017555 0.00482200714 0.00450201738 0.004520840543 0.004380101832 0.004846886594 0.32950215453 0.004370743937 0.0 0.0 0.0 0.0 0.0 0.0 0.0 0.0 0.0 0.0 0.0 0.0 0.0 0.0 0.0 0.0 0.0 0.0 0.0 0.0 0.0 0.0 0.0 0.0 0.0 0.0 0.0 0.0 0.0 0.0 0.0 0.0 0.0
0.0 0.0 0.0 0.0 0.0 0.0 0.0 0.0 0.0 0.0 0.0 0.004305729244 0.00430795304 0.004317383479 0.00433520734 0.004325542666 0.00431845716 0.004349361128 0.004337782397 0.004365217972 0.004315383323 0.004318549026 0.004272362031 0.004275539973 0.004328414396 0.004352780443 0.004334162167 0.004330004386 0.004322080615 0.004357363779 0.004336067856 0.004356294185 0.004370743937 0.248233799603 0.0 0.0 0.0 0.0 0.0 0.0 0.0 0.0 0.0 0.0 0.0 0.0 0.0 0.0 0.0 0.0 0.0 0.0 0.0 0.0 0.0 0.0 0.0 0.0 0.0 0.0 0.0 0.0 0.0 0.0 0.0 0.0 0.0
0.0 0.0 0.0 0.0 0.0 0.0 0.0 0.0 0.0 0.0 0.0 0.0 0.0 0.0 0.0 0.0 0.0 0.0 0.0 0.0 0.0 0.0 0.0 0.0 0.0 0.0 0.0 0.0 0.0 0.0 0.0 0.0 0.0 0.0 0.167970763072 0.004207826499 0.00423330132 0.00415848731 0.00415213264 0.004465869447 0.004059843985 0.004122230553 0.004138786437 0.004352966366 0.004131179318 0.004266891366 0.004109956797 0.003990757228 0.00398266463 0.004097894176 0.004230955726 0.004342694588 0.004170949726 0.004069042973 0.00435470132 0.004214843755 0.004264453934 0.0 0.0 0.0 0.0 0.0 0.0 0.0 0.0 0.0 0.0
0.0 0.0 0.0 0.0 0.0 0.0 0.0 0.0 0.0 0.0 0.0 0.0 0.0 0.0 0.0 0.0 0.0 0.0 0.0 0.0 0.0 0.0 0.0 0.0 0.0 0.0 0.0 0.0 0.0 0.0 0.0 0.0 0.0 0.0 0.004207826499 0.463054199718 0.004606883648 0.004641831961 0.004669341584 0.004133412015 0.004812231927 0.004685629689 0.004698788216 0.004376921483 0.004690002926 0.00449821722 0.004681182413 0.00483147384 0.00488468084 0.004737299214 0.004556360517 0.004409671135 0.004669810471 0.004709263616 0.004386148984 0.004534846215 0.004475830106 0.0 0.0 0.0 0.0 0.0 0.0 0.0 0.0 0.0 0.0
0.0 0.0 0.0 0.0 0.0 0.0 0.0 0.0 0.0 0.0 0.0 0.0 0.0 0.0 0.0 0.0 0.0 0.0 0.0 0.0 0.0 0.0 0.0 0.0 0.0 0.0 0.0 0.0 0.0 0.0 0.0 0.0 0.0 0.0 0.00423330132 0.004606883648 0.329171162019 0.00465338889 0.004692627704 0.004149761127 0.004820252445 0.004696528254 0.004722448742 0.004413473236 0.004713801078 0.004513192925 0.004684259447 0.004837409834 0.004881766191 0.004748043378 0.004576262214 0.004434266015 0.004706074325 0.00472294376 0.004406481869 0.004559568862 0.00449536818 0.0 0.0 0.0 0.0 0.0 0.0 0.0 0.0 0.0 0.0
0.0 0.0 0.0 0.0 0.0 0.0 0.0 0.0 0.0 0.0 0.0 0.0 0.0 0.0 0.0 0.0 0.0 0.0 0.0 0.0 0.0 0.0 0.0 0.0 0.0 0.0 0.0 0.0 0.0 0.0 0.0 0.0 0.0 0.0 0.00415848731 0.004641831961 0.00465338889 0.252209768043 0.004757126129 0.004080126673 0.004953698324 0.004791648148 0.004796151868 0.004393984042 0.004791684176 0.004523025114 0.004753663875 0.005006664416 0.005041498139 0.004846737046 0.004590410284 0.004406851592 0.004769808259 0.004823662673 0.00436684273 0.004575667854 0.004517365697 0.0 0.0 0.0 0.0 0.0 0.0 0.0 0.0 0.0 0.0
0.0 0.0 0.0 0.0 0.0 0.0 0.0 0.0 0.0 0.0 0.0 0.0 0.0 0.0 0.0 0.0 0.0 0.0 0.0 0.0 0.0 0.0 0.0 0.0 0.0 0.0 0.0 0.0 0.0 0.0 0.0 0.0 0.0 0.0 0.00415213264 0.004669341584 0.004692627704 0.004757126129 0.680236653334 0.004052968332 0.005036853281 0.004830554023 0.004900582808 0.00444718411 0.004899004455 0.004532836473 0.004814849406 0.005158076419 0.005183691181 0.004925695469 0.004641190033 0.004426136074 0.004931019493 0.004968686376 0.004377893049 0.004673710427 0.004528919076 0.0 0.0 0.0 0.0 0.0 0.0 0.0 0.0 0.0 0.0
0.0 0.0 0.0 0.0 0.0 0.0 0.0 0.0 0.0 0.0 0.0 0.0 0.0 0.0 0.0 0.0 0.0 0.0 0.0 0.0 0.0 0.0 0.0 0.0 0.0 0.0 0.0 0.0 0.0 0.0 0.0 0.0 0.0 0.0 0.004465869447 0.004133412015 0.004149761127 0.004080126673 0.004052968332 0.23281875502 0.003974156651 0.004035508515 0.004035701626 0.004305853336 0.004034999342 0.004201935809 0.004020544727 0.003875049924 0.003863481001 0.003997678387 0.00415075712 0.004289842366 0.004061782135 0.003964959758 0.00430823505 0.004127357727 0.004206078178 0.0 0.0 0.0 0.0 0.0 0.0 0.0 0.0 0.0 0.0
0.0 0.0 0.0 0.0 0.0 0.0 0.0 0.0 0.0 0.0 0.0 0.0 0.0 0.0 0.0 0.0 0.0 0.0 0.0 0.0 0.0 0.0 0.0 0.0 0.0 0.0 0.0 0.0 0.0 0.0 0.0 0.0 0.0 0.0 0.004059843985 0.004812231927 0.004820252445 0.004953698324 0.005036853281 0.003974156651 3.89926515817 0.005054674592 0.005094573842 0.004433087722 0.005130091189 0.004602896889 0.00500761684 0.005484087261 0.005545744733 0.005152416085 0.004719359083 0.004424833173 0.005074787934 0.005170867006 0.004364552703 0.004686533059 0.004594998741 0.0 0.0 0.0 0.0 0.0 0.0 0.0 0.0 0.0 0.0
0.0 0.0 0.0 0.0 0.0 0.0 0.0 0.0 0.0 0.0 0.0 0.0 0.0 0.0 0.0 0.0 0.0 0.0 0.0 0.0 0.0 0.0 0.0 0.0 0.0 0.0 0.0 0.0 0.0 0.0 0.0 0.0 0.0 0.0 0.004122230553 0.004685629689 0.004696528254 0.004791648148 0.004830554023 0.004035508515 0.005054674592 0.487386342468 0.004877281123 0.004399556233 0.004866881526 0.004551343984 0.004826573847 0.005145431208 0.005177882298 0.004942556259 0.00462701836 0.004408446437 0.004857363287 0.004921953351 0.004360529945 0.004616933618 0.004548130713 0.0 0.0 0.0 0.0 0.0 0.0 0.0 0.0 0.0 0.0
0.0 0.0 0.0 0.0 0.0 0.0 0.0 0.0 0.0 0.0 0.0 0.0 0.0 0.0 0.0 0.0 0.0 0.0 0.0 0.0 0.0 0.0 0.0 0.0 0.0 0.0 0.0 0.0 0.0 0.0 0.0 0.0 0.0 0.0 0.004138786437 0.004698788216 0.004722448742 0.004796151868 0.004900582808 0.004035701626 0.005094573842 0.004877281123 0.882717414757 0.004451398845 0.004933558114 0.004555778527 0.004854751076 0.005206396886 0.005234710508 0.004971659482 0.00466288676 0.004433150781 0.004961647954 0.004998562742 0.004382617269 0.004685988443 0.00454847104 0.0 0.0 0.0 0.0 0.0 0.0 0.0 0.0 0.0 0.0
0.0 0.0 0.0 0.0 0.0 0.0 0.0 0.0 0.0 0.0 0.0 0.0 0.0 0.0 0.0 0.0 0.0 0.0 0.0 0.0 0.0 0.0 0.0 0.0 0.0 0.0 0.0 0.0 0.0 0.0 0.0 0.0 0.0 0.0 0.004352966366 0.004376921483 0.004413473236 0.004393984042 0.00444718411 0.004305853336 0.004433087722 0.004399556233 0.004451398845 0.22613417108 0.004444906315 0.004375689918 0.004365093119 0.004437083117 0.004413379951 0.004413780308 0.004393647665 0.004390948101 0.004513988633 0.004416010415 0.004367774116 0.004419025048 0.004388132104 0.0 0.0 0.0 0.0 0.0 0.0 0.0 0.0 0.0 0.0
0.0 0.0 0.0 0.0 0.0 0.0 0.0 0.0 0.0 0.0 0.0 0.0 0.0 0.0 0.0 0.0 0.0 0.0 0.0 0.0 0.0 0.0 0.0 0.0 0.0 0.0 0.0 0.0 0.0 0.0 0.0 0.0 0.0 0.0 0.004131179318 0.004690002926 0.004713801078 0.004791684176 0.004899004455 0.004034999342 0.005130091189 0.004866881526 0.004933558114 0.004444906315 0.656534344777 0.004546523958 0.004842186496 0.005204073279 0.005232885916 0.004960532051 0.004653014958 0.004422084183 0.004948352478 0.005003819196 0.004369049771 0.004672170033 0.004539708159 0.0 0.0 0.0 0.0 0.0 0.0 0.0 0.0 0.0 0.0
0.0 0.0 0.0 0.0 0.0 0.0 0.0 0.0 0.0 0.0 0.0 0.0 0.0 0.0 0.0 0.0 0.0 0.0 0.0 0.0 0.0 0.0 0.0 0.0 0.0 0.0 0.0 0.0 0.0 0.0 0.0 0.0 0.0 0.0 0.004266891366 0.00449821722 0.004513192925 0.004523025114 0.004532836473 0.004201935809 0.004602896889 0.004551343984 0.004555778527 0.004375689918 0.004546523958 0.384088907294 0.004538074771 0.004618152261 0.004652489089 0.004576438409 0.004481213846 0.004398160943 0.004535983132 0.004544892017 0.004382480724 0.004457006914 0.004437760656 0.0 0.0 0.0 0.0 0.0 0.0 0.0 0.0 0.0 0.0
0.0 0.0 0.0 0.0 0.0 0.0 0.0 0.0 0.0 0.0 0.0 0.0 0.0 0.0 0.0 0.0 0.0 0.0 0.0 0.0 0.0 0.0 0.0 0.0 0.0 0.0 0.0 0.0 0.0 0.0 0.0 0.0 0.0 0.0 0.004109956797 0.004681182413 0.004684259447 0.004753663875 0.004814849406 0.004020544727 0.00500761684 0.004826573847 0.004854751076 0.004365093119 0.004842186496 0.004538074771 1.26876900513 0.005081704339 0.005152257017 0.004915260962 0.004634105255 0.004399974751 0.004816668306 0.004922839493 0.004368027083 0.004630340672 0.004507034708 0.0 0.0 0.0 0.0 0.0 0.0 0.0 0.0 0.0 0.0
0.0 0.0 0.0 0.0 0.0 0.0 0.0 0.0 0.0 0.0 0.0 0.0 0.0 0.0 0.0 0.0 0.0 0.0 0.0 0.0 0.0 0.0 0.0 0.0 0.0 0.0 0.0 0.0 0.0 0.0 0.0 0.0 0.0 0.0 0.003990757228 0.00483147384 0.004837409834 0.005006664416 0.005158076419 0.003875049924 0.005484087261 0.005145431208 0.005206396886 0.004437083117 0.005204073279 0.004618152261 0.005081704339 2.44915403862 0.005891195787 0.005289042074 0.00475665366 0.004413103429 0.005278285427 0.005367012059 0.004336535512 0.004804826615 0.004621849727 0.0 0.0 0.0 0.0 0.0 0.0 0.0 0.0 0.0 0.0
0.0 0.0 0.0 0.0 0.0 0.0 0.0 0.0 0.0 0.0 0.0 0.0 0.0 0.0 0.0 0.0 0.0 0.0 0.0 0.0 0.0 0.0 0.0 0.0 0.0 0.0 0.0 0.0 0.0 0.0 0.0 0.0 0.0 0.0 0.00398266463 0.00488468084 0.004881766191 0.005041498139 0.005183691181 0.003863481001 0.005545744733 0.005177882298 0.005234710508 0.004413379951 0.005232885916 0.004652489089 0.005152257017 0.005891195787 0.435431753358 0.005341948931 0.004799096607 0.004427287962 0.005250822906 0.005402586893 0.004360692639 0.004828390422 0.004628598076 0.0 0.0 0.0 0.0 0.0 0.0 0.0 0.0 0.0 0.0
0.0 0.0 0.0 0.0 0.0 0.0 0.0 0.0 0.0 0.0 0.0 0.0 0.0 0.0 0.0 0.0 0.0 0.0 0.0 0.0 0.0 0.0 0.0 0.0 0.0 0.0 0.0 0.0 0.0 0.0 0.0 0.0 0.0 0.0 0.004097894176 0.004737299214 0.004748043378 0.004846737046 0.004925695469 0.003997678387 0.005152416085 0.004942556259 0.004971659482 0.004413780308 0.004960532051 0.004576438409 0.004915260962 0.005289042074 0.005341948931 0.299501505402 0.004680351479 0.004421701809 0.004963643355 0.005049877584 0.004370933542 0.004689793111 0.004563153361 0.0 0.0 0.0 0.0 0.0 0.0 0.0 0.0 0.0 0.0
0.0 0.0 0.0 0.0 0.0 0.0 0.0 0.0 0.0 0.0 0.0 0.0 0.0 0.0 0.0 0.0 0.0 0.0 0.0 0.0 0.0 0.0 0.0 0.0 0.0 0.0 0.0 0.0 0.0 0.0 0.0 0.0 0.0 0.0 0.004230955726 0.004556360517 0.004576262214 0.004590410284 0.004641190033 0.00415075712 0.004719359083 0.00462701836 0.00466288676 0.004393647665 0.004653014958 0.004481213846 0.004634105255 0.00475665366 0.004799096607 0.004680351479 0.277301605084 0.004412631464 0.004649852425 0.004678380016 0.004389831863 0.004542442643 0.00446179449 0.0 0.0 0.0 0.0 0.0 0.0 0.0 0.0 0.0 0.0
0.0 0.0 0.0 0.0 0.0 0.0 0.0 0.0 0.0 0.0 0.0 0.0 0.0 0.0 0.0 0.0 0.0 0.0 0.0 0.0 0.0 0.0 0.0 0.0 0.0 0.0 0.0 0.0 0.0 0.0 0.0 0.0 0.0 0.0 0.004342694588 0.004409671135 0.004434266015 0.004406851592 0.004426136074 0.004289842366 0.004424833173 0.004408446437 0.004433150781 0.004390948101 0.004422084183 0.004398160943 0.004399974751 0.004413103429 0.004427287962 0.004421701809 0.004412631464 0.210928050514 0.004440040902 0.004397528467 0.0043887048 0.004403852911 0.004388326011 0.0 0.0 0.0 0.0 0.0 0.0 0.0 0.0 0.0 0.0
0.0 0.0 0.0 0.0 0.0 0.0 0.0 0.0 0.0 0.0 0.0 0.0 0.0 0.0 0.0 0.0 0.0 0.0 0.0 0.0 0.0 0.0 0.0 0.0 0.0 0.0 0.0 0.0 0.0 0.0 0.0 0.0 0.0 0.0 0.004170949726 0.004669810471 0.004706074325 0.004769808259 0.004931019493 0.004061782135 0.005074787934 0.004857363287 0.004961647954 0.004513988633 0.004948352478 0.004535983132 0.004816668306 0.005278285427 0.005250822906 0.004963643355 0.004649852425 0.004440040902 0.378947198382 0.005024295681 0.004381828185 0.004710945062 0.004539405898 0.0 0.0 0.0 0.0 0.0 0.0 0.0 0.0 0.0 0.0
0.0 0.0 0.0 0.0 0.0 0.0 0.0 0.0 0.0 0.0 0.0 0.0 0.0 0.0 0.0 0.0 0.0 0.0 0.0 0.0 0.0 0.0 0.0 0.0 0.0 0.0 0.0 0.0 0.0 0.0 0.0 0.0 0.0 0.0 0.004069042973 0.004709263616 0.00472294376 0.004823662673 0.004968686376 0.003964959758 0.005170867006 0.004921953351 0.004998562742 0.004416010415 0.005003819196 0.004544892017 0.004922839493 0.005367012059 0.005402586893 0.005049877584 0.004678380016 0.004397528467 0.005024295681 1.62130403484 0.004340333898 0.004734597926 0.004539523928 0.0 0.0 0.0 0.0 0.0 0.0 0.0 0.0 0.0 0.0
0.0 0.0 0.0 0.0 0.0 0.0 0.0 0.0 0.0 0.0 0.0 0.0 0.0 0.0 0.0 0.0 0.0 0.0 0.0 0.0 0.0 0.0 0.0 0.0 0.0 0.0 0.0 0.0 0.0 0.0 0.0 0.0 0.0 0.0 0.00435470132 0.004386148984 0.004406481869 0.00436684273 0.004377893049 0.00430823505 0.004364552703 0.004360529945 0.004382617269 0.004367774116 0.004369049771 0.004382480724 0.004368027083 0.004336535512 0.004360692639 0.004370933542 0.004389831863 0.0043887048 0.004381828185 0.004340333898 0.184827215611 0.004373899932 0.004362741167 0.0 0.0 0.0 0.0 0.0 0.0 0.0 0.0 0.0 0.0
0.0 0.0 0.0 0.0 0.0 0.0 0.0 0.0 0.0 0.0 0.0 0.0 0.0 0.0 0.0 0.0 0.0 0.0 0.0 0.0 0.0 0.0 0.0 0.0 0.0 0.0 0.0 0.0 0.0 0.0 0.0 0.0 0.0 0.0 0.004214843755 0.004534846215 0.004559568862 0.004575667854 0.004673710427 0.004127357727 0.004686533059 0.004616933618 0.004685988443 0.004419025048 0.004672170033 0.004457006914 0.004630340672 0.004804826615 0.004828390422 0.004689793111 0.004542442643 0.004403852911 0.004710945062 0.004734597926 0.004373899932 0.246791335295 0.004452444495 0.0 0.0 0.0 0.0 0.0 0.0 0.0 0.0 0.0 0.0
0.0 0.0 0.0 0.0 0.0 0.0 0.0 0.0 0.0 0.0 0.0 0.0 0.0 0.0 0.0 0.0 0.0 0.0 0.0 0.0 0.0 0.0 0.0 0.0 0.0 0.0 0.0 0.0 0.0 0.0 0.0 0.0 0.0 0.0 0.004264453934 0.004475830106 0.00449536818 0.004517365697 0.004528919076 0.004206078178 0.004594998741 0.004548130713 0.00454847104 0.004388132104 0.004539708159 0.004437760656 0.004507034708 0.004621849727 0.004628598076 0.004563153361 0.00446179449 0.004388326011 0.004539405898 0.004539523928 0.004362741167 0.004452444495 0.365459514095 0.0 0.0 0.0 0.0 0.0 0.0 0.0 0.0 0.0 0.0
0.0 0.0 0.0 0.0 0.0 0.0 0.0 0.0 0.0 0.0 0.0 0.0 0.0 0.0 0.0 0.0 0.0 0.0 0.0 0.0 0.0 0.0 0.0 0.0 0.0 0.0 0.0 0.0 0.0 0.0 0.0 0.0 0.0 0.0 0.0 0.0 0.0 0.0 0.0 0.0 0.0 0.0 0.0 0.0 0.0 0.0 0.0 0.0 0.0 0.0 0.0 0.0 0.0 0.0 0.0 0.0 0.0 0.482951358203 0.006303615636 0.006218316294 0.006285706608 0.006277024106 0.006313989569 0.006317088866 0.006234501191 0.006288529144 0.006304389717
0.0 0.0 0.0 0.0 0.0 0.0 0.0 0.0 0.0 0.0 0.0 0.0 0.0 0.0 0.0 0.0 0.0 0.0 0.0 0.0 0.0 0.0 0.0 0.0 0.0 0.0 0.0 0.0 0.0 0.0 0.0 0.0 0.0 0.0 0.0 0.0 0.0 0.0 0.0 0.0 0.0 0.0 0.0 0.0 0.0 0.0 0.0 0.0 0.0 0.0 0.0 0.0 0.0 0.0 0.0 0.0 0.0 0.006303615636 0.785169796649 0.006260622478 0.006650318123 0.007251519132 0.006629769812 0.006615325075 0.007247988361 0.007247286208 0.006292388034
0.0 0.0 0.0 0.0 0.0 0.0 0.0 0.0 0.0 0.0 0.0 0.0 0.0 0.0 0.0 0.0 0.0 0.0 0.0 0.0 0.0 0.0 0.0 0.0 0.0 0.0 0.0 0.0 0.0 0.0 0.0 0.0 0.0 0.0 0.0 0.0 0.0 0.0 0.0 0.0 0.0 0.0 0.0 0.0 0.0 0.0 0.0 0.0 0.0 0.0 0.0 0.0 0.0 0.0 0.0 0.0 0.0 0.006218316294 0.006260622478 0.631876835253 0.006257012069 0.006248481244 0.006250046547 0.006226441765 0.006287330033 0.006248232837 0.006199446128
0.0 0.0 0.0 0.0 0.0 0.0 0.0 0.0 0.0 0.0 0.0 0.0 0.0 0.0 0.0 0.0 0.0 0.0 0.0 0.0 0.0 0.0 0.0 0.0 0.0 0.0 0.0 0.0 0.0 0.0 0.0 0.0 0.0 0.0 0.0 0.0 0.0 0.0 0.0 0.0 0.0 0.0 0.0 0.0 0.0 0.0 0.0 0.0 0.0 0.0 0.0 0.0 0.0 0.0 0.0 0.0 0.0 0.006285706608 0.006650318123 0.006257012069 0.602865002119 0.00675884426 0.006466185213 0.006488698958 0.006743641136 0.00673516119 0.006334467567
0.0 0.0 0.0 0.0 0.0 0.0 0.0 0.0 0.0 0.0 0.0 0.0 0.0 0.0 0.0 0.0 0.0 0.0 0.0 0.0 0.0 0.0 0.0 0.0 0.0 0.0 0.0 0.0 0.0 0.0 0.0 0.0 0.0 0.0 0.0 0.0 0.0 0.0 0.0 0.0 0.0 0.0 0.0 0.0 0.0 0.0 0.0 0.0 0.0 0.0 0.0 0.0 0.0 0.0 0.0 0.0 0.0 0.006277024106 0.007251519132 0.006248481244 0.00675884426 0.987185862866 0.006680076986 0.006752506823 0.007528933908 0.007495049772 0.006391736735
0.0 0.0 0.0 0.0 0.0 0.0 0.0 0.0 0.0 0.0 0.0 0.0 0.0 0.0 0.0 0.0 0.0 0.0 0.0 0.0 0.0 0.0 0.0 0.0 0.0 0.0 0.0 0.0 0.0 0.0 0.0 0.0 0.0 0.0 0.0 0.0 0.0 0.0 0.0 0.0 0.0 0.0 0.0 0.0 0.0 0.0 0.0 0.0 0.0 0.0 0.0 0.0 0.0 0.0 0.0 0.0 0.0 0.006313989569 0.006629769812 0.006250046547 0.006466185213 0.006680076986 0.584389120077 0.006480116616 0.006654214082 0.006669124059 0.006339040401
0.0 0.0 0.0 0.0 0.0 0.0 0.0 0.0 0.0 0.0 0.0 0.0 0.0 0.0 0.0 0.0 0.0 0.0 0.0 0.0 0.0 0.0 0.0 0.0 0.0 0.0 0.0 0.0 0.0 0.0 0.0 0.0 0.0 0.0 0.0 0.0 0.0 0.0 0.0 0.0 0.0 0.0 0.0 0.0 0.0 0.0 0.0 0.0 0.0 0.0 0.0 0.0 0.0 0.0 0.0 0.0 0.0 0.006317088866 0.006615325075 0.006226441765 0.006488698958 0.006752506823 0.006480116616 0.555430615055 0.006674447357 0.006730836915 0.006431385564
0.0 0.0 0.0 0.0 0.0 0.0 0.0 0.0 0.0 0.0 0.0 0.0 0.0 0.0 0.0 0.0 0.0 0.0 0.0 0.0 0.0 0.0 0.0 0.0 0.0 0.0 0.0 0.0 0.0 0.0 0.0 0.0 0.0 0.0 0.0 0.0 0.0 0.0 0.0 0.0 0.0 0.0 0.0 0.0 0.0 0.0 0.0 0.0 0.0 0.0 0.0 0.0 0.0 0.0 0.0 0.0 0.0 0.006234501191 0.007247988361 0.006287330033 0.006743641136 0.007528933908 0.006654214082 0.006674447357 4.68381471401 0.007493479872 0.006270094681
0.0 0.0 0.0 0.0 0.0 0.0 0.0 0.0 0.0 0.0 0.0 0.0 0.0 0.0 0.0 0.0 0.0 0.0 0.0 0.0 0.0 0.0 0.0 0.0 0.0 0.0 0.0 0.0 0.0 0.0 0.0 0.0 0.0 0.0 0.0 0.0 0.0 0.0 0.0 0.0 0.0 0.0 0.0 0.0 0.0 0.0 0.0 0.0 0.0 0.0 0.0 0.0 0.0 0.0 0.0 0.0 0.0 0.006288529144 0.007247286208 0.006248232837 0.00673516119 0.007495049772 0.006669124059 0.006730836915 0.007493479872 1.49024771457 0.006370257592
0.0 0.0 0.0 0.0 0.0 0.0 0.0 0.0 0.0 0.0 0.0 0.0 0.0 0.0 0.0 0.0 0.0 0.0 0.0 0.0 0.0 0.0 0.0 0.0 0.0 0.0 0.0 0.0 0.0 0.0 0.0 0.0 0.0 0.0 0.0 0.0 0.0 0.0 0.0 0.0 0.0 0.0 0.0 0.0 0.0 0.0 0.0 0.0 0.0 0.0 0.0 0.0 0.0 0.0 0.0 0.0 0.0 0.006304389717 0.006292388034 0.006199446128 0.006334467567 0.006391736735 0.006339040401 0.006431385564 0.006270094681 0.006370257592 0.417020888606
