106 106
0.312841500668 0.01156363939 0.01112943623 0.01147668777 0.01167349947 0.01150024468 0.01173235422 0.0121240711 0.01189415149 0.01171519379 0.01144136493 0.01136797736 0.01131341588 0.01196051967 0.01163874833 0.01203592944 0.01155411644 0.01116457972 0.01112958952 0.01133128396 0.01137031752 0.01190886178 0.01164540809 0.0114488764 0.01136494194 0.01172801073 0.0 0.0 0.0 0.0 0.0 0.0 0.0 0.0 0.0 0.0 0.0 0.0 0.0 0.0 0.0 0.0 0.0 0.0 0.0 0.0 0.0 0.0 0.0 0.0 0.0 0.0 0.0 0.0 0.0 0.0 0.0 0.0 0.0 0.0 0.0 0.0 0.0 0.0 0.0 0.0 0.0 0.0 0.0 0.0 0.0 0.0 0.0 0.0 0.0 0.0 0.0 0.0 0.0 0.0 0.0 0.0 0.0 0.0 0.0 0.0 0.0 0.0 0.0 0.0 0.0 0.0 0.0 0.0 0.0 0.0 0.0 0.0 0.0 0.0 0.0 0.0 0.0 0.0 0.0 0.0
0.01156363939 1.31347291767 0.01220748422 0.01174928249 0.01168908705 0.01171986398 0.01162860308 0.01151932347 0.01140796416 0.01169053306 0.01186980944 0.01193680996 0.01212236336 0.01130405986 0.01173054617 0.01103855788 0.0116233981 0.01213807649 0.01220800976 0.0119707881 0.01186226009 0.01169780442 0.01179302845 0.01202176344 0.01202291566 0.01180503688 0.0 0.0 0.0 0.0 0.0 0.0 0.0 0.0 0.0 0.0 0.0 0.0 0.0 0.0 0.0 0.0 0.0 0.0 0.0 0.0 0.0 0.0 0.0 0.0 0.0 0.0 0.0 0.0 0.0 0.0 0.0 0.0 0.0 0.0 0.0 0.0 0.0 0.0 0.0 0.0 0.0 0.0 0.0 0.0 0.0 0.0 0.0 0.0 0.0 0.0 0.0 0.0 0.0 0.0 0.0 0.0 0.0 0.0 0.0 0.0 0.0 0.0 0.0 0.0 0.0 0.0 0.0 0.0 0.0 0.0 0.0 0.0 0.0 0.0 0.0 0.0 0.0 0.0 0.0 0.0
0.01112943623 0.01220748422 6.95664469828 0.01235369426 0.01148292296 0.01220693498 0.01148272609 0.009931605125 0.01069707887 0.01152427406 0.0126664741 0.01303579714 0.01358511981 0.01029287733 0.01179941647 0.009770951245 0.01201350252 0.01469309645 0.01487137048 0.01329259254 0.01290233458 0.01107573944 0.01207660749 0.01291711516 0.01329169731 0.01174399003 0.0 0.0 0.0 0.0 0.0 0.0 0.0 0.0 0.0 0.0 0.0 0.0 0.0 0.0 0.0 0.0 0.0 0.0 0.0 0.0 0.0 0.0 0.0 0.0 0.0 0.0 0.0 0.0 0.0 0.0 0.0 0.0 0.0 0.0 0.0 0.0 0.0 0.0 0.0 0.0 0.0 0.0 0.0 0.0 0.0 0.0 0.0 0.0 0.0 0.0 0.0 0.0 0.0 0.0 0.0 0.0 0.0 0.0 0.0 0.0 0.0 0.0 0.0 0.0 0.0 0.0 0.0 0.0 0.0 0.0 0.0 0.0 0.0 0.0 0.0 0.0 0.0 0.0 0.0 0.0
0.01147668777 0.01174928249 0.01235369426 0.42313524165 0.01156024282 0.01188205661 0.01159493268 0.01101807518 0.01137473725 0.01158893838 0.0119388284 0.01204407412 0.01211518981 0.01116247264 0.01167854539 0.01101080926 0.01189328916 0.01235406908 0.01239540157 0.01211116306 0.01204119849 0.0114428271 0.01175358578 0.01195482103 0.0120729981 0.01167934234 0.0 0.0 0.0 0.0 0.0 0.0 0.0 0.0 0.0 0.0 0.0 0.0 0.0 0.0 0.0 0.0 0.0 0.0 0.0 0.0 0.0 0.0 0.0 0.0 0.0 0.0 0.0 0.0 0.0 0.0 0.0 0.0 0.0 0.0 0.0 0.0 0.0 0.0 0.0 0.0 0.0 0.0 0.0 0.0 0.0 0.0 0.0 0.0 0.0 0.0 0.0 0.0 0.0 0.0 0.0 0.0 0.0 0.0 0.0 0.0 0.0 0.0 0.0 0.0 0.0 0.0 0.0 0.0 0.0 0.0 0.0 0.0 0.0 0.0 0.0 0.0 0.0 0.0 0.0 0.0
0.01167349947 0.01168908705 0.01148292296 0.01156024282 0.386832184657 0.01156384866 0.01164502401 0.01180870573 0.0116452496 0.01168051716 0.01158487049 0.01154795682 0.01156597812 0.01171717851 0.01166268973 0.01164366185 0.01150192437 0.01149215249 0.01145090591 0.0115290801 0.01152889424 0.011698823 0.01165004971 0.01161988052 0.01156755472 0.01165302283 0.0 0.0 0.0 0.0 0.0 0.0 0.0 0.0 0.0 0.0 0.0 0.0 0.0 0.0 0.0 0.0 0.0 0.0 0.0 0.0 0.0 0.0 0.0 0.0 0.0 0.0 0.0 0.0 0.0 0.0 0.0 0.0 0.0 0.0 0.0 0.0 0.0 0.0 0.0 0.0 0.0 0.0 0.0 0.0 0.0 0.0 0.0 0.0 0.0 0.0 0.0 0.0 0.0 0.0 0.0 0.0 0.0 0.0 0.0 0.0 0.0 0.0 0.0 0.0 0.0 0.0 0.0 0.0 0.0 0.0 0.0 0.0 0.0 0.0 0.0 0.0 0.0 0.0 0.0 0.0
0.01150024468 0.01171986398 0.01220693498 0.01188205661 0.01156384866 0.589935877522 0.01160315786 0.01110043993 0.01141912402 0.01159459434 0.01189080213 0.01198108773 0.01202309295 0.01121809656 0.01167349135 0.0110874896 0.01188912457 0.0122034153 0.01224689302 0.01203494218 0.011985395 0.01147190721 0.01173195548 0.01189554885 0.0119934436 0.01168201055 0.0 0.0 0.0 0.0 0.0 0.0 0.0 0.0 0.0 0.0 0.0 0.0 0.0 0.0 0.0 0.0 0.0 0.0 0.0 0.0 0.0 0.0 0.0 0.0 0.0 0.0 0.0 0.0 0.0 0.0 0.0 0.0 0.0 0.0 0.0 0.0 0.0 0.0 0.0 0.0 0.0 0.0 0.0 0.0 0.0 0.0 0.0 0.0 0.0 0.0 0.0 0.0 0.0 0.0 0.0 0.0 0.0 0.0 0.0 0.0 0.0 0.0 0.0 0.0 0.0 0.0 0.0 0.0 0.0 0.0 0.0 0.0 0.0 0.0 0.0 0.0 0.0 0.0 0.0 0.0
0.01173235422 0.01162860308 0.01148272609 0.01159493268 0.01164502401 0.01160315786 0.357214275785 0.0118531325 0.01177304847 0.01168885432 0.01158465284 0.01155796353 0.01155694143 0.01175969664 0.01165850405 0.01177254363 0.01165558393 0.01152550546 0.01150945867 0.01155702492 0.01154915307 0.01181404334 0.0117035152 0.01161521126 0.01158254604 0.0117433826 0.0 0.0 0.0 0.0 0.0 0.0 0.0 0.0 0.0 0.0 0.0 0.0 0.0 0.0 0.0 0.0 0.0 0.0 0.0 0.0 0.0 0.0 0.0 0.0 0.0 0.0 0.0 0.0 0.0 0.0 0.0 0.0 0.0 0.0 0.0 0.0 0.0 0.0 0.0 0.0 0.0 0.0 0.0 0.0 0.0 0.0 0.0 0.0 0.0 0.0 0.0 0.0 0.0 0.0 0.0 0.0 0.0 0.0 0.0 0.0 0.0 0.0 0.0 0.0 0.0 0.0 0.0 0.0 0.0 0.0 0.0 0.0 0.0 0.0 0.0 0.0 0.0 0.0 0.0 0.0
0.0121240711 0.01151932347 0.009931605125 0.01101807518 0.01180870573 0.01110043993 0.0118531325 0.256573036059 0.01235325743 0.01186055204 0.01093889434 0.01071215818 0.01059119219 0.01275350767 0.01159943318 0.01295725327 0.01116156009 0.009914529125 0.00988600459 0.01057308424 0.01070445604 0.01251642105 0.01154041664 0.01101595183 0.01068537609 0.01184319716 0.0 0.0 0.0 0.0 0.0 0.0 0.0 0.0 0.0 0.0 0.0 0.0 0.0 0.0 0.0 0.0 0.0 0.0 0.0 0.0 0.0 0.0 0.0 0.0 0.0 0.0 0.0 0.0 0.0 0.0 0.0 0.0 0.0 0.0 0.0 0.0 0.0 0.0 0.0 0.0 0.0 0.0 0.0 0.0 0.0 0.0 0.0 0.0 0.0 0.0 0.0 0.0 0.0 0.0 0.0 0.0 0.0 0.0 0.0 0.0 0.0 0.0 0.0 0.0 0.0 0.0 0.0 0.0 0.0 0.0 0.0 0.0 0.0 0.0 0.0 0.0 0.0 0.0 0.0 0.0
0.01189415149 0.01140796416 0.01069707887 0.01137473725 0.0116452496 0.01141912402 0.01177304847 0.01235325743 0.366906808376 0.01170916873 0.01127298469 0.01114831687 0.01100186049 0.01220952582 0.01158405858 0.0124621663 0.011549425 0.01074809502 0.01069457241 0.01108488728 0.01118363609 0.01199002344 0.0115652011 0.01121999308 0.01110276588 0.0116944617 0.0 0.0 0.0 0.0 0.0 0.0 0.0 0.0 0.0 0.0 0.0 0.0 0.0 0.0 0.0 0.0 0.0 0.0 0.0 0.0 0.0 0.0 0.0 0.0 0.0 0.0 0.0 0.0 0.0 0.0 0.0 0.0 0.0 0.0 0.0 0.0 0.0 0.0 0.0 0.0 0.0 0.0 0.0 0.0 0.0 0.0 0.0 0.0 0.0 0.0 0.0 0.0 0.0 0.0 0.0 0.0 0.0 0.0 0.0 0.0 0.0 0.0 0.0 0.0 0.0 0.0 0.0 0.0 0.0 0.0 0.0 0.0 0.0 0.0 0.0 0.0 0.0 0.0 0.0 0.0
0.01171519379 0.01169053306 0.01152427406 0.01158893838 0.01168051716 0.01159459434 0.01168885432 0.01186055204 0.01170916873 0.855565426752 0.01160640596 0.01157946228 0.0115946257 0.01171762909 0.01167667209 0.01165921793 0.01159308722 0.01154199367 0.01152082924 0.01156940556 0.01156285989 0.01181233267 0.01170524048 0.01164709715 0.01160502169 0.01175227328 0.0 0.0 0.0 0.0 0.0 0.0 0.0 0.0 0.0 0.0 0.0 0.0 0.0 0.0 0.0 0.0 0.0 0.0 0.0 0.0 0.0 0.0 0.0 0.0 0.0 0.0 0.0 0.0 0.0 0.0 0.0 0.0 0.0 0.0 0.0 0.0 0.0 0.0 0.0 0.0 0.0 0.0 0.0 0.0 0.0 0.0 0.0 0.0 0.0 0.0 0.0 0.0 0.0 0.0 0.0 0.0 0.0 0.0 0.0 0.0 0.0 0.0 0.0 0.0 0.0 0.0 0.0 0.0 0.0 0.0 0.0 0.0 0.0 0.0 0.0 0.0 0.0 0.0 0.0 0.0
0.01144136493 0.01186980944 0.0126664741 0.0119388284 0.01158487049 0.01189080213 0.01158465284 0.01093889434 0.01127298469 0.01160640596 2.81514291304 0.01216854873 0.01233931178 0.01106647507 0.01171395212 0.01082215432 0.01183243228 0.01267262663 0.01270490287 0.0122580882 0.01212869671 0.01143258248 0.01181635747 0.01211902619 0.01225605231 0.01171239334 0.0 0.0 0.0 0.0 0.0 0.0 0.0 0.0 0.0 0.0 0.0 0.0 0.0 0.0 0.0 0.0 0.0 0.0 0.0 0.0 0.0 0.0 0.0 0.0 0.0 0.0 0.0 0.0 0.0 0.0 0.0 0.0 0.0 0.0 0.0 0.0 0.0 0.0 0.0 0.0 0.0 0.0 0.0 0.0 0.0 0.0 0.0 0.0 0.0 0.0 0.0 0.0 0.0 0.0 0.0 0.0 0.0 0.0 0.0 0.0 0.0 0.0 0.0 0.0 0.0 0.0 0.0 0.0 0.0 0.0 0.0 0.0 0.0 0.0 0.0 0.0 0.0 0.0 0.0 0.0
0.01136797736 0.01193680996 0.01303579714 0.01204407412 0.01154795682 0.01198108773 0.01155796353 0.01071215818 0.01114831687 0.01157946228 0.01216854873 0.98964001212 0.01258146042 0.01086585254 0.01172734548 0.01056280078 0.01192324423 0.01300620087 0.01311710461 0.01247629298 0.01230752393 0.01135842937 0.01185121186 0.01227235251 0.01245305605 0.01172914122 0.0 0.0 0.0 0.0 0.0 0.0 0.0 0.0 0.0 0.0 0.0 0.0 0.0 0.0 0.0 0.0 0.0 0.0 0.0 0.0 0.0 0.0 0.0 0.0 0.0 0.0 0.0 0.0 0.0 0.0 0.0 0.0 0.0 0.0 0.0 0.0 0.0 0.0 0.0 0.0 0.0 0.0 0.0 0.0 0.0 0.0 0.0 0.0 0.0 0.0 0.0 0.0 0.0 0.0 0.0 0.0 0.0 0.0 0.0 0.0 0.0 0.0 0.0 0.0 0.0 0.0 0.0 0.0 0.0 0.0 0.0 0.0 0.0 0.0 0.0 0.0 0.0 0.0 0.0 0.0
0.01131341588 0.01212236336 0.01358511981 0.01211518981 0.01156597812 0.01202309295 0.01155694143 0.01059119219 0.01100186049 0.0115946257 0.01233931178 0.01258146042 0.360391243051 0.01068288106 0.0117780011 0.01026711989 0.01188818471 0.01352352543 0.01367112978 0.01274013183 0.01247135332 0.01136018502 0.01196164624 0.01255341067 0.01275988633 0.01180311839 0.0 0.0 0.0 0.0 0.0 0.0 0.0 0.0 0.0 0.0 0.0 0.0 0.0 0.0 0.0 0.0 0.0 0.0 0.0 0.0 0.0 0.0 0.0 0.0 0.0 0.0 0.0 0.0 0.0 0.0 0.0 0.0 0.0 0.0 0.0 0.0 0.0 0.0 0.0 0.0 0.0 0.0 0.0 0.0 0.0 0.0 0.0 0.0 0.0 0.0 0.0 0.0 0.0 0.0 0.0 0.0 0.0 0.0 0.0 0.0 0.0 0.0 0.0 0.0 0.0 0.0 0.0 0.0 0.0 0.0 0.0 0.0 0.0 0.0 0.0 0.0 0.0 0.0 0.0 0.0
0.01196051967 0.01130405986 0.01029287733 0.01116247264 0.01171717851 0.01121809656 0.01175969664 0.01275350767 0.01220952582 0.01171762909 0.01106647507 0.01086585254 0.01068288106 0.251084642963 0.01154201605 0.01300004605 0.01129156584 0.01037004385 0.01024617845 0.01076707025 0.01090237042 0.01200667772 0.01144746486 0.01098887932 0.01081490141 0.01156356182 0.0 0.0 0.0 0.0 0.0 0.0 0.0 0.0 0.0 0.0 0.0 0.0 0.0 0.0 0.0 0.0 0.0 0.0 0.0 0.0 0.0 0.0 0.0 0.0 0.0 0.0 0.0 0.0 0.0 0.0 0.0 0.0 0.0 0.0 0.0 0.0 0.0 0.0 0.0 0.0 0.0 0.0 0.0 0.0 0.0 0.0 0.0 0.0 0.0 0.0 0.0 0.0 0.0 0.0 0.0 0.0 0.0 0.0 0.0 0.0 0.0 0.0 0.0 0.0 0.0 0.0 0.0 0.0 0.0 0.0 0.0 0.0 0.0 0.0 0.0 0.0 0.0 0.0 0.0 0.0
0.01163874833 0.01173054617 0.01179941647 0.01167854539 0.01166268973 0.01167349135 0.01165850405 0.01159943318 0.01158405858 0.01167667209 0.01171395212 0.01172734548 0.0117780011 0.01154201605 0.405623380918 0.01142917214 0.01165147881 0.01181504792 0.01181270038 0.0117375745 0.01170108471 0.01168969088 0.0117275419 0.0117668921 0.01176344197 0.01172945468 0.0 0.0 0.0 0.0 0.0 0.0 0.0 0.0 0.0 0.0 0.0 0.0 0.0 0.0 0.0 0.0 0.0 0.0 0.0 0.0 0.0 0.0 0.0 0.0 0.0 0.0 0.0 0.0 0.0 0.0 0.0 0.0 0.0 0.0 0.0 0.0 0.0 0.0 0.0 0.0 0.0 0.0 0.0 0.0 0.0 0.0 0.0 0.0 0.0 0.0 0.0 0.0 0.0 0.0 0.0 0.0 0.0 0.0 0.0 0.0 0.0 0.0 0.0 0.0 0.0 0.0 0.0 0.0 0.0 0.0 0.0 0.0 0.0 0.0 0.0 0.0 0.0 0.0 0.0 0.0
0.01203592944 0.01103855788 0.009770951245 0.01101080926 0.01164366185 0.0110874896 0.01177254363 0.01295725327 0.0124621663 0.01165921793 0.01082215432 0.01056280078 0.01026711989 0.01300004605 0.01142917214 0.224953690359 0.01127105889 0.009839004839 0.009725254619 0.01043321561 0.01064869569 0.01201779183 0.01127477413 0.01064753283 0.01044618871 0.01143284923 0.0 0.0 0.0 0.0 0.0 0.0 0.0 0.0 0.0 0.0 0.0 0.0 0.0 0.0 0.0 0.0 0.0 0.0 0.0 0.0 0.0 0.0 0.0 0.0 0.0 0.0 0.0 0.0 0.0 0.0 0.0 0.0 0.0 0.0 0.0 0.0 0.0 0.0 0.0 0.0 0.0 0.0 0.0 0.0 0.0 0.0 0.0 0.0 0.0 0.0 0.0 0.0 0.0 0.0 0.0 0.0 0.0 0.0 0.0 0.0 0.0 0.0 0.0 0.0 0.0 0.0 0.0 0.0 0.0 0.0 0.0 0.0 0.0 0.0 0.0 0.0 0.0 0.0 0.0 0.0
0.01155411644 0.0116233981 0.01201350252 0.01189328916 0.01150192437 0.01188912457 0.01165558393 0.01116156009 0.011549425 0.01159308722 0.01183243228 0.01192324423 0.01188818471 0.01129156584 0.01165147881 0.01127105889 0.41517487671 0.01201938954 0.01211489103 0.01197187767 0.01195476061 0.01155141188 0.01172087112 0.01179578685 0.01189763648 0.01173261582 0.0 0.0 0.0 0.0 0.0 0.0 0.0 0.0 0.0 0.0 0.0 0.0 0.0 0.0 0.0 0.0 0.0 0.0 0.0 0.0 0.0 0.0 0.0 0.0 0.0 0.0 0.0 0.0 0.0 0.0 0.0 0.0 0.0 0.0 0.0 0.0 0.0 0.0 0.0 0.0 0.0 0.0 0.0 0.0 0.0 0.0 0.0 0.0 0.0 0.0 0.0 0.0 0.0 0.0 0.0 0.0 0.0 0.0 0.0 0.0 0.0 0.0 0.0 0.0 0.0 0.0 0.0 0.0 0.0 0.0 0.0 0.0 0.0 0.0 0.0 0.0 0.0 0.0 0.0 0.0
0.01116457972 0.01213807649 0.01469309645 0.01235406908 0.01149215249 0.0122034153 0.01152550546 0.009914529125 0.01074809502 0.01154199367 0.01267262663 0.01300620087 0.01352352543 0.01037004385 0.01181504792 0.009839004839 0.01201938954 2.91140059229 0.01486948226 0.01327575765 0.01288283975 0.01107817719 0.01213773067 0.01289012765 0.01329212944 0.01173680334 0.0 0.0 0.0 0.0 0.0 0.0 0.0 0.0 0.0 0.0 0.0 0.0 0.0 0.0 0.0 0.0 0.0 0.0 0.0 0.0 0.0 0.0 0.0 0.0 0.0 0.0 0.0 0.0 0.0 0.0 0.0 0.0 0.0 0.0 0.0 0.0 0.0 0.0 0.0 0.0 0.0 0.0 0.0 0.0 0.0 0.0 0.0 0.0 0.0 0.0 0.0 0.0 0.0 0.0 0.0 0.0 0.0 0.0 0.0 0.0 0.0 0.0 0.0 0.0 0.0 0.0 0.0 0.0 0.0 0.0 0.0 0.0 0.0 0.0 0.0 0.0 0.0 0.0 0.0 0.0
0.01112958952 0.01220800976 0.01487137048 0.01239540157 0.01145090591 0.01224689302 0.01150945867 0.00988600459 0.01069457241 0.01152082924 0.01270490287 0.01311710461 0.01367112978 0.01024617845 0.01181270038 0.009725254619 0.01211489103 0.01486948226 2.2502428741 0.01338701495 0.01297274164 0.01110610279 0.01211546422 0.01297676438 0.01336457109 0.0117954769 0.0 0.0 0.0 0.0 0.0 0.0 0.0 0.0 0.0 0.0 0.0 0.0 0.0 0.0 0.0 0.0 0.0 0.0 0.0 0.0 0.0 0.0 0.0 0.0 0.0 0.0 0.0 0.0 0.0 0.0 0.0 0.0 0.0 0.0 0.0 0.0 0.0 0.0 0.0 0.0 0.0 0.0 0.0 0.0 0.0 0.0 0.0 0.0 0.0 0.0 0.0 0.0 0.0 0.0 0.0 0.0 0.0 0.0 0.0 0.0 0.0 0.0 0.0 0.0 0.0 0.0 0.0 0.0 0.0 0.0 0.0 0.0 0.0 0.0 0.0 0.0 0.0 0.0 0.0 0.0
0.01133128396 0.0119707881 0.01329259254 0.01211116306 0.0115290801 0.01203494218 0.01155702492 0.01057308424 0.01108488728 0.01156940556 0.0122580882 0.01247629298 0.01274013183 0.01076707025 0.0117375745 0.01043321561 0.01197187767 0.01327575765 0.01338701495 0.557684801669 0.01241821408 0.01131826691 0.01189779404 0.01237662025 0.01259691905 0.01173908344 0.0 0.0 0.0 0.0 0.0 0.0 0.0 0.0 0.0 0.0 0.0 0.0 0.0 0.0 0.0 0.0 0.0 0.0 0.0 0.0 0.0 0.0 0.0 0.0 0.0 0.0 0.0 0.0 0.0 0.0 0.0 0.0 0.0 0.0 0.0 0.0 0.0 0.0 0.0 0.0 0.0 0.0 0.0 0.0 0.0 0.0 0.0 0.0 0.0 0.0 0.0 0.0 0.0 0.0 0.0 0.0 0.0 0.0 0.0 0.0 0.0 0.0 0.0 0.0 0.0 0.0 0.0 0.0 0.0 0.0 0.0 0.0 0.0 0.0 0.0 0.0 0.0 0.0 0.0 0.0
0.01137031752 0.01186226009 0.01290233458 0.01204119849 0.01152889424 0.011985395 0.01154915307 0.01070445604 0.01118363609 0.01156285989 0.01212869671 0.01230752393 0.01247135332 0.01090237042 0.01170108471 0.01064869569 0.01195476061 0.01288283975 0.01297274164 0.01241821408 0.462331122564 0.01132629796 0.0118112185 0.01218303493 0.01237121326 0.01168664203 0.0 0.0 0.0 0.0 0.0 0.0 0.0 0.0 0.0 0.0 0.0 0.0 0.0 0.0 0.0 0.0 0.0 0.0 0.0 0.0 0.0 0.0 0.0 0.0 0.0 0.0 0.0 0.0 0.0 0.0 0.0 0.0 0.0 0.0 0.0 0.0 0.0 0.0 0.0 0.0 0.0 0.0 0.0 0.0 0.0 0.0 0.0 0.0 0.0 0.0 0.0 0.0 0.0 0.0 0.0 0.0 0.0 0.0 0.0 0.0 0.0 0.0 0.0 0.0 0.0 0.0 0.0 0.0 0.0 0.0 0.0 0.0 0.0 0.0 0.0 0.0 0.0 0.0 0.0 0.0
0.01190886178 0.01169780442 0.01107573944 0.0114428271 0.011698823 0.01147190721 0.01181404334 0.01251642105 0.01199002344 0.01181233267 0.01143258248 0.01135842937 0.01136018502 0.01200667772 0.01168969088 0.01201779183 0.01155141188 0.01107817719 0.01110610279 0.01131826691 0.01132629796 0.238541560602 0.01175293817 0.01153659127 0.01139026467 0.01195004714 0.0 0.0 0.0 0.0 0.0 0.0 0.0 0.0 0.0 0.0 0.0 0.0 0.0 0.0 0.0 0.0 0.0 0.0 0.0 0.0 0.0 0.0 0.0 0.0 0.0 0.0 0.0 0.0 0.0 0.0 0.0 0.0 0.0 0.0 0.0 0.0 0.0 0.0 0.0 0.0 0.0 0.0 0.0 0.0 0.0 0.0 0.0 0.0 0.0 0.0 0.0 0.0 0.0 0.0 0.0 0.0 0.0 0.0 0.0 0.0 0.0 0.0 0.0 0.0 0.0 0.0 0.0 0.0 0.0 0.0 0.0 0.0 0.0 0.0 0.0 0.0 0.0 0.0 0.0 0.0
0.01164540809 0.01179302845 0.01207660749 0.01175358578 0.01165004971 0.01173195548 0.0117035152 0.01154041664 0.0115652011 0.01170524048 0.01181635747 0.01185121186 0.01196164624 0.01144746486 0.0117275419 0.01127477413 0.01172087112 0.01213773067 0.01211546422 0.01189779404 0.0118112185 0.01175293817 0.347699996069 0.01191328997 0.01194162572 0.01182108324 0.0 0.0 0.0 0.0 0.0 0.0 0.0 0.0 0.0 0.0 0.0 0.0 0.0 0.0 0.0 0.0 0.0 0.0 0.0 0.0 0.0 0.0 0.0 0.0 0.0 0.0 0.0 0.0 0.0 0.0 0.0 0.0 0.0 0.0 0.0 0.0 0.0 0.0 0.0 0.0 0.0 0.0 0.0 0.0 0.0 0.0 0.0 0.0 0.0 0.0 0.0 0.0 0.0 0.0 0.0 0.0 0.0 0.0 0.0 0.0 0.0 0.0 0.0 0.0 0.0 0.0 0.0 0.0 0.0 0.0 0.0 0.0 0.0 0.0 0.0 0.0 0.0 0.0 0.0 0.0
0.0114488764 0.01202176344 0.01291711516 0.01195482103 0.01161988052 0.01189554885 0.01161521126 0.01101595183 0.01121999308 0.01164709715 0.01211902619 0.01227235251 0.01255341067 0.01098887932 0.0117668921 0.01064753283 0.01179578685 0.01289012765 0.01297676438 0.01237662025 0.01218303493 0.01153659127 0.01191328997 0.349065470284 0.01241327732 0.0118233867 0.0 0.0 0.0 0.0 0.0 0.0 0.0 0.0 0.0 0.0 0.0 0.0 0.0 0.0 0.0 0.0 0.0 0.0 0.0 0.0 0.0 0.0 0.0 0.0 0.0 0.0 0.0 0.0 0.0 0.0 0.0 0.0 0.0 0.0 0.0 0.0 0.0 0.0 0.0 0.0 0.0 0.0 0.0 0.0 0.0 0.0 0.0 0.0 0.0 0.0 0.0 0.0 0.0 0.0 0.0 0.0 0.0 0.0 0.0 0.0 0.0 0.0 0.0 0.0 0.0 0.0 0.0 0.0 0.0 0.0 0.0 0.0 0.0 0.0 0.0 0.0 0.0 0.0 0.0 0.0
0.01136494194 0.01202291566 0.01329169731 0.0120729981 0.01156755472 0.0119934436 0.01158254604 0.01068537609 0.01110276588 0.01160502169 0.01225605231 0.01245305605 0.01275988633 0.01081490141 0.01176344197 0.01044618871 0.01189763648 0.01329212944 0.01336457109 0.01259691905 0.01237121326 0.01139026467 0.01194162572 0.01241327732 0.578136367638 0.01178434151 0.0 0.0 0.0 0.0 0.0 0.0 0.0 0.0 0.0 0.0 0.0 0.0 0.0 0.0 0.0 0.0 0.0 0.0 0.0 0.0 0.0 0.0 0.0 0.0 0.0 0.0 0.0 0.0 0.0 0.0 0.0 0.0 0.0 0.0 0.0 0.0 0.0 0.0 0.0 0.0 0.0 0.0 0.0 0.0 0.0 0.0 0.0 0.0 0.0 0.0 0.0 0.0 0.0 0.0 0.0 0.0 0.0 0.0 0.0 0.0 0.0 0.0 0.0 0.0 0.0 0.0 0.0 0.0 0.0 0.0 0.0 0.0 0.0 0.0 0.0 0.0 0.0 0.0 0.0 0.0
0.01172801073 0.01180503688 0.01174399003 0.01167934234 0.01165302283 0.01168201055 0.0117433826 0.01184319716 0.0116944617 0.01175227328 0.01171239334 0.01172914122 0.01180311839 0.01156356182 0.01172945468 0.01143284923 0.01173261582 0.01173680334 0.0117954769 0.01173908344 0.01168664203 0.01195004714 0.01182108324 0.0118233867 0.01178434151 0.358369047333 0.0 0.0 0.0 0.0 0.0 0.0 0.0 0.0 0.0 0.0 0.0 0.0 0.0 0.0 0.0 0.0 0.0 0.0 0.0 0.0 0.0 0.0 0.0 0.0 0.0 0.0 0.0 0.0 0.0 0.0 0.0 0.0 0.0 0.0 0.0 0.0 0.0 0.0 0.0 0.0 0.0 0.0 0.0 0.0 0.0 0.0 0.0 0.0 0.0 0.0 0.0 0.0 0.0 0.0 0.0 0.0 0.0 0.0 0.0 0.0 0.0 0.0 0.0 0.0 0.0 0.0 0.0 0.0 0.0 0.0 0.0 0.0 0.0 0.0 0.0 0.0 0.0 0.0 0.0 0.0
0.0 0.0 0.0 0.0 0.0 0.0 0.0 0.0 0.0 0.0 0.0 0.0 0.0 0.0 0.0 0.0 0.0 0.0 0.0 0.0 0.0 0.0 0.0 0.0 0.0 0.0 0.61574421146 0.005418710472 0.006238512707 0.006383824687 0.005325995361 0.005445430915 0.005309568215 0.004746455832 0.005527347331 0.004596663857 0.004786723575 0.005347758072 0.004944766022 0.005330894128 0.005870450562 0.005621176008 0.005611259482 0.005331913908 0.004419257937 0.006098297353 0.004858416387 0.006523986637 0.005042027602 0.005329421587 0.005464426809 0.005538533274 0.005929325868 0.006343743095 0.006573160122 0.005479699804 0.005131552536 0.0 0.0 0.0 0.0 0.0 0.0 0.0 0.0 0.0 0.0 0.0 0.0 0.0 0.0 0.0 0.0 0.0 0.0 0.0 0.0 0.0 0.0 0.0 0.0 0.0 0.0 0.0 0.0 0.0 0.0 0.0 0.0 0.0 0.0 0.0 0.0 0.0 0.0 0.0 0.0 0.0 0.0 0.0 0.0 0.0 0.0 0.0 0.0 0.0
0.0 0.0 0.0 0.0 0.0 0.0 0.0 0.0 0.0 0.0 0.0 0.0 0.0 0.0 0.0 0.0 0.0 0.0 0.0 0.0 0.0 0.0 0.0 0.0 0.0 0.0 0.005418710472 0.214670657082 0.005409280644 0.005364414259 0.005512321421 0.005518859201 0.005514070728 0.005557387697 0.005540754045 0.005563859697 0.005574486578 0.005507509706 0.00556007542 0.00553549719 0.005447938388 0.005493613349 0.005495344345 0.005523326132 0.005586542648 0.005424291779 0.00558424185 0.005391411839 0.005541105394 0.00557701964 0.005515221782 0.005520550975 0.005451495444 0.005419722322 0.005390364477 0.005501807681 0.005547135663 0.0 0.0 0.0 0.0 0.0 0.0 0.0 0.0 0.0 0.0 0.0 0.0 0.0 0.0 0.0 0.0 0.0 0.0 0.0 0.0 0.0 0.0 0.0 0.0 0.0 0.0 0.0 0.0 0.0 0.0 0.0 0.0 0.0 0.0 0.0 0.0 0.0 0.0 0.0 0.0 0.0 0.0 0.0 0.0 0.0 0.0 0.0 0.0 0.0
0.0 0.0 0.0 0.0 0.0 0.0 0.0 0.0 0.0 0.0 0.0 0.0 0.0 0.0 0.0 0.0 0.0 0.0 0.0 0.0 0.0 0.0 0.0 0.0 0.0 0.0 0.006238512707 0.005409280644 1.05029563731 0.006415861535 0.005316388253 0.005452617222 0.005295807309 0.00472669692 0.005477550352 0.004598247406 0.004763659945 0.005358128184 0.004909791937 0.005308277241 0.005865352946 0.005600802634 0.00557942191 0.00533384847 0.004409260604 0.006058317917 0.004829670525 0.006472434281 0.005022823301 0.005259131736 0.005468812955 0.00550273583 0.005911004997 0.006275313472 0.006476770126 0.00546813462 0.005130418388 0.0 0.0 0.0 0.0 0.0 0.0 0.0 0.0 0.0 0.0 0.0 0.0 0.0 0.0 0.0 0.0 0.0 0.0 0.0 0.0 0.0 0.0 0.0 0.0 0.0 0.0 0.0 0.0 0.0 0.0 0.0 0.0 0.0 0.0 0.0 0.0 0.0 0.0 0.0 0.0 0.0 0.0 0.0 0.0 0.0 0.0 0.0 0.0 0.0
0.0 0.0 0.0 0.0 0.0 0.0 0.0 0.0 0.0 0.0 0.0 0.0 0.0 0.0 0.0 0.0 0.0 0.0 0.0 0.0 0.0 0.0 0.0 0.0 0.0 0.0 0.006383824687 0.005364414259 0.006415861535 23.2354863362 0.005268029481 0.005409346718 0.005220996715 0.004547391295 0.005411702602 0.004406837098 0.004582701959 0.005303215688 0.004737016312 0.005225274253 0.005951134634 0.005611788471 0.005575523434 0.005268827955 0.004166650114 0.006185329292 0.004652103494 0.006746541837 0.004891770396 0.005144533583 0.005428502627 0.005460352085 0.005985252351 0.006449275191 0.006739016438 0.005441192435 0.005033839032 0.0 0.0 0.0 0.0 0.0 0.0 0.0 0.0 0.0 0.0 0.0 0.0 0.0 0.0 0.0 0.0 0.0 0.0 0.0 0.0 0.0 0.0 0.0 0.0 0.0 0.0 0.0 0.0 0.0 0.0 0.0 0.0 0.0 0.0 0.0 0.0 0.0 0.0 0.0 0.0 0.0 0.0 0.0 0.0 0.0 0.0 0.0 0.0 0.0
0.0 0.0 0.0 0.0 0.0 0.0 0.0 0.0 0.0 0.0 0.0 0.0 0.0 0.0 0.0 0.0 0.0 0.0 0.0 0.0 0.0 0.0 0.0 0.0 0.0 0.0 0.005325995361 0.005512321421 0.005316388253 0.005268029481 0.577437323066 0.005497474359 0.005524966805 0.005636243098 0.00551911788 0.005637702881 0.005637130172 0.00550173872 0.0056192765 0.005536508789 0.005395400924 0.005465464452 0.005481085243 0.005538284413 0.005698979146 0.005347181602 0.005647326041 0.005276570823 0.005593821973 0.005556688407 0.005507277269 0.005512480178 0.005384245363 0.005324924145 0.005271858636 0.005493216727 0.005581042769 0.0 0.0 0.0 0.0 0.0 0.0 0.0 0.0 0.0 0.0 0.0 0.0 0.0 0.0 0.0 0.0 0.0 0.0 0.0 0.0 0.0 0.0 0.0 0.0 0.0 0.0 0.0 0.0 0.0 0.0 0.0 0.0 0.0 0.0 0.0 0.0 0.0 0.0 0.0 0.0 0.0 0.0 0.0 0.0 0.0 0.0 0.0 0.0 0.0
0.0 0.0 0.0 0.0 0.0 0.0 0.0 0.0 0.0 0.0 0.0 0.0 0.0 0.0 0.0 0.0 0.0 0.0 0.0 0.0 0.0 0.0 0.0 0.0 0.0 0.0 0.005445430915 0.005518859201 0.005452617222 0.005409346718 0.005497474359 0.573103933539 0.005496400154 0.005458892181 0.005527189714 0.005476491807 0.005480197159 0.00552256392 0.005476476637 0.005518162419 0.005482393131 0.005507896704 0.005498218427 0.005512639289 0.005434079463 0.005457929879 0.005492263372 0.005433034585 0.005479754765 0.005546116227 0.005521247685 0.005515823389 0.005487710527 0.005451911763 0.005426575939 0.005505563219 0.005512945791 0.0 0.0 0.0 0.0 0.0 0.0 0.0 0.0 0.0 0.0 0.0 0.0 0.0 0.0 0.0 0.0 0.0 0.0 0.0 0.0 0.0 0.0 0.0 0.0 0.0 0.0 0.0 0.0 0.0 0.0 0.0 0.0 0.0 0.0 0.0 0.0 0.0 0.0 0.0 0.0 0.0 0.0 0.0 0.0 0.0 0.0 0.0 0.0 0.0
0.0 0.0 0.0 0.0 0.0 0.0 0.0 0.0 0.0 0.0 0.0 0.0 0.0 0.0 0.0 0.0 0.0 0.0 0.0 0.0 0.0 0.0 0.0 0.0 0.0 0.0 0.005309568215 0.005514070728 0.005295807309 0.005220996715 0.005524966805 0.005496400154 0.45363814341 0.00575197813 0.005532190119 0.005783472744 0.005760241663 0.005509007331 0.005695022677 0.005564544996 0.005376168523 0.005458533346 0.00546237551 0.00552221201 0.005879768205 0.005334054083 0.005732149334 0.005250629574 0.005642920372 0.005631396727 0.005480842279 0.005491465654 0.005372957993 0.005297084429 0.005256457072 0.005486470003 0.005597603291 0.0 0.0 0.0 0.0 0.0 0.0 0.0 0.0 0.0 0.0 0.0 0.0 0.0 0.0 0.0 0.0 0.0 0.0 0.0 0.0 0.0 0.0 0.0 0.0 0.0 0.0 0.0 0.0 0.0 0.0 0.0 0.0 0.0 0.0 0.0 0.0 0.0 0.0 0.0 0.0 0.0 0.0 0.0 0.0 0.0 0.0 0.0 0.0 0.0
0.0 0.0 0.0 0.0 0.0 0.0 0.0 0.0 0.0 0.0 0.0 0.0 0.0 0.0 0.0 0.0 0.0 0.0 0.0 0.0 0.0 0.0 0.0 0.0 0.0 0.0 0.004746455832 0.005557387697 0.00472669692 0.004547391295 0.005636243098 0.005458892181 0.00575197813 0.298687420358 0.005568149802 0.006898009767 0.006709885169 0.005535685665 0.006439745042 0.005750797307 0.005032021975 0.005317199368 0.005349086819 0.005612129432 0.00742969135 0.004835951154 0.006546067567 0.004548358865 0.00616384635 0.005906996451 0.005426463649 0.005431075926 0.004976711284 0.004706519008 0.004549195156 0.005447705997 0.005903448944 0.0 0.0 0.0 0.0 0.0 0.0 0.0 0.0 0.0 0.0 0.0 0.0 0.0 0.0 0.0 0.0 0.0 0.0 0.0 0.0 0.0 0.0 0.0 0.0 0.0 0.0 0.0 0.0 0.0 0.0 0.0 0.0 0.0 0.0 0.0 0.0 0.0 0.0 0.0 0.0 0.0 0.0 0.0 0.0 0.0 0.0 0.0 0.0 0.0
0.0 0.0 0.0 0.0 0.0 0.0 0.0 0.0 0.0 0.0 0.0 0.0 0.0 0.0 0.0 0.0 0.0 0.0 0.0 0.0 0.0 0.0 0.0 0.0 0.0 0.0 0.005527347331 0.005540754045 0.005477550352 0.005411702602 0.00551911788 0.005527189714 0.005532190119 0.005568149802 0.508279436129 0.005556761199 0.005604391111 0.005499240341 0.005595396944 0.005572457661 0.005480675201 0.005524584415 0.0055354809 0.005530994023 0.005594689953 0.005487113023 0.005620522379 0.005510010534 0.005556138964 0.005666562928 0.005524624448 0.005565960258 0.005498777823 0.005524621848 0.005524660493 0.005518510856 0.005556506 0.0 0.0 0.0 0.0 0.0 0.0 0.0 0.0 0.0 0.0 0.0 0.0 0.0 0.0 0.0 0.0 0.0 0.0 0.0 0.0 0.0 0.0 0.0 0.0 0.0 0.0 0.0 0.0 0.0 0.0 0.0 0.0 0.0 0.0 0.0 0.0 0.0 0.0 0.0 0.0 0.0 0.0 0.0 0.0 0.0 0.0 0.0 0.0 0.0
0.0 0.0 0.0 0.0 0.0 0.0 0.0 0.0 0.0 0.0 0.0 0.0 0.0 0.0 0.0 0.0 0.0 0.0 0.0 0.0 0.0 0.0 0.0 0.0 0.0 0.0 0.004596663857 0.005563859697 0.004598247406 0.004406837098 0.005637702881 0.005476491807 0.005783472744 0.006898009767 0.005556761199 0.370572877579 0.006820831917 0.005591789274 0.006483875832 0.005795773626 0.004976761078 0.005299874158 0.005310537912 0.005613577369 0.007533393065 0.004733398318 0.006577411465 0.004375470271 0.00619674032 0.005984229804 0.005404100437 0.005400666816 0.004921447063 0.00455363971 0.004361260382 0.005446782944 0.005943872254 0.0 0.0 0.0 0.0 0.0 0.0 0.0 0.0 0.0 0.0 0.0 0.0 0.0 0.0 0.0 0.0 0.0 0.0 0.0 0.0 0.0 0.0 0.0 0.0 0.0 0.0 0.0 0.0 0.0 0.0 0.0 0.0 0.0 0.0 0.0 0.0 0.0 0.0 0.0 0.0 0.0 0.0 0.0 0.0 0.0 0.0 0.0 0.0 0.0
0.0 0.0 0.0 0.0 0.0 0.0 0.0 0.0 0.0 0.0 0.0 0.0 0.0 0.0 0.0 0.0 0.0 0.0 0.0 0.0 0.0 0.0 0.0 0.0 0.0 0.0 0.004786723575 0.005574486578 0.004763659945 0.004582701959 0.005637130172 0.005480197159 0.005760241663 0.006709885169 0.005604391111 0.006820831917 0.231844787638 0.005542934499 0.006434302749 0.005774032674 0.005057556353 0.005338631194 0.00537106714 0.00562625157 0.007338121376 0.00487425921 0.006535939348 0.004594302268 0.006152557029 0.005941597741 0.005446542224 0.005460820509 0.005006765662 0.004751114356 0.004595522594 0.005464367363 0.005911694024 0.0 0.0 0.0 0.0 0.0 0.0 0.0 0.0 0.0 0.0 0.0 0.0 0.0 0.0 0.0 0.0 0.0 0.0 0.0 0.0 0.0 0.0 0.0 0.0 0.0 0.0 0.0 0.0 0.0 0.0 0.0 0.0 0.0 0.0 0.0 0.0 0.0 0.0 0.0 0.0 0.0 0.0 0.0 0.0 0.0 0.0 0.0 0.0 0.0
0.0 0.0 0.0 0.0 0.0 0.0 0.0 0.0 0.0 0.0 0.0 0.0 0.0 0.0 0.0 0.0 0.0 0.0 0.0 0.0 0.0 0.0 0.0 0.0 0.0 0.0 0.005347758072 0.005507509706 0.005358128184 0.005303215688 0.00550173872 0.00552256392 0.005509007331 0.005535685665 0.005499240341 0.005591789274 0.005542934499 0.504151243528 0.005517519379 0.005520251349 0.005429885333 0.005480756778 0.005475690655 0.005506233012 0.005530470283 0.00539073123 0.005524301671 0.005300717032 0.005517827253 0.005551716135 0.00549461283 0.005491730592 0.005431440843 0.005341502901 0.005305097069 0.005498060769 0.005533533089 0.0 0.0 0.0 0.0 0.0 0.0 0.0 0.0 0.0 0.0 0.0 0.0 0.0 0.0 0.0 0.0 0.0 0.0 0.0 0.0 0.0 0.0 0.0 0.0 0.0 0.0 0.0 0.0 0.0 0.0 0.0 0.0 0.0 0.0 0.0 0.0 0.0 0.0 0.0 0.0 0.0 0.0 0.0 0.0 0.0 0.0 0.0 0.0 0.0
0.0 0.0 0.0 0.0 0.0 0.0 0.0 0.0 0.0 0.0 0.0 0.0 0.0 0.0 0.0 0.0 0.0 0.0 0.0 0.0 0.0 0.0 0.0 0.0 0.0 0.0 0.004944766022 0.00556007542 0.004909791937 0.004737016312 0.0056192765 0.005476476637 0.005695022677 0.006439745042 0.005595396944 0.006483875832 0.006434302749 0.005517519379 0.601773077295 0.005714129509 0.005141853009 0.005369737499 0.005408761731 0.005609332265 0.006933545805 0.004994016825 0.006356021113 0.004786026393 0.006024918079 0.005849643382 0.005467041332 0.005484836177 0.005105057546 0.004917378773 0.004793361255 0.005474226904 0.005835146773 0.0 0.0 0.0 0.0 0.0 0.0 0.0 0.0 0.0 0.0 0.0 0.0 0.0 0.0 0.0 0.0 0.0 0.0 0.0 0.0 0.0 0.0 0.0 0.0 0.0 0.0 0.0 0.0 0.0 0.0 0.0 0.0 0.0 0.0 0.0 0.0 0.0 0.0 0.0 0.0 0.0 0.0 0.0 0.0 0.0 0.0 0.0 0.0 0.0
0.0 0.0 0.0 0.0 0.0 0.0 0.0 0.0 0.0 0.0 0.0 0.0 0.0 0.0 0.0 0.0 0.0 0.0 0.0 0.0 0.0 0.0 0.0 0.0 0.0 0.0 0.005330894128 0.00553549719 0.005308277241 0.005225274253 0.005536508789 0.005518162419 0.005564544996 0.005750797307 0.005572457661 0.005795773626 0.005774032674 0.005520251349 0.005714129509 0.517410254262 0.005389152275 0.005476226764 0.005486322346 0.005542498627 0.005862780545 0.005342773605 0.005750765985 0.005274531348 0.005648864889 0.005673470646 0.00550302773 0.005522624967 0.005387106136 0.005323437162 0.005277516305 0.005501963916 0.005615704248 0.0 0.0 0.0 0.0 0.0 0.0 0.0 0.0 0.0 0.0 0.0 0.0 0.0 0.0 0.0 0.0 0.0 0.0 0.0 0.0 0.0 0.0 0.0 0.0 0.0 0.0 0.0 0.0 0.0 0.0 0.0 0.0 0.0 0.0 0.0 0.0 0.0 0.0 0.0 0.0 0.0 0.0 0.0 0.0 0.0 0.0 0.0 0.0 0.0
0.0 0.0 0.0 0.0 0.0 0.0 0.0 0.0 0.0 0.0 0.0 0.0 0.0 0.0 0.0 0.0 0.0 0.0 0.0 0.0 0.0 0.0 0.0 0.0 0.0 0.0 0.005870450562 0.005447938388 0.005865352946 0.005951134634 0.005395400924 0.005482393131 0.005376168523 0.005032021975 0.005480675201 0.004976761078 0.005057556353 0.005429885333 0.005141853009 0.005389152275 0.55743789641 0.005552825244 0.005538399059 0.005408096257 0.004833427516 0.005781617088 0.005100196554 0.005997314512 0.00520899507 0.005359932945 0.005487285061 0.005497517773 0.005722734975 0.005895540457 0.005993365946 0.005480363972 0.005290540962 0.0 0.0 0.0 0.0 0.0 0.0 0.0 0.0 0.0 0.0 0.0 0.0 0.0 0.0 0.0 0.0 0.0 0.0 0.0 0.0 0.0 0.0 0.0 0.0 0.0 0.0 0.0 0.0 0.0 0.0 0.0 0.0 0.0 0.0 0.0 0.0 0.0 0.0 0.0 0.0 0.0 0.0 0.0 0.0 0.0 0.0 0.0 0.0 0.0
0.0 0.0 0.0 0.0 0.0 0.0 0.0 0.0 0.0 0.0 0.0 0.0 0.0 0.0 0.0 0.0 0.0 0.0 0.0 0.0 0.0 0.0 0.0 0.0 0.0 0.0 0.005621176008 0.005493613349 0.005600802634 0.005611788471 0.005465464452 0.005507896704 0.005458533346 0.005317199368 0.005524584415 0.005299874158 0.005338631194 0.005480756778 0.005369737499 0.005476226764 0.005552825244 0.49830080149 0.005519503971 0.005475090408 0.005231450501 0.00559034804 0.005356455386 0.0056391993 0.005393424613 0.005495786994 0.005505803709 0.005521904775 0.005575792501 0.005622765985 0.005647638403 0.005499494925 0.005433127555 0.0 0.0 0.0 0.0 0.0 0.0 0.0 0.0 0.0 0.0 0.0 0.0 0.0 0.0 0.0 0.0 0.0 0.0 0.0 0.0 0.0 0.0 0.0 0.0 0.0 0.0 0.0 0.0 0.0 0.0 0.0 0.0 0.0 0.0 0.0 0.0 0.0 0.0 0.0 0.0 0.0 0.0 0.0 0.0 0.0 0.0 0.0 0.0 0.0
0.0 0.0 0.0 0.0 0.0 0.0 0.0 0.0 0.0 0.0 0.0 0.0 0.0 0.0 0.0 0.0 0.0 0.0 0.0 0.0 0.0 0.0 0.0 0.0 0.0 0.0 0.005611259482 0.005495344345 0.00557942191 0.005575523434 0.005481085243 0.005498218427 0.00546237551 0.005349086819 0.0055354809 0.005310537912 0.00537106714 0.005475690655 0.005408761731 0.005486322346 0.005538399059 0.005519503971 0.365331688629 0.005485883163 0.005268820784 0.005567015542 0.005409262046 0.005619419681 0.005432004509 0.00550553209 0.00549824007 0.005531891413 0.005548120777 0.005614233859 0.005639454594 0.005501994499 0.005458012098 0.0 0.0 0.0 0.0 0.0 0.0 0.0 0.0 0.0 0.0 0.0 0.0 0.0 0.0 0.0 0.0 0.0 0.0 0.0 0.0 0.0 0.0 0.0 0.0 0.0 0.0 0.0 0.0 0.0 0.0 0.0 0.0 0.0 0.0 0.0 0.0 0.0 0.0 0.0 0.0 0.0 0.0 0.0 0.0 0.0 0.0 0.0 0.0 0.0
0.0 0.0 0.0 0.0 0.0 0.0 0.0 0.0 0.0 0.0 0.0 0.0 0.0 0.0 0.0 0.0 0.0 0.0 0.0 0.0 0.0 0.0 0.0 0.0 0.0 0.0 0.005331913908 0.005523326132 0.00533384847 0.005268827955 0.005538284413 0.005512639289 0.00552221201 0.005612129432 0.005530994023 0.005613577369 0.00562625157 0.005506233012 0.005609332265 0.005542498627 0.005408096257 0.005475090408 0.005485883163 0.506791245161 0.005672377991 0.005363018469 0.005648033617 0.005297518374 0.005586101287 0.00555853109 0.005524670021 0.005521455527 0.005399373465 0.005339540245 0.005276261201 0.005499870497 0.005586762213 0.0 0.0 0.0 0.0 0.0 0.0 0.0 0.0 0.0 0.0 0.0 0.0 0.0 0.0 0.0 0.0 0.0 0.0 0.0 0.0 0.0 0.0 0.0 0.0 0.0 0.0 0.0 0.0 0.0 0.0 0.0 0.0 0.0 0.0 0.0 0.0 0.0 0.0 0.0 0.0 0.0 0.0 0.0 0.0 0.0 0.0 0.0 0.0 0.0
0.0 0.0 0.0 0.0 0.0 0.0 0.0 0.0 0.0 0.0 0.0 0.0 0.0 0.0 0.0 0.0 0.0 0.0 0.0 0.0 0.0 0.0 0.0 0.0 0.0 0.0 0.004419257937 0.005586542648 0.004409260604 0.004166650114 0.005698979146 0.005434079463 0.005879768205 0.00742969135 0.005594689953 0.007533393065 0.007338121376 0.005530470283 0.006933545805 0.005862780545 0.004833427516 0.005231450501 0.005268820784 0.005672377991 0.260809444409 0.004554353277 0.007068845848 0.004155283901 0.006492210213 0.006066288715 0.005401426081 0.005392714049 0.004747998221 0.004370402584 0.004138121642 0.005416995649 0.006095485826 0.0 0.0 0.0 0.0 0.0 0.0 0.0 0.0 0.0 0.0 0.0 0.0 0.0 0.0 0.0 0.0 0.0 0.0 0.0 0.0 0.0 0.0 0.0 0.0 0.0 0.0 0.0 0.0 0.0 0.0 0.0 0.0 0.0 0.0 0.0 0.0 0.0 0.0 0.0 0.0 0.0 0.0 0.0 0.0 0.0 0.0 0.0 0.0 0.0
0.0 0.0 0.0 0.0 0.0 0.0 0.0 0.0 0.0 0.0 0.0 0.0 0.0 0.0 0.0 0.0 0.0 0.0 0.0 0.0 0.0 0.0 0.0 0.0 0.0 0.0 0.006098297353 0.005424291779 0.006058317917 0.006185329292 0.005347181602 0.005457929879 0.005334054083 0.004835951154 0.005487113023 0.004733398318 0.00487425921 0.00539073123 0.004994016825 0.005342773605 0.005781617088 0.00559034804 0.005567015542 0.005363018469 0.004554353277 0.948862413784 0.004919927601 0.006244893322 0.005106488125 0.005306267087 0.005474246653 0.005510034184 0.005839583847 0.006106567096 0.006258006089 0.005478455544 0.005196727299 0.0 0.0 0.0 0.0 0.0 0.0 0.0 0.0 0.0 0.0 0.0 0.0 0.0 0.0 0.0 0.0 0.0 0.0 0.0 0.0 0.0 0.0 0.0 0.0 0.0 0.0 0.0 0.0 0.0 0.0 0.0 0.0 0.0 0.0 0.0 0.0 0.0 0.0 0.0 0.0 0.0 0.0 0.0 0.0 0.0 0.0 0.0 0.0 0.0
0.0 0.0 0.0 0.0 0.0 0.0 0.0 0.0 0.0 0.0 0.0 0.0 0.0 0.0 0.0 0.0 0.0 0.0 0.0 0.0 0.0 0.0 0.0 0.0 0.0 0.0 0.004858416387 0.00558424185 0.004829670525 0.004652103494 0.005647326041 0.005492263372 0.005732149334 0.006546067567 0.005620522379 0.006577411465 0.006535939348 0.005524301671 0.006356021113 0.005750765985 0.005100196554 0.005356455386 0.005409262046 0.005648033617 0.007068845848 0.004919927601 0.413408798813 0.004688091503 0.006115196545 0.005896241365 0.005486546001 0.00549156766 0.005052292064 0.00483639597 0.004681461228 0.005479781284 0.005907374843 0.0 0.0 0.0 0.0 0.0 0.0 0.0 0.0 0.0 0.0 0.0 0.0 0.0 0.0 0.0 0.0 0.0 0.0 0.0 0.0 0.0 0.0 0.0 0.0 0.0 0.0 0.0 0.0 0.0 0.0 0.0 0.0 0.0 0.0 0.0 0.0 0.0 0.0 0.0 0.0 0.0 0.0 0.0 0.0 0.0 0.0 0.0 0.0 0.0
0.0 0.0 0.0 0.0 0.0 0.0 0.0 0.0 0.0 0.0 0.0 0.0 0.0 0.0 0.0 0.0 0.0 0.0 0.0 0.0 0.0 0.0 0.0 0.0 0.0 0.0 0.006523986637 0.005391411839 0.006472434281 0.006746541837 0.005276570823 0.005433034585 0.005250629574 0.004548358865 0.005510010534 0.004375470271 0.004594302268 0.005300717032 0.004786026393 0.005274531348 0.005997314512 0.0056391993 0.005619419681 0.005297518374 0.004155283901 0.006244893322 0.004688091503 0.861866158047 0.00491193863 0.005235530109 0.005470967015 0.005529740758 0.006054839493 0.006587067882 0.006876201089 0.005464092047 0.00503973961 0.0 0.0 0.0 0.0 0.0 0.0 0.0 0.0 0.0 0.0 0.0 0.0 0.0 0.0 0.0 0.0 0.0 0.0 0.0 0.0 0.0 0.0 0.0 0.0 0.0 0.0 0.0 0.0 0.0 0.0 0.0 0.0 0.0 0.0 0.0 0.0 0.0 0.0 0.0 0.0 0.0 0.0 0.0 0.0 0.0 0.0 0.0 0.0 0.0
0.0 0.0 0.0 0.0 0.0 0.0 0.0 0.0 0.0 0.0 0.0 0.0 0.0 0.0 0.0 0.0 0.0 0.0 0.0 0.0 0.0 0.0 0.0 0.0 0.0 0.0 0.005042027602 0.005541105394 0.005022823301 0.004891770396 0.005593821973 0.005479754765 0.005642920372 0.00616384635 0.005556138964 0.00619674032 0.006152557029 0.005517827253 0.006024918079 0.005648864889 0.00520899507 0.005393424613 0.005432004509 0.005586101287 0.006492210213 0.005106488125 0.006115196545 0.00491193863 0.399972541359 0.005737712134 0.005479805241 0.005487548144 0.005176700933 0.005020008951 0.004912999651 0.005479929642 0.005760004306 0.0 0.0 0.0 0.0 0.0 0.0 0.0 0.0 0.0 0.0 0.0 0.0 0.0 0.0 0.0 0.0 0.0 0.0 0.0 0.0 0.0 0.0 0.0 0.0 0.0 0.0 0.0 0.0 0.0 0.0 0.0 0.0 0.0 0.0 0.0 0.0 0.0 0.0 0.0 0.0 0.0 0.0 0.0 0.0 0.0 0.0 0.0 0.0 0.0
0.0 0.0 0.0 0.0 0.0 0.0 0.0 0.0 0.0 0.0 0.0 0.0 0.0 0.0 0.0 0.0 0.0 0.0 0.0 0.0 0.0 0.0 0.0 0.0 0.0 0.0 0.005329421587 0.00557701964 0.005259131736 0.005144533583 0.005556688407 0.005546116227 0.005631396727 0.005906996451 0.005666562928 0.005984229804 0.005941597741 0.005551716135 0.005849643382 0.005673470646 0.005359932945 0.005495786994 0.00550553209 0.00555853109 0.006066288715 0.005306267087 0.005896241365 0.005235530109 0.005737712134 0.482940044814 0.005505658772 0.005561590313 0.00537587015 0.005300963062 0.005279429264 0.005525133014 0.005688309582 0.0 0.0 0.0 0.0 0.0 0.0 0.0 0.0 0.0 0.0 0.0 0.0 0.0 0.0 0.0 0.0 0.0 0.0 0.0 0.0 0.0 0.0 0.0 0.0 0.0 0.0 0.0 0.0 0.0 0.0 0.0 0.0 0.0 0.0 0.0 0.0 0.0 0.0 0.0 0.0 0.0 0.0 0.0 0.0 0.0 0.0 0.0 0.0 0.0
0.0 0.0 0.0 0.0 0.0 0.0 0.0 0.0 0.0 0.0 0.0 0.0 0.0 0.0 0.0 0.0 0.0 0.0 0.0 0.0 0.0 0.0 0.0 0.0 0.0 0.0 0.005464426809 0.005515221782 0.005468812955 0.005428502627 0.005507277269 0.005521247685 0.005480842279 0.005426463649 0.005524624448 0.005404100437 0.005446542224 0.00549461283 0.005467041332 0.00550302773 0.005487285061 0.005505803709 0.00549824007 0.005524670021 0.005401426081 0.005474246653 0.005486546001 0.005470967015 0.005479805241 0.005505658772 0.239876510908 0.005529081812 0.005491914772 0.005479764848 0.005444378275 0.005503667666 0.00551653481 0.0 0.0 0.0 0.0 0.0 0.0 0.0 0.0 0.0 0.0 0.0 0.0 0.0 0.0 0.0 0.0 0.0 0.0 0.0 0.0 0.0 0.0 0.0 0.0 0.0 0.0 0.0 0.0 0.0 0.0 0.0 0.0 0.0 0.0 0.0 0.0 0.0 0.0 0.0 0.0 0.0 0.0 0.0 0.0 0.0 0.0 0.0 0.0 0.0
0.0 0.0 0.0 0.0 0.0 0.0 0.0 0.0 0.0 0.0 0.0 0.0 0.0 0.0 0.0 0.0 0.0 0.0 0.0 0.0 0.0 0.0 0.0 0.0 0.0 0.0 0.005538533274 0.005520550975 0.00550273583 0.005460352085 0.005512480178 0.005515823389 0.005491465654 0.005431075926 0.005565960258 0.005400666816 0.005460820509 0.005491730592 0.005484836177 0.005522624967 0.005497517773 0.005521904775 0.005531891413 0.005521455527 0.005392714049 0.005510034184 0.00549156766 0.005529740758 0.005487548144 0.005561590313 0.005529081812 0.581919311416 0.005511760788 0.005541135839 0.005537539854 0.005513202562 0.005511897174 0.0 0.0 0.0 0.0 0.0 0.0 0.0 0.0 0.0 0.0 0.0 0.0 0.0 0.0 0.0 0.0 0.0 0.0 0.0 0.0 0.0 0.0 0.0 0.0 0.0 0.0 0.0 0.0 0.0 0.0 0.0 0.0 0.0 0.0 0.0 0.0 0.0 0.0 0.0 0.0 0.0 0.0 0.0 0.0 0.0 0.0 0.0 0.0 0.0
0.0 0.0 0.0 0.0 0.0 0.0 0.0 0.0 0.0 0.0 0.0 0.0 0.0 0.0 0.0 0.0 0.0 0.0 0.0 0.0 0.0 0.0 0.0 0.0 0.0 0.0 0.005929325868 0.005451495444 0.005911004997 0.005985252351 0.005384245363 0.005487710527 0.005372957993 0.004976711284 0.005498777823 0.004921447063 0.005006765662 0.005431440843 0.005105057546 0.005387106136 0.005722734975 0.005575792501 0.005548120777 0.005399373465 0.004747998221 0.005839583847 0.005052292064 0.006054839493 0.005176700933 0.00537587015 0.005491914772 0.005511760788 0.565894502103 0.005946511862 0.006055755735 0.005487665098 0.005269732928 0.0 0.0 0.0 0.0 0.0 0.0 0.0 0.0 0.0 0.0 0.0 0.0 0.0 0.0 0.0 0.0 0.0 0.0 0.0 0.0 0.0 0.0 0.0 0.0 0.0 0.0 0.0 0.0 0.0 0.0 0.0 0.0 0.0 0.0 0.0 0.0 0.0 0.0 0.0 0.0 0.0 0.0 0.0 0.0 0.0 0.0 0.0 0.0 0.0
0.0 0.0 0.0 0.0 0.0 0.0 0.0 0.0 0.0 0.0 0.0 0.0 0.0 0.0 0.0 0.0 0.0 0.0 0.0 0.0 0.0 0.0 0.0 0.0 0.0 0.0 0.006343743095 0.005419722322 0.006275313472 0.006449275191 0.005324924145 0.005451911763 0.005297084429 0.004706519008 0.005524621848 0.00455363971 0.004751114356 0.005341502901 0.004917378773 0.005323437162 0.005895540457 0.005622765985 0.005614233859 0.005339540245 0.004370402584 0.006106567096 0.00483639597 0.006587067882 0.005020008951 0.005300963062 0.005479764848 0.005541135839 0.005946511862 0.485063660944 0.006607608756 0.005478592702 0.005124301009 0.0 0.0 0.0 0.0 0.0 0.0 0.0 0.0 0.0 0.0 0.0 0.0 0.0 0.0 0.0 0.0 0.0 0.0 0.0 0.0 0.0 0.0 0.0 0.0 0.0 0.0 0.0 0.0 0.0 0.0 0.0 0.0 0.0 0.0 0.0 0.0 0.0 0.0 0.0 0.0 0.0 0.0 0.0 0.0 0.0 0.0 0.0 0.0 0.0
0.0 0.0 0.0 0.0 0.0 0.0 0.0 0.0 0.0 0.0 0.0 0.0 0.0 0.0 0.0 0.0 0.0 0.0 0.0 0.0 0.0 0.0 0.0 0.0 0.0 0.0 0.006573160122 0.005390364477 0.006476770126 0.006739016438 0.005271858636 0.005426575939 0.005256457072 0.004549195156 0.005524660493 0.004361260382 0.004595522594 0.005305097069 0.004793361255 0.005277516305 0.005993365946 0.005647638403 0.005639454594 0.005276261201 0.004138121642 0.006258006089 0.004681461228 0.006876201089 0.004912999651 0.005279429264 0.005444378275 0.005537539854 0.006055755735 0.006607608756 0.34340031023 0.005471268726 0.005021917694 0.0 0.0 0.0 0.0 0.0 0.0 0.0 0.0 0.0 0.0 0.0 0.0 0.0 0.0 0.0 0.0 0.0 0.0 0.0 0.0 0.0 0.0 0.0 0.0 0.0 0.0 0.0 0.0 0.0 0.0 0.0 0.0 0.0 0.0 0.0 0.0 0.0 0.0 0.0 0.0 0.0 0.0 0.0 0.0 0.0 0.0 0.0 0.0 0.0
