109 109
0.568924835045 0.008681782853 0.008073429399 0.009004548538 0.008256426772 0.008491534328 0.008176153978 0.007888282636 0.008560074451 0.008185945037 0.008681312248 0.007659705544 0.008411853873 0.008036138033 0.008897020094 0.008223497546 0.008604715144 0.008223128316 0.008345785856 0.008492468439 0.007948808083 0.008042331756 0.00846836927 0.006708710826 0.007335987899 0.0 0.0 0.0 0.0 0.0 0.0 0.0 0.0 0.0 0.0 0.0 0.0 0.0 0.0 0.0 0.0 0.0 0.0 0.0 0.0 0.0 0.0 0.0 0.0 0.0 0.0 0.0 0.0 0.0 0.0 0.0 0.0 0.0 0.0 0.0 0.0 0.0 0.0 0.0 0.0 0.0 0.0 0.0 0.0 0.0 0.0 0.0 0.0 0.0 0.0 0.0 0.0 0.0 0.0 0.0 0.0 0.0 0.0 0.0 0.0 0.0 0.0 0.0 0.0 0.0 0.0 0.0 0.0 0.0 0.0 0.0 0.0 0.0 0.0 0.0 0.0 0.0 0.0 0.0 0.0 0.0 0.0 0.0 0.0
0.008681782853 0.900284223837 0.00810622157 0.008821808123 0.008221780347 0.008421536483 0.008134579383 0.007944258253 0.008493580799 0.008211826359 0.008598400657 0.007813637549 0.00836744936 0.008083947784 0.008712462554 0.00824342399 0.008526268352 0.008242650235 0.00832785674 0.008437818392 0.008012130932 0.008089047191 0.008425731707 0.007070548976 0.007548634065 0.0 0.0 0.0 0.0 0.0 0.0 0.0 0.0 0.0 0.0 0.0 0.0 0.0 0.0 0.0 0.0 0.0 0.0 0.0 0.0 0.0 0.0 0.0 0.0 0.0 0.0 0.0 0.0 0.0 0.0 0.0 0.0 0.0 0.0 0.0 0.0 0.0 0.0 0.0 0.0 0.0 0.0 0.0 0.0 0.0 0.0 0.0 0.0 0.0 0.0 0.0 0.0 0.0 0.0 0.0 0.0 0.0 0.0 0.0 0.0 0.0 0.0 0.0 0.0 0.0 0.0 0.0 0.0 0.0 0.0 0.0 0.0 0.0 0.0 0.0 0.0 0.0 0.0 0.0 0.0 0.0 0.0 0.0 0.0
0.008073429399 0.00810622157 0.283448509362 0.008013539203 0.008312412449 0.008166404809 0.008363830171 0.008399979898 0.008168365948 0.008246925702 0.008107686856 0.008387548115 0.008208832686 0.008321684075 0.008075710231 0.00828331354 0.008157262854 0.008247940738 0.008219183444 0.008109798872 0.008396693446 0.00825984126 0.008157185489 0.008575635058 0.008368016359 0.0 0.0 0.0 0.0 0.0 0.0 0.0 0.0 0.0 0.0 0.0 0.0 0.0 0.0 0.0 0.0 0.0 0.0 0.0 0.0 0.0 0.0 0.0 0.0 0.0 0.0 0.0 0.0 0.0 0.0 0.0 0.0 0.0 0.0 0.0 0.0 0.0 0.0 0.0 0.0 0.0 0.0 0.0 0.0 0.0 0.0 0.0 0.0 0.0 0.0 0.0 0.0 0.0 0.0 0.0 0.0 0.0 0.0 0.0 0.0 0.0 0.0 0.0 0.0 0.0 0.0 0.0 0.0 0.0 0.0 0.0 0.0 0.0 0.0 0.0 0.0 0.0 0.0 0.0 0.0 0.0 0.0 0.0 0.0
0.009004548538 0.008821808123 0.008013539203 0.620316712362 0.008180096863 0.008536140891 0.008038954112 0.00774562765 0.00865970437 0.008156687475 0.008808730561 0.007518081665 0.008420037195 0.007943590046 0.009114310625 0.00818759718 0.008721095524 0.008204384653 0.008346624449 0.008581704883 0.007822599083 0.00798344216 0.008535345384 0.006328389429 0.007135880463 0.0 0.0 0.0 0.0 0.0 0.0 0.0 0.0 0.0 0.0 0.0 0.0 0.0 0.0 0.0 0.0 0.0 0.0 0.0 0.0 0.0 0.0 0.0 0.0 0.0 0.0 0.0 0.0 0.0 0.0 0.0 0.0 0.0 0.0 0.0 0.0 0.0 0.0 0.0 0.0 0.0 0.0 0.0 0.0 0.0 0.0 0.0 0.0 0.0 0.0 0.0 0.0 0.0 0.0 0.0 0.0 0.0 0.0 0.0 0.0 0.0 0.0 0.0 0.0 0.0 0.0 0.0 0.0 0.0 0.0 0.0 0.0 0.0 0.0 0.0 0.0 0.0 0.0 0.0 0.0 0.0 0.0 0.0 0.0
0.008256426772 0.008221780347 0.008312412449 0.008180096863 0.364241630229 0.008295784974 0.008627889938 0.008439169617 0.00829368431 0.008282202931 0.008242666612 0.008238560755 0.008363085227 0.008358816365 0.008287975193 0.008385807669 0.008302766061 0.008306832955 0.008335061652 0.008167300596 0.008449085012 0.008236959121 0.008249047119 0.008220650193 0.008054428807 0.0 0.0 0.0 0.0 0.0 0.0 0.0 0.0 0.0 0.0 0.0 0.0 0.0 0.0 0.0 0.0 0.0 0.0 0.0 0.0 0.0 0.0 0.0 0.0 0.0 0.0 0.0 0.0 0.0 0.0 0.0 0.0 0.0 0.0 0.0 0.0 0.0 0.0 0.0 0.0 0.0 0.0 0.0 0.0 0.0 0.0 0.0 0.0 0.0 0.0 0.0 0.0 0.0 0.0 0.0 0.0 0.0 0.0 0.0 0.0 0.0 0.0 0.0 0.0 0.0 0.0 0.0 0.0 0.0 0.0 0.0 0.0 0.0 0.0 0.0 0.0 0.0 0.0 0.0 0.0 0.0 0.0 0.0 0.0
0.008491534328 0.008421536483 0.008166404809 0.008536140891 0.008295784974 0.374546128714 0.008266272033 0.008099662212 0.008373063364 0.008211724132 0.008420348879 0.007936385294 0.008337837343 0.008148235224 0.00852124018 0.008250735433 0.008400189307 0.008238435412 0.008305827631 0.008332515734 0.008118967155 0.008138098787 0.008343243389 0.007414441504 0.007736333522 0.0 0.0 0.0 0.0 0.0 0.0 0.0 0.0 0.0 0.0 0.0 0.0 0.0 0.0 0.0 0.0 0.0 0.0 0.0 0.0 0.0 0.0 0.0 0.0 0.0 0.0 0.0 0.0 0.0 0.0 0.0 0.0 0.0 0.0 0.0 0.0 0.0 0.0 0.0 0.0 0.0 0.0 0.0 0.0 0.0 0.0 0.0 0.0 0.0 0.0 0.0 0.0 0.0 0.0 0.0 0.0 0.0 0.0 0.0 0.0 0.0 0.0 0.0 0.0 0.0 0.0 0.0 0.0 0.0 0.0 0.0 0.0 0.0 0.0 0.0 0.0 0.0 0.0 0.0 0.0 0.0 0.0 0.0 0.0
0.008176153978 0.008134579383 0.008363830171 0.008038954112 0.008627889938 0.008266272033 0.244109900217 0.008569567759 0.008265248889 0.008311262487 0.008179166266 0.008354702817 0.008372974566 0.008473386554 0.008188730256 0.008431876247 0.008245407639 0.008328778066 0.008339367365 0.008093455029 0.008597757476 0.008280277735 0.008204116161 0.008569222986 0.008202481111 0.0 0.0 0.0 0.0 0.0 0.0 0.0 0.0 0.0 0.0 0.0 0.0 0.0 0.0 0.0 0.0 0.0 0.0 0.0 0.0 0.0 0.0 0.0 0.0 0.0 0.0 0.0 0.0 0.0 0.0 0.0 0.0 0.0 0.0 0.0 0.0 0.0 0.0 0.0 0.0 0.0 0.0 0.0 0.0 0.0 0.0 0.0 0.0 0.0 0.0 0.0 0.0 0.0 0.0 0.0 0.0 0.0 0.0 0.0 0.0 0.0 0.0 0.0 0.0 0.0 0.0 0.0 0.0 0.0 0.0 0.0 0.0 0.0 0.0 0.0 0.0 0.0 0.0 0.0 0.0 0.0 0.0 0.0 0.0
0.007888282636 0.007944258253 0.008399979898 0.00774562765 0.008439169617 0.008099662212 0.008569567759 0.39708837309 0.008093884601 0.008287971755 0.007961599953 0.008624886036 0.008197310231 0.008456381571 0.007885356002 0.008359263624 0.008067289457 0.008283170387 0.008220110433 0.007986169501 0.008622052253 0.00832840038 0.008077674071 0.009214937586 0.008629261881 0.0 0.0 0.0 0.0 0.0 0.0 0.0 0.0 0.0 0.0 0.0 0.0 0.0 0.0 0.0 0.0 0.0 0.0 0.0 0.0 0.0 0.0 0.0 0.0 0.0 0.0 0.0 0.0 0.0 0.0 0.0 0.0 0.0 0.0 0.0 0.0 0.0 0.0 0.0 0.0 0.0 0.0 0.0 0.0 0.0 0.0 0.0 0.0 0.0 0.0 0.0 0.0 0.0 0.0 0.0 0.0 0.0 0.0 0.0 0.0 0.0 0.0 0.0 0.0 0.0 0.0 0.0 0.0 0.0 0.0 0.0 0.0 0.0 0.0 0.0 0.0 0.0 0.0 0.0 0.0 0.0 0.0 0.0 0.0
0.008560074451 0.008493580799 0.008168365948 0.00865970437 0.00829368431 0.008373063364 0.008265248889 0.008093884601 0.45581506461 0.008226438609 0.008482319914 0.007951516107 0.008346774554 0.008169746093 0.008608630976 0.008273744746 0.008459914136 0.008254031169 0.008313451129 0.00834799331 0.00814342891 0.008133147485 0.008364656007 0.007424642305 0.007723064201 0.0 0.0 0.0 0.0 0.0 0.0 0.0 0.0 0.0 0.0 0.0 0.0 0.0 0.0 0.0 0.0 0.0 0.0 0.0 0.0 0.0 0.0 0.0 0.0 0.0 0.0 0.0 0.0 0.0 0.0 0.0 0.0 0.0 0.0 0.0 0.0 0.0 0.0 0.0 0.0 0.0 0.0 0.0 0.0 0.0 0.0 0.0 0.0 0.0 0.0 0.0 0.0 0.0 0.0 0.0 0.0 0.0 0.0 0.0 0.0 0.0 0.0 0.0 0.0 0.0 0.0 0.0 0.0 0.0 0.0 0.0 0.0 0.0 0.0 0.0 0.0 0.0 0.0 0.0 0.0 0.0 0.0 0.0 0.0
0.008185945037 0.008211826359 0.008246925702 0.008156687475 0.008282202931 0.008211724132 0.008311262487 0.008287971755 0.008226438609 0.472143067184 0.008199973999 0.008272474495 0.008234601263 0.008278357759 0.00817857945 0.008273413836 0.008214957353 0.008247960874 0.008242320538 0.008173428892 0.008306140228 0.008230697896 0.008210546558 0.008304006874 0.008222022245 0.0 0.0 0.0 0.0 0.0 0.0 0.0 0.0 0.0 0.0 0.0 0.0 0.0 0.0 0.0 0.0 0.0 0.0 0.0 0.0 0.0 0.0 0.0 0.0 0.0 0.0 0.0 0.0 0.0 0.0 0.0 0.0 0.0 0.0 0.0 0.0 0.0 0.0 0.0 0.0 0.0 0.0 0.0 0.0 0.0 0.0 0.0 0.0 0.0 0.0 0.0 0.0 0.0 0.0 0.0 0.0 0.0 0.0 0.0 0.0 0.0 0.0 0.0 0.0 0.0 0.0 0.0 0.0 0.0 0.0 0.0 0.0 0.0 0.0 0.0 0.0 0.0 0.0 0.0 0.0 0.0 0.0 0.0 0.0
0.008681312248 0.008598400657 0.008107686856 0.008808730561 0.008242666612 0.008420348879 0.008179166266 0.007961599953 0.008482319914 0.008199973999 0.60655809959 0.007793584883 0.008371669881 0.008093933449 0.008716618242 0.008232464255 0.008512061093 0.008233006497 0.008318460995 0.008424883322 0.008018025211 0.008087595576 0.008409855588 0.007039643958 0.007535032359 0.0 0.0 0.0 0.0 0.0 0.0 0.0 0.0 0.0 0.0 0.0 0.0 0.0 0.0 0.0 0.0 0.0 0.0 0.0 0.0 0.0 0.0 0.0 0.0 0.0 0.0 0.0 0.0 0.0 0.0 0.0 0.0 0.0 0.0 0.0 0.0 0.0 0.0 0.0 0.0 0.0 0.0 0.0 0.0 0.0 0.0 0.0 0.0 0.0 0.0 0.0 0.0 0.0 0.0 0.0 0.0 0.0 0.0 0.0 0.0 0.0 0.0 0.0 0.0 0.0 0.0 0.0 0.0 0.0 0.0 0.0 0.0 0.0 0.0 0.0 0.0 0.0 0.0 0.0 0.0 0.0 0.0 0.0 0.0
0.007659705544 0.007813637549 0.008387548115 0.007518081665 0.008238560755 0.007936385294 0.008354702817 0.008624886036 0.007951516107 0.008272474495 0.007793584883 0.305268309961 0.008027098291 0.008444426761 0.007617238392 0.008274415886 0.007894059785 0.008220147375 0.008099510091 0.007899205316 0.00862893119 0.008361524816 0.007962567289 0.01015556696 0.009176612688 0.0 0.0 0.0 0.0 0.0 0.0 0.0 0.0 0.0 0.0 0.0 0.0 0.0 0.0 0.0 0.0 0.0 0.0 0.0 0.0 0.0 0.0 0.0 0.0 0.0 0.0 0.0 0.0 0.0 0.0 0.0 0.0 0.0 0.0 0.0 0.0 0.0 0.0 0.0 0.0 0.0 0.0 0.0 0.0 0.0 0.0 0.0 0.0 0.0 0.0 0.0 0.0 0.0 0.0 0.0 0.0 0.0 0.0 0.0 0.0 0.0 0.0 0.0 0.0 0.0 0.0 0.0 0.0 0.0 0.0 0.0 0.0 0.0 0.0 0.0 0.0 0.0 0.0 0.0 0.0 0.0 0.0 0.0 0.0
0.008411853873 0.00836744936 0.008208832686 0.008420037195 0.008363085227 0.008337837343 0.008372974566 0.008197310231 0.008346774554 0.008234601263 0.008371669881 0.008027098291 0.370180066427 0.008221600297 0.008439595286 0.008290467004 0.0083643997 0.008261892147 0.008311255895 0.008278177647 0.008216368597 0.008173478405 0.008309830049 0.007650765219 0.007842587482 0.0 0.0 0.0 0.0 0.0 0.0 0.0 0.0 0.0 0.0 0.0 0.0 0.0 0.0 0.0 0.0 0.0 0.0 0.0 0.0 0.0 0.0 0.0 0.0 0.0 0.0 0.0 0.0 0.0 0.0 0.0 0.0 0.0 0.0 0.0 0.0 0.0 0.0 0.0 0.0 0.0 0.0 0.0 0.0 0.0 0.0 0.0 0.0 0.0 0.0 0.0 0.0 0.0 0.0 0.0 0.0 0.0 0.0 0.0 0.0 0.0 0.0 0.0 0.0 0.0 0.0 0.0 0.0 0.0 0.0 0.0 0.0 0.0 0.0 0.0 0.0 0.0 0.0 0.0 0.0 0.0 0.0 0.0 0.0
0.008036138033 0.008083947784 0.008321684075 0.007943590046 0.008358816365 0.008148235224 0.008473386554 0.008456381571 0.008169746093 0.008278357759 0.008093933449 0.008444426761 0.008221600297 0.484443766717 0.008012915189 0.008321515953 0.008124070981 0.008275387226 0.00822822839 0.008070864145 0.008483763016 0.008296182228 0.008137664164 0.008740197163 0.008448902165 0.0 0.0 0.0 0.0 0.0 0.0 0.0 0.0 0.0 0.0 0.0 0.0 0.0 0.0 0.0 0.0 0.0 0.0 0.0 0.0 0.0 0.0 0.0 0.0 0.0 0.0 0.0 0.0 0.0 0.0 0.0 0.0 0.0 0.0 0.0 0.0 0.0 0.0 0.0 0.0 0.0 0.0 0.0 0.0 0.0 0.0 0.0 0.0 0.0 0.0 0.0 0.0 0.0 0.0 0.0 0.0 0.0 0.0 0.0 0.0 0.0 0.0 0.0 0.0 0.0 0.0 0.0 0.0 0.0 0.0 0.0 0.0 0.0 0.0 0.0 0.0 0.0 0.0 0.0 0.0 0.0 0.0 0.0 0.0
0.008897020094 0.008712462554 0.008075710231 0.009114310625 0.008287975193 0.00852124018 0.008188730256 0.007885356002 0.008608630976 0.00817857945 0.008716618242 0.007617238392 0.008439595286 0.008012915189 0.528950519048 0.008234664467 0.008671584178 0.008228426296 0.008362741995 0.00851221982 0.007936439618 0.008024563607 0.008497850204 0.006588083496 0.007248823885 0.0 0.0 0.0 0.0 0.0 0.0 0.0 0.0 0.0 0.0 0.0 0.0 0.0 0.0 0.0 0.0 0.0 0.0 0.0 0.0 0.0 0.0 0.0 0.0 0.0 0.0 0.0 0.0 0.0 0.0 0.0 0.0 0.0 0.0 0.0 0.0 0.0 0.0 0.0 0.0 0.0 0.0 0.0 0.0 0.0 0.0 0.0 0.0 0.0 0.0 0.0 0.0 0.0 0.0 0.0 0.0 0.0 0.0 0.0 0.0 0.0 0.0 0.0 0.0 0.0 0.0 0.0 0.0 0.0 0.0 0.0 0.0 0.0 0.0 0.0 0.0 0.0 0.0 0.0 0.0 0.0 0.0 0.0 0.0
0.008223497546 0.00824342399 0.00828331354 0.00818759718 0.008385807669 0.008250735433 0.008431876247 0.008359263624 0.008273744746 0.008273413836 0.008232464255 0.008274415886 0.008290467004 0.008321515953 0.008234664467 0.336676403919 0.008271191629 0.008287435978 0.008291871532 0.008177736467 0.008380869467 0.008236135702 0.00823920632 0.00827525072 0.00813610659 0.0 0.0 0.0 0.0 0.0 0.0 0.0 0.0 0.0 0.0 0.0 0.0 0.0 0.0 0.0 0.0 0.0 0.0 0.0 0.0 0.0 0.0 0.0 0.0 0.0 0.0 0.0 0.0 0.0 0.0 0.0 0.0 0.0 0.0 0.0 0.0 0.0 0.0 0.0 0.0 0.0 0.0 0.0 0.0 0.0 0.0 0.0 0.0 0.0 0.0 0.0 0.0 0.0 0.0 0.0 0.0 0.0 0.0 0.0 0.0 0.0 0.0 0.0 0.0 0.0 0.0 0.0 0.0 0.0 0.0 0.0 0.0 0.0 0.0 0.0 0.0 0.0 0.0 0.0 0.0 0.0 0.0 0.0 0.0
0.008604715144 0.008526268352 0.008157262854 0.008721095524 0.008302766061 0.008400189307 0.008245407639 0.008067289457 0.008459914136 0.008214957353 0.008512061093 0.007894059785 0.0083643997 0.008124070981 0.008671584178 0.008271191629 0.265693205482 0.008249272833 0.008327007607 0.008381163607 0.00810357576 0.00810967188 0.008389134526 0.007285945276 0.007625145344 0.0 0.0 0.0 0.0 0.0 0.0 0.0 0.0 0.0 0.0 0.0 0.0 0.0 0.0 0.0 0.0 0.0 0.0 0.0 0.0 0.0 0.0 0.0 0.0 0.0 0.0 0.0 0.0 0.0 0.0 0.0 0.0 0.0 0.0 0.0 0.0 0.0 0.0 0.0 0.0 0.0 0.0 0.0 0.0 0.0 0.0 0.0 0.0 0.0 0.0 0.0 0.0 0.0 0.0 0.0 0.0 0.0 0.0 0.0 0.0 0.0 0.0 0.0 0.0 0.0 0.0 0.0 0.0 0.0 0.0 0.0 0.0 0.0 0.0 0.0 0.0 0.0 0.0 0.0 0.0 0.0 0.0 0.0 0.0
0.008223128316 0.008242650235 0.008247940738 0.008204384653 0.008306832955 0.008238435412 0.008328778066 0.008283170387 0.008254031169 0.008247960874 0.008233006497 0.008220147375 0.008261892147 0.008275387226 0.008228426296 0.008287435978 0.008249272833 0.33994980298 0.008261253143 0.008191587368 0.00829601515 0.008224664245 0.008233284197 0.008136623758 0.008125639962 0.0 0.0 0.0 0.0 0.0 0.0 0.0 0.0 0.0 0.0 0.0 0.0 0.0 0.0 0.0 0.0 0.0 0.0 0.0 0.0 0.0 0.0 0.0 0.0 0.0 0.0 0.0 0.0 0.0 0.0 0.0 0.0 0.0 0.0 0.0 0.0 0.0 0.0 0.0 0.0 0.0 0.0 0.0 0.0 0.0 0.0 0.0 0.0 0.0 0.0 0.0 0.0 0.0 0.0 0.0 0.0 0.0 0.0 0.0 0.0 0.0 0.0 0.0 0.0 0.0 0.0 0.0 0.0 0.0 0.0 0.0 0.0 0.0 0.0 0.0 0.0 0.0 0.0 0.0 0.0 0.0 0.0 0.0 0.0
0.008345785856 0.00832785674 0.008219183444 0.008346624449 0.008335061652 0.008305827631 0.008339367365 0.008220110433 0.008313451129 0.008242320538 0.008318460995 0.008099510091 0.008311255895 0.00822822839 0.008362741995 0.008291871532 0.008327007607 0.008261253143 1.69445790786 0.008253946164 0.008236940384 0.008188120387 0.008291278442 0.00783029657 0.007936669531 0.0 0.0 0.0 0.0 0.0 0.0 0.0 0.0 0.0 0.0 0.0 0.0 0.0 0.0 0.0 0.0 0.0 0.0 0.0 0.0 0.0 0.0 0.0 0.0 0.0 0.0 0.0 0.0 0.0 0.0 0.0 0.0 0.0 0.0 0.0 0.0 0.0 0.0 0.0 0.0 0.0 0.0 0.0 0.0 0.0 0.0 0.0 0.0 0.0 0.0 0.0 0.0 0.0 0.0 0.0 0.0 0.0 0.0 0.0 0.0 0.0 0.0 0.0 0.0 0.0 0.0 0.0 0.0 0.0 0.0 0.0 0.0 0.0 0.0 0.0 0.0 0.0 0.0 0.0 0.0 0.0 0.0 0.0 0.0
0.008492468439 0.008437818392 0.008109798872 0.008581704883 0.008167300596 0.008332515734 0.008093455029 0.007986169501 0.00834799331 0.008173428892 0.008424883322 0.007899205316 0.008278177647 0.008070864145 0.00851221982 0.008177736467 0.008381163607 0.008191587368 0.008253946164 0.612153929519 0.008005389215 0.008108083895 0.008331557523 0.007383286145 0.007756965672 0.0 0.0 0.0 0.0 0.0 0.0 0.0 0.0 0.0 0.0 0.0 0.0 0.0 0.0 0.0 0.0 0.0 0.0 0.0 0.0 0.0 0.0 0.0 0.0 0.0 0.0 0.0 0.0 0.0 0.0 0.0 0.0 0.0 0.0 0.0 0.0 0.0 0.0 0.0 0.0 0.0 0.0 0.0 0.0 0.0 0.0 0.0 0.0 0.0 0.0 0.0 0.0 0.0 0.0 0.0 0.0 0.0 0.0 0.0 0.0 0.0 0.0 0.0 0.0 0.0 0.0 0.0 0.0 0.0 0.0 0.0 0.0 0.0 0.0 0.0 0.0 0.0 0.0 0.0 0.0 0.0 0.0 0.0 0.0
0.007948808083 0.008012130932 0.008396693446 0.007822599083 0.008449085012 0.008118967155 0.008597757476 0.008622052253 0.00814342891 0.008306140228 0.008018025211 0.00862893119 0.008216368597 0.008483763016 0.007936439618 0.008380869467 0.00810357576 0.00829601515 0.008236940384 0.008005389215 0.309495787499 0.00832517428 0.008102867893 0.009237878554 0.008616542883 0.0 0.0 0.0 0.0 0.0 0.0 0.0 0.0 0.0 0.0 0.0 0.0 0.0 0.0 0.0 0.0 0.0 0.0 0.0 0.0 0.0 0.0 0.0 0.0 0.0 0.0 0.0 0.0 0.0 0.0 0.0 0.0 0.0 0.0 0.0 0.0 0.0 0.0 0.0 0.0 0.0 0.0 0.0 0.0 0.0 0.0 0.0 0.0 0.0 0.0 0.0 0.0 0.0 0.0 0.0 0.0 0.0 0.0 0.0 0.0 0.0 0.0 0.0 0.0 0.0 0.0 0.0 0.0 0.0 0.0 0.0 0.0 0.0 0.0 0.0 0.0 0.0 0.0 0.0 0.0 0.0 0.0 0.0 0.0
0.008042331756 0.008089047191 0.00825984126 0.00798344216 0.008236959121 0.008138098787 0.008280277735 0.00832840038 0.008133147485 0.008230697896 0.008087595576 0.008361524816 0.008173478405 0.008296182228 0.008024563607 0.008236135702 0.00810967188 0.008224664245 0.008188120387 0.008108083895 0.00832517428 0.352109640972 0.008139111256 0.008572511788 0.008416288342 0.0 0.0 0.0 0.0 0.0 0.0 0.0 0.0 0.0 0.0 0.0 0.0 0.0 0.0 0.0 0.0 0.0 0.0 0.0 0.0 0.0 0.0 0.0 0.0 0.0 0.0 0.0 0.0 0.0 0.0 0.0 0.0 0.0 0.0 0.0 0.0 0.0 0.0 0.0 0.0 0.0 0.0 0.0 0.0 0.0 0.0 0.0 0.0 0.0 0.0 0.0 0.0 0.0 0.0 0.0 0.0 0.0 0.0 0.0 0.0 0.0 0.0 0.0 0.0 0.0 0.0 0.0 0.0 0.0 0.0 0.0 0.0 0.0 0.0 0.0 0.0 0.0 0.0 0.0 0.0 0.0 0.0 0.0 0.0
0.00846836927 0.008425731707 0.008157185489 0.008535345384 0.008249047119 0.008343243389 0.008204116161 0.008077674071 0.008364656007 0.008210546558 0.008409855588 0.007962567289 0.008309830049 0.008137664164 0.008497850204 0.00823920632 0.008389134526 0.008233284197 0.008291278442 0.008331557523 0.008102867893 0.008139111256 0.437855324785 0.007485779972 0.007781476777 0.0 0.0 0.0 0.0 0.0 0.0 0.0 0.0 0.0 0.0 0.0 0.0 0.0 0.0 0.0 0.0 0.0 0.0 0.0 0.0 0.0 0.0 0.0 0.0 0.0 0.0 0.0 0.0 0.0 0.0 0.0 0.0 0.0 0.0 0.0 0.0 0.0 0.0 0.0 0.0 0.0 0.0 0.0 0.0 0.0 0.0 0.0 0.0 0.0 0.0 0.0 0.0 0.0 0.0 0.0 0.0 0.0 0.0 0.0 0.0 0.0 0.0 0.0 0.0 0.0 0.0 0.0 0.0 0.0 0.0 0.0 0.0 0.0 0.0 0.0 0.0 0.0 0.0 0.0 0.0 0.0 0.0 0.0 0.0
0.006708710826 0.007070548976 0.008575635058 0.006328389429 0.008220650193 0.007414441504 0.008569222986 0.009214937586 0.007424642305 0.008304006874 0.007039643958 0.01015556696 0.007650765219 0.008740197163 0.006588083496 0.00827525072 0.007285945276 0.008136623758 0.00783029657 0.007383286145 0.009237878554 0.008572511788 0.007485779972 0.19063388276 0.0111908625 0.0 0.0 0.0 0.0 0.0 0.0 0.0 0.0 0.0 0.0 0.0 0.0 0.0 0.0 0.0 0.0 0.0 0.0 0.0 0.0 0.0 0.0 0.0 0.0 0.0 0.0 0.0 0.0 0.0 0.0 0.0 0.0 0.0 0.0 0.0 0.0 0.0 0.0 0.0 0.0 0.0 0.0 0.0 0.0 0.0 0.0 0.0 0.0 0.0 0.0 0.0 0.0 0.0 0.0 0.0 0.0 0.0 0.0 0.0 0.0 0.0 0.0 0.0 0.0 0.0 0.0 0.0 0.0 0.0 0.0 0.0 0.0 0.0 0.0 0.0 0.0 0.0 0.0 0.0 0.0 0.0 0.0 0.0 0.0
0.007335987899 0.007548634065 0.008368016359 0.007135880463 0.008054428807 0.007736333522 0.008202481111 0.008629261881 0.007723064201 0.008222022245 0.007535032359 0.009176612688 0.007842587482 0.008448902165 0.007248823885 0.00813610659 0.007625145344 0.008125639962 0.007936669531 0.007756965672 0.008616542883 0.008416288342 0.007781476777 0.0111908625 0.275935834142 0.0 0.0 0.0 0.0 0.0 0.0 0.0 0.0 0.0 0.0 0.0 0.0 0.0 0.0 0.0 0.0 0.0 0.0 0.0 0.0 0.0 0.0 0.0 0.0 0.0 0.0 0.0 0.0 0.0 0.0 0.0 0.0 0.0 0.0 0.0 0.0 0.0 0.0 0.0 0.0 0.0 0.0 0.0 0.0 0.0 0.0 0.0 0.0 0.0 0.0 0.0 0.0 0.0 0.0 0.0 0.0 0.0 0.0 0.0 0.0 0.0 0.0 0.0 0.0 0.0 0.0 0.0 0.0 0.0 0.0 0.0 0.0 0.0 0.0 0.0 0.0 0.0 0.0 0.0 0.0 0.0 0.0 0.0 0.0
0.0 0.0 0.0 0.0 0.0 0.0 0.0 0.0 0.0 0.0 0.0 0.0 0.0 0.0 0.0 0.0 0.0 0.0 0.0 0.0 0.0 0.0 0.0 0.0 0.0 0.301892916406 0.00685263729 0.006903784777 0.00681234691 0.006778700906 0.006439903734 0.006812480337 0.006752705054 0.006691263906 0.006836107257 0.006513124637 0.006656494688 0.006767909907 0.006796408703 0.006886441739 0.006753792423 0.006687196154 0.006569425736 0.006789671847 0.006825484681 0.006817353215 0.006678735969 0.006540053548 0.006824045877 0.00695547785 0.006783360559 0.006770690454 0.006946095329 0.0069121642 0.006862739654 0.00649868728 0.0 0.0 0.0 0.0 0.0 0.0 0.0 0.0 0.0 0.0 0.0 0.0 0.0 0.0 0.0 0.0 0.0 0.0 0.0 0.0 0.0 0.0 0.0 0.0 0.0 0.0 0.0 0.0 0.0 0.0 0.0 0.0 0.0 0.0 0.0 0.0 0.0 0.0 0.0 0.0 0.0 0.0 0.0 0.0 0.0 0.0 0.0 0.0 0.0 0.0 0.0 0.0 0.0
0.0 0.0 0.0 0.0 0.0 0.0 0.0 0.0 0.0 0.0 0.0 0.0 0.0 0.0 0.0 0.0 0.0 0.0 0.0 0.0 0.0 0.0 0.0 0.0 0.0 0.00685263729 0.480905020905 0.007097087257 0.006863055109 0.00677655382 0.005999629616 0.006881728321 0.007096577591 0.006534160073 0.006862256481 0.006097620145 0.006452446626 0.006869510211 0.006763522614 0.007317940134 0.006713782669 0.006553383799 0.006235842952 0.006809782872 0.007021415577 0.006985630948 0.006507893522 0.006163813016 0.007019137671 0.007270774941 0.006842309721 0.006789265772 0.007442397993 0.007321506896 0.007276423768 0.006152061116 0.0 0.0 0.0 0.0 0.0 0.0 0.0 0.0 0.0 0.0 0.0 0.0 0.0 0.0 0.0 0.0 0.0 0.0 0.0 0.0 0.0 0.0 0.0 0.0 0.0 0.0 0.0 0.0 0.0 0.0 0.0 0.0 0.0 0.0 0.0 0.0 0.0 0.0 0.0 0.0 0.0 0.0 0.0 0.0 0.0 0.0 0.0 0.0 0.0 0.0 0.0 0.0 0.0
0.0 0.0 0.0 0.0 0.0 0.0 0.0 0.0 0.0 0.0 0.0 0.0 0.0 0.0 0.0 0.0 0.0 0.0 0.0 0.0 0.0 0.0 0.0 0.0 0.0 0.006903784777 0.007097087257 0.316685028478 0.006922485022 0.006778675093 0.00600687108 0.006904078013 0.00714902494 0.006554817518 0.006894392951 0.006099138444 0.006448460893 0.006884488268 0.006801325844 0.007545472347 0.006725871692 0.006526861243 0.006226432605 0.006821648642 0.007088321721 0.007026302478 0.006507531305 0.006174648427 0.007109770284 0.007540414671 0.006849467773 0.006818567665 0.00778618841 0.007601208091 0.007490518298 0.006114387029 0.0 0.0 0.0 0.0 0.0 0.0 0.0 0.0 0.0 0.0 0.0 0.0 0.0 0.0 0.0 0.0 0.0 0.0 0.0 0.0 0.0 0.0 0.0 0.0 0.0 0.0 0.0 0.0 0.0 0.0 0.0 0.0 0.0 0.0 0.0 0.0 0.0 0.0 0.0 0.0 0.0 0.0 0.0 0.0 0.0 0.0 0.0 0.0 0.0 0.0 0.0 0.0 0.0
0.0 0.0 0.0 0.0 0.0 0.0 0.0 0.0 0.0 0.0 0.0 0.0 0.0 0.0 0.0 0.0 0.0 0.0 0.0 0.0 0.0 0.0 0.0 0.0 0.0 0.00681234691 0.006863055109 0.006922485022 0.381804628756 0.006762000275 0.006382497163 0.006814852658 0.00683467052 0.006652696838 0.006805980231 0.006449841353 0.006608212467 0.006779681593 0.006770777233 0.007002144249 0.006728496178 0.006640363385 0.006503512465 0.006775147575 0.006860192062 0.006853366417 0.006638630724 0.006484875418 0.006865908974 0.007012845599 0.00678848285 0.006769231457 0.007059404263 0.00700319111 0.006997762378 0.006447721766 0.0 0.0 0.0 0.0 0.0 0.0 0.0 0.0 0.0 0.0 0.0 0.0 0.0 0.0 0.0 0.0 0.0 0.0 0.0 0.0 0.0 0.0 0.0 0.0 0.0 0.0 0.0 0.0 0.0 0.0 0.0 0.0 0.0 0.0 0.0 0.0 0.0 0.0 0.0 0.0 0.0 0.0 0.0 0.0 0.0 0.0 0.0 0.0 0.0 0.0 0.0 0.0 0.0
0.0 0.0 0.0 0.0 0.0 0.0 0.0 0.0 0.0 0.0 0.0 0.0 0.0 0.0 0.0 0.0 0.0 0.0 0.0 0.0 0.0 0.0 0.0 0.0 0.0 0.006778700906 0.00677655382 0.006778675093 0.006762000275 0.290269489427 0.006537067877 0.006768646633 0.006696462686 0.006678286479 0.006776091731 0.006601032422 0.0066734904 0.006714589048 0.006751783653 0.006778315163 0.006721073875 0.006692426141 0.006627875538 0.006746914403 0.006750625113 0.006767420747 0.006687042163 0.006604863295 0.006742428515 0.006813049417 0.006748730602 0.00674106487 0.006793530104 0.006770188674 0.006777568789 0.006593963747 0.0 0.0 0.0 0.0 0.0 0.0 0.0 0.0 0.0 0.0 0.0 0.0 0.0 0.0 0.0 0.0 0.0 0.0 0.0 0.0 0.0 0.0 0.0 0.0 0.0 0.0 0.0 0.0 0.0 0.0 0.0 0.0 0.0 0.0 0.0 0.0 0.0 0.0 0.0 0.0 0.0 0.0 0.0 0.0 0.0 0.0 0.0 0.0 0.0 0.0 0.0 0.0 0.0
0.0 0.0 0.0 0.0 0.0 0.0 0.0 0.0 0.0 0.0 0.0 0.0 0.0 0.0 0.0 0.0 0.0 0.0 0.0 0.0 0.0 0.0 0.0 0.0 0.0 0.006439903734 0.005999629616 0.00600687108 0.006382497163 0.006537067877 1.97214222703 0.006346420623 0.005908993581 0.006985459049 0.006416432421 0.007885685333 0.007133639549 0.006356297701 0.006571864286 0.005550615855 0.006654605313 0.006932821951 0.007599652545 0.006481239872 0.006095608618 0.006147079511 0.007033964087 0.007746618151 0.006094107054 0.005688946062 0.006400674597 0.00652397021 0.005357360518 0.005566166967 0.005589398227 0.007728371672 0.0 0.0 0.0 0.0 0.0 0.0 0.0 0.0 0.0 0.0 0.0 0.0 0.0 0.0 0.0 0.0 0.0 0.0 0.0 0.0 0.0 0.0 0.0 0.0 0.0 0.0 0.0 0.0 0.0 0.0 0.0 0.0 0.0 0.0 0.0 0.0 0.0 0.0 0.0 0.0 0.0 0.0 0.0 0.0 0.0 0.0 0.0 0.0 0.0 0.0 0.0 0.0 0.0
0.0 0.0 0.0 0.0 0.0 0.0 0.0 0.0 0.0 0.0 0.0 0.0 0.0 0.0 0.0 0.0 0.0 0.0 0.0 0.0 0.0 0.0 0.0 0.0 0.0 0.006812480337 0.006881728321 0.006904078013 0.006814852658 0.006768646633 0.006346420623 0.349975239914 0.006839088987 0.006638167688 0.006809431042 0.006417131234 0.006598137031 0.006781049709 0.0067695117 0.006990695562 0.006728445773 0.006641651029 0.006482613868 0.006777758138 0.006858189824 0.006855866097 0.006629975401 0.006453523643 0.006852486852 0.006989604995 0.00679423148 0.006766051601 0.007034406907 0.006975640233 0.006980885336 0.006424230793 0.0 0.0 0.0 0.0 0.0 0.0 0.0 0.0 0.0 0.0 0.0 0.0 0.0 0.0 0.0 0.0 0.0 0.0 0.0 0.0 0.0 0.0 0.0 0.0 0.0 0.0 0.0 0.0 0.0 0.0 0.0 0.0 0.0 0.0 0.0 0.0 0.0 0.0 0.0 0.0 0.0 0.0 0.0 0.0 0.0 0.0 0.0 0.0 0.0 0.0 0.0 0.0 0.0
0.0 0.0 0.0 0.0 0.0 0.0 0.0 0.0 0.0 0.0 0.0 0.0 0.0 0.0 0.0 0.0 0.0 0.0 0.0 0.0 0.0 0.0 0.0 0.0 0.0 0.006752705054 0.007096577591 0.00714902494 0.00683467052 0.006696462686 0.005908993581 0.006839088987 0.348009995662 0.006447483405 0.006766424994 0.005964749837 0.006342408259 0.006893146904 0.006673471781 0.007588568602 0.00664166304 0.006444262126 0.006100616979 0.0067478691 0.00707991214 0.00701672907 0.006406984957 0.006049184057 0.007101130907 0.00738888471 0.006811908606 0.006747912348 0.007754210411 0.007568700115 0.007562054993 0.006048175196 0.0 0.0 0.0 0.0 0.0 0.0 0.0 0.0 0.0 0.0 0.0 0.0 0.0 0.0 0.0 0.0 0.0 0.0 0.0 0.0 0.0 0.0 0.0 0.0 0.0 0.0 0.0 0.0 0.0 0.0 0.0 0.0 0.0 0.0 0.0 0.0 0.0 0.0 0.0 0.0 0.0 0.0 0.0 0.0 0.0 0.0 0.0 0.0 0.0 0.0 0.0 0.0 0.0
0.0 0.0 0.0 0.0 0.0 0.0 0.0 0.0 0.0 0.0 0.0 0.0 0.0 0.0 0.0 0.0 0.0 0.0 0.0 0.0 0.0 0.0 0.0 0.0 0.0 0.006691263906 0.006534160073 0.006554817518 0.006652696838 0.006678286479 0.006985459049 0.006638167688 0.006447483405 0.760799754491 0.006681397835 0.006966572153 0.006849383955 0.006644662734 0.006723503514 0.006347652658 0.006739248779 0.006799400457 0.006926999981 0.006685134492 0.006559559192 0.006557004465 0.006824437519 0.006959758393 0.006563507667 0.006446832449 0.006648707841 0.006677093263 0.006292064369 0.006381108514 0.00634893228 0.006905773129 0.0 0.0 0.0 0.0 0.0 0.0 0.0 0.0 0.0 0.0 0.0 0.0 0.0 0.0 0.0 0.0 0.0 0.0 0.0 0.0 0.0 0.0 0.0 0.0 0.0 0.0 0.0 0.0 0.0 0.0 0.0 0.0 0.0 0.0 0.0 0.0 0.0 0.0 0.0 0.0 0.0 0.0 0.0 0.0 0.0 0.0 0.0 0.0 0.0 0.0 0.0 0.0 0.0
0.0 0.0 0.0 0.0 0.0 0.0 0.0 0.0 0.0 0.0 0.0 0.0 0.0 0.0 0.0 0.0 0.0 0.0 0.0 0.0 0.0 0.0 0.0 0.0 0.0 0.006836107257 0.006862256481 0.006894392951 0.006805980231 0.006776091731 0.006416432421 0.006809431042 0.006766424994 0.006681397835 0.191424463972 0.006489766519 0.006646605935 0.006772790094 0.006788446778 0.006879929642 0.00675116189 0.006681233746 0.006553966825 0.006788512762 0.006827090174 0.006816971833 0.006669911058 0.006515899499 0.00682730723 0.006945299052 0.006783310091 0.006767154265 0.006936576273 0.006906222583 0.006857310899 0.006481579932 0.0 0.0 0.0 0.0 0.0 0.0 0.0 0.0 0.0 0.0 0.0 0.0 0.0 0.0 0.0 0.0 0.0 0.0 0.0 0.0 0.0 0.0 0.0 0.0 0.0 0.0 0.0 0.0 0.0 0.0 0.0 0.0 0.0 0.0 0.0 0.0 0.0 0.0 0.0 0.0 0.0 0.0 0.0 0.0 0.0 0.0 0.0 0.0 0.0 0.0 0.0 0.0 0.0
0.0 0.0 0.0 0.0 0.0 0.0 0.0 0.0 0.0 0.0 0.0 0.0 0.0 0.0 0.0 0.0 0.0 0.0 0.0 0.0 0.0 0.0 0.0 0.0 0.0 0.006513124637 0.006097620145 0.006099138444 0.006449841353 0.006601032422 0.007885685333 0.006417131234 0.005964749837 0.006966572153 0.006489766519 1.16146161944 0.00712333789 0.006395736888 0.006625417901 0.005673964996 0.006681104419 0.006937697335 0.007510316074 0.006536227441 0.006169360584 0.006228419313 0.007024119115 0.007626940171 0.00616017729 0.005821620822 0.006459742834 0.006572315677 0.005500093521 0.005689484086 0.005717981212 0.007612410098 0.0 0.0 0.0 0.0 0.0 0.0 0.0 0.0 0.0 0.0 0.0 0.0 0.0 0.0 0.0 0.0 0.0 0.0 0.0 0.0 0.0 0.0 0.0 0.0 0.0 0.0 0.0 0.0 0.0 0.0 0.0 0.0 0.0 0.0 0.0 0.0 0.0 0.0 0.0 0.0 0.0 0.0 0.0 0.0 0.0 0.0 0.0 0.0 0.0 0.0 0.0 0.0 0.0
0.0 0.0 0.0 0.0 0.0 0.0 0.0 0.0 0.0 0.0 0.0 0.0 0.0 0.0 0.0 0.0 0.0 0.0 0.0 0.0 0.0 0.0 0.0 0.0 0.0 0.006656494688 0.006452446626 0.006448460893 0.006608212467 0.0066734904 0.007133639549 0.006598137031 0.006342408259 0.006849383955 0.006646605935 0.00712333789 0.776536167222 0.006585281202 0.006701602813 0.006201470308 0.006721666076 0.006827864687 0.007039377513 0.006655610037 0.006474011639 0.006494129173 0.006863719137 0.007075631894 0.006475409358 0.006308269399 0.006612868829 0.006655156056 0.006118677647 0.006223935255 0.006216969737 0.007044468223 0.0 0.0 0.0 0.0 0.0 0.0 0.0 0.0 0.0 0.0 0.0 0.0 0.0 0.0 0.0 0.0 0.0 0.0 0.0 0.0 0.0 0.0 0.0 0.0 0.0 0.0 0.0 0.0 0.0 0.0 0.0 0.0 0.0 0.0 0.0 0.0 0.0 0.0 0.0 0.0 0.0 0.0 0.0 0.0 0.0 0.0 0.0 0.0 0.0 0.0 0.0 0.0 0.0
0.0 0.0 0.0 0.0 0.0 0.0 0.0 0.0 0.0 0.0 0.0 0.0 0.0 0.0 0.0 0.0 0.0 0.0 0.0 0.0 0.0 0.0 0.0 0.0 0.0 0.006767909907 0.006869510211 0.006884488268 0.006779681593 0.006714589048 0.006356297701 0.006781049709 0.006893146904 0.006644662734 0.006772790094 0.006395736888 0.006585281202 0.285905655316 0.006732670843 0.006970855148 0.006718199558 0.006627113374 0.006466284093 0.006755896735 0.006857635816 0.006824251004 0.006613787523 0.006444065784 0.006865927452 0.006949041975 0.006769183563 0.006734232829 0.007020182195 0.006983311651 0.006951455268 0.006410621088 0.0 0.0 0.0 0.0 0.0 0.0 0.0 0.0 0.0 0.0 0.0 0.0 0.0 0.0 0.0 0.0 0.0 0.0 0.0 0.0 0.0 0.0 0.0 0.0 0.0 0.0 0.0 0.0 0.0 0.0 0.0 0.0 0.0 0.0 0.0 0.0 0.0 0.0 0.0 0.0 0.0 0.0 0.0 0.0 0.0 0.0 0.0 0.0 0.0 0.0 0.0 0.0 0.0
0.0 0.0 0.0 0.0 0.0 0.0 0.0 0.0 0.0 0.0 0.0 0.0 0.0 0.0 0.0 0.0 0.0 0.0 0.0 0.0 0.0 0.0 0.0 0.0 0.0 0.006796408703 0.006763522614 0.006801325844 0.006770777233 0.006751783653 0.006571864286 0.0067695117 0.006673471781 0.006723503514 0.006788446778 0.006625417901 0.006701602813 0.006732670843 0.469097209206 0.006750269624 0.006748354964 0.006713505692 0.006654700093 0.006759531011 0.00675362848 0.006751353105 0.006715435323 0.006640407434 0.006754858622 0.006814630286 0.006750937478 0.006743060389 0.006769467084 0.00676504709 0.006737100116 0.006602163857 0.0 0.0 0.0 0.0 0.0 0.0 0.0 0.0 0.0 0.0 0.0 0.0 0.0 0.0 0.0 0.0 0.0 0.0 0.0 0.0 0.0 0.0 0.0 0.0 0.0 0.0 0.0 0.0 0.0 0.0 0.0 0.0 0.0 0.0 0.0 0.0 0.0 0.0 0.0 0.0 0.0 0.0 0.0 0.0 0.0 0.0 0.0 0.0 0.0 0.0 0.0 0.0 0.0
0.0 0.0 0.0 0.0 0.0 0.0 0.0 0.0 0.0 0.0 0.0 0.0 0.0 0.0 0.0 0.0 0.0 0.0 0.0 0.0 0.0 0.0 0.0 0.0 0.0 0.006886441739 0.007317940134 0.007545472347 0.007002144249 0.006778315163 0.005550615855 0.006990695562 0.007588568602 0.006347652658 0.006879929642 0.005673964996 0.006201470308 0.006970855148 0.006750269624 0.212795561558 0.006646081205 0.00633557128 0.005855269562 0.006818807894 0.007324256975 0.007251963373 0.006304165644 0.005787032673 0.007349996202 0.007984049472 0.006919227265 0.006847079135 0.008525504176 0.008168207895 0.008200463087 0.005748715866 0.0 0.0 0.0 0.0 0.0 0.0 0.0 0.0 0.0 0.0 0.0 0.0 0.0 0.0 0.0 0.0 0.0 0.0 0.0 0.0 0.0 0.0 0.0 0.0 0.0 0.0 0.0 0.0 0.0 0.0 0.0 0.0 0.0 0.0 0.0 0.0 0.0 0.0 0.0 0.0 0.0 0.0 0.0 0.0 0.0 0.0 0.0 0.0 0.0 0.0 0.0 0.0 0.0
0.0 0.0 0.0 0.0 0.0 0.0 0.0 0.0 0.0 0.0 0.0 0.0 0.0 0.0 0.0 0.0 0.0 0.0 0.0 0.0 0.0 0.0 0.0 0.0 0.0 0.006753792423 0.006713782669 0.006725871692 0.006728496178 0.006721073875 0.006654605313 0.006728445773 0.00664166304 0.006739248779 0.00675116189 0.006681104419 0.006721666076 0.006718199558 0.006748354964 0.006646081205 0.539870837352 0.006724598235 0.006699656171 0.006734662776 0.006707168437 0.006702401964 0.006726734435 0.006694276502 0.006710113792 0.006705885395 0.006721858064 0.006715591182 0.00664452964 0.006666740011 0.006636263697 0.006660204146 0.0 0.0 0.0 0.0 0.0 0.0 0.0 0.0 0.0 0.0 0.0 0.0 0.0 0.0 0.0 0.0 0.0 0.0 0.0 0.0 0.0 0.0 0.0 0.0 0.0 0.0 0.0 0.0 0.0 0.0 0.0 0.0 0.0 0.0 0.0 0.0 0.0 0.0 0.0 0.0 0.0 0.0 0.0 0.0 0.0 0.0 0.0 0.0 0.0 0.0 0.0 0.0 0.0
0.0 0.0 0.0 0.0 0.0 0.0 0.0 0.0 0.0 0.0 0.0 0.0 0.0 0.0 0.0 0.0 0.0 0.0 0.0 0.0 0.0 0.0 0.0 0.0 0.0 0.006687196154 0.006553383799 0.006526861243 0.006640363385 0.006692426141 0.006932821951 0.006641651029 0.006444262126 0.006799400457 0.006681233746 0.006937697335 0.006827864687 0.006627113374 0.006713505692 0.00633557128 0.006724598235 0.494622168362 0.006902713511 0.006682592222 0.006549837784 0.006565755352 0.006805044313 0.006913220802 0.006543899898 0.006421344478 0.006650451607 0.006670437426 0.006273534805 0.006353950724 0.006340915197 0.006896514961 0.0 0.0 0.0 0.0 0.0 0.0 0.0 0.0 0.0 0.0 0.0 0.0 0.0 0.0 0.0 0.0 0.0 0.0 0.0 0.0 0.0 0.0 0.0 0.0 0.0 0.0 0.0 0.0 0.0 0.0 0.0 0.0 0.0 0.0 0.0 0.0 0.0 0.0 0.0 0.0 0.0 0.0 0.0 0.0 0.0 0.0 0.0 0.0 0.0 0.0 0.0 0.0 0.0
0.0 0.0 0.0 0.0 0.0 0.0 0.0 0.0 0.0 0.0 0.0 0.0 0.0 0.0 0.0 0.0 0.0 0.0 0.0 0.0 0.0 0.0 0.0 0.0 0.0 0.006569425736 0.006235842952 0.006226432605 0.006503512465 0.006627875538 0.007599652545 0.006482613868 0.006100616979 0.006926999981 0.006553966825 0.007510316074 0.007039377513 0.006466284093 0.006654700093 0.005855269562 0.006699656171 0.006902713511 0.547120998229 0.006582564645 0.006279164861 0.006323395484 0.00696275369 0.007412669164 0.006278923838 0.005993614189 0.006515821389 0.006607882408 0.00571515317 0.005875243961 0.005885776998 0.007394676673 0.0 0.0 0.0 0.0 0.0 0.0 0.0 0.0 0.0 0.0 0.0 0.0 0.0 0.0 0.0 0.0 0.0 0.0 0.0 0.0 0.0 0.0 0.0 0.0 0.0 0.0 0.0 0.0 0.0 0.0 0.0 0.0 0.0 0.0 0.0 0.0 0.0 0.0 0.0 0.0 0.0 0.0 0.0 0.0 0.0 0.0 0.0 0.0 0.0 0.0 0.0 0.0 0.0
0.0 0.0 0.0 0.0 0.0 0.0 0.0 0.0 0.0 0.0 0.0 0.0 0.0 0.0 0.0 0.0 0.0 0.0 0.0 0.0 0.0 0.0 0.0 0.0 0.0 0.006789671847 0.006809782872 0.006821648642 0.006775147575 0.006746914403 0.006481239872 0.006777758138 0.0067478691 0.006685134492 0.006788512762 0.006536227441 0.006655610037 0.006755896735 0.006759531011 0.006818807894 0.006734662776 0.006682592222 0.006582564645 0.532148159406 0.00679014759 0.006784045342 0.006676328296 0.006558609614 0.006788575679 0.006855230038 0.006761644349 0.006745351015 0.006843058865 0.006828371967 0.006806754858 0.00653063077 0.0 0.0 0.0 0.0 0.0 0.0 0.0 0.0 0.0 0.0 0.0 0.0 0.0 0.0 0.0 0.0 0.0 0.0 0.0 0.0 0.0 0.0 0.0 0.0 0.0 0.0 0.0 0.0 0.0 0.0 0.0 0.0 0.0 0.0 0.0 0.0 0.0 0.0 0.0 0.0 0.0 0.0 0.0 0.0 0.0 0.0 0.0 0.0 0.0 0.0 0.0 0.0 0.0
0.0 0.0 0.0 0.0 0.0 0.0 0.0 0.0 0.0 0.0 0.0 0.0 0.0 0.0 0.0 0.0 0.0 0.0 0.0 0.0 0.0 0.0 0.0 0.0 0.0 0.006825484681 0.007021415577 0.007088321721 0.006860192062 0.006750625113 0.006095608618 0.006858189824 0.00707991214 0.006559559192 0.006827090174 0.006169360584 0.006474011639 0.006857635816 0.00675362848 0.007324256975 0.006707168437 0.006549837784 0.006279164861 0.00679014759 0.212389779629 0.006965501329 0.006526754611 0.00623825877 0.007020912934 0.007264958984 0.006823905958 0.006779663228 0.007435482154 0.007325474786 0.00729273815 0.006204992884 0.0 0.0 0.0 0.0 0.0 0.0 0.0 0.0 0.0 0.0 0.0 0.0 0.0 0.0 0.0 0.0 0.0 0.0 0.0 0.0 0.0 0.0 0.0 0.0 0.0 0.0 0.0 0.0 0.0 0.0 0.0 0.0 0.0 0.0 0.0 0.0 0.0 0.0 0.0 0.0 0.0 0.0 0.0 0.0 0.0 0.0 0.0 0.0 0.0 0.0 0.0 0.0 0.0
0.0 0.0 0.0 0.0 0.0 0.0 0.0 0.0 0.0 0.0 0.0 0.0 0.0 0.0 0.0 0.0 0.0 0.0 0.0 0.0 0.0 0.0 0.0 0.0 0.0 0.006817353215 0.006985630948 0.007026302478 0.006853366417 0.006767420747 0.006147079511 0.006855866097 0.00701672907 0.006557004465 0.006816971833 0.006228419313 0.006494129173 0.006824251004 0.006751353105 0.007251963373 0.006702401964 0.006565755352 0.006323395484 0.006784045342 0.006965501329 0.526698991543 0.006544301117 0.006281913023 0.006963360935 0.007191644302 0.006821392702 0.00678198571 0.007342351138 0.007229137111 0.007243466112 0.006264916535 0.0 0.0 0.0 0.0 0.0 0.0 0.0 0.0 0.0 0.0 0.0 0.0 0.0 0.0 0.0 0.0 0.0 0.0 0.0 0.0 0.0 0.0 0.0 0.0 0.0 0.0 0.0 0.0 0.0 0.0 0.0 0.0 0.0 0.0 0.0 0.0 0.0 0.0 0.0 0.0 0.0 0.0 0.0 0.0 0.0 0.0 0.0 0.0 0.0 0.0 0.0 0.0 0.0
0.0 0.0 0.0 0.0 0.0 0.0 0.0 0.0 0.0 0.0 0.0 0.0 0.0 0.0 0.0 0.0 0.0 0.0 0.0 0.0 0.0 0.0 0.0 0.0 0.0 0.006678735969 0.006507893522 0.006507531305 0.006638630724 0.006687042163 0.007033964087 0.006629975401 0.006406984957 0.006824437519 0.006669911058 0.007024119115 0.006863719137 0.006613787523 0.006715435323 0.006304165644 0.006726734435 0.006805044313 0.00696275369 0.006676328296 0.006526754611 0.006544301117 0.715967315879 0.006995649393 0.006526382405 0.006395866238 0.006639707767 0.006673865886 0.006233953556 0.006319258996 0.006315557112 0.006961783875 0.0 0.0 0.0 0.0 0.0 0.0 0.0 0.0 0.0 0.0 0.0 0.0 0.0 0.0 0.0 0.0 0.0 0.0 0.0 0.0 0.0 0.0 0.0 0.0 0.0 0.0 0.0 0.0 0.0 0.0 0.0 0.0 0.0 0.0 0.0 0.0 0.0 0.0 0.0 0.0 0.0 0.0 0.0 0.0 0.0 0.0 0.0 0.0 0.0 0.0 0.0 0.0 0.0
0.0 0.0 0.0 0.0 0.0 0.0 0.0 0.0 0.0 0.0 0.0 0.0 0.0 0.0 0.0 0.0 0.0 0.0 0.0 0.0 0.0 0.0 0.0 0.0 0.0 0.006540053548 0.006163813016 0.006174648427 0.006484875418 0.006604863295 0.007746618151 0.006453523643 0.006049184057 0.006959758393 0.006515899499 0.007626940171 0.007075631894 0.006444065784 0.006640407434 0.005787032673 0.006694276502 0.006913220802 0.007412669164 0.006558609614 0.00623825877 0.006281913023 0.006995649393 0.719320863874 0.006237166176 0.005921563863 0.00649132054 0.006589260329 0.0056269475 0.005804423485 0.005824286706 0.00748988941 0.0 0.0 0.0 0.0 0.0 0.0 0.0 0.0 0.0 0.0 0.0 0.0 0.0 0.0 0.0 0.0 0.0 0.0 0.0 0.0 0.0 0.0 0.0 0.0 0.0 0.0 0.0 0.0 0.0 0.0 0.0 0.0 0.0 0.0 0.0 0.0 0.0 0.0 0.0 0.0 0.0 0.0 0.0 0.0 0.0 0.0 0.0 0.0 0.0 0.0 0.0 0.0 0.0
0.0 0.0 0.0 0.0 0.0 0.0 0.0 0.0 0.0 0.0 0.0 0.0 0.0 0.0 0.0 0.0 0.0 0.0 0.0 0.0 0.0 0.0 0.0 0.0 0.0 0.006824045877 0.007019137671 0.007109770284 0.006865908974 0.006742428515 0.006094107054 0.006852486852 0.007101130907 0.006563507667 0.00682730723 0.00616017729 0.006475409358 0.006865927452 0.006754858622 0.007349996202 0.006710113792 0.006543899898 0.006278923838 0.006788575679 0.007020912934 0.006963360935 0.006526382405 0.006237166176 0.995197337266 0.007294672069 0.006823381851 0.006784066777 0.007478259325 0.007367636935 0.007327455145 0.00619406282 0.0 0.0 0.0 0.0 0.0 0.0 0.0 0.0 0.0 0.0 0.0 0.0 0.0 0.0 0.0 0.0 0.0 0.0 0.0 0.0 0.0 0.0 0.0 0.0 0.0 0.0 0.0 0.0 0.0 0.0 0.0 0.0 0.0 0.0 0.0 0.0 0.0 0.0 0.0 0.0 0.0 0.0 0.0 0.0 0.0 0.0 0.0 0.0 0.0 0.0 0.0 0.0 0.0
0.0 0.0 0.0 0.0 0.0 0.0 0.0 0.0 0.0 0.0 0.0 0.0 0.0 0.0 0.0 0.0 0.0 0.0 0.0 0.0 0.0 0.0 0.0 0.0 0.0 0.00695547785 0.007270774941 0.007540414671 0.007012845599 0.006813049417 0.005688946062 0.006989604995 0.00738888471 0.006446832449 0.006945299052 0.005821620822 0.006308269399 0.006949041975 0.006814630286 0.007984049472 0.006705885395 0.006421344478 0.005993614189 0.006855230038 0.007264958984 0.007191644302 0.006395866238 0.005921563863 0.007294672069 0.516419438767 0.006914742125 0.00686632091 0.008297929273 0.008011936356 0.007919514937 0.00586585912 0.0 0.0 0.0 0.0 0.0 0.0 0.0 0.0 0.0 0.0 0.0 0.0 0.0 0.0 0.0 0.0 0.0 0.0 0.0 0.0 0.0 0.0 0.0 0.0 0.0 0.0 0.0 0.0 0.0 0.0 0.0 0.0 0.0 0.0 0.0 0.0 0.0 0.0 0.0 0.0 0.0 0.0 0.0 0.0 0.0 0.0 0.0 0.0 0.0 0.0 0.0 0.0 0.0
0.0 0.0 0.0 0.0 0.0 0.0 0.0 0.0 0.0 0.0 0.0 0.0 0.0 0.0 0.0 0.0 0.0 0.0 0.0 0.0 0.0 0.0 0.0 0.0 0.0 0.006783360559 0.006842309721 0.006849467773 0.00678848285 0.006748730602 0.006400674597 0.00679423148 0.006811908606 0.006648707841 0.006783310091 0.006459742834 0.006612868829 0.006769183563 0.006750937478 0.006919227265 0.006721858064 0.006650451607 0.006515821389 0.006761644349 0.006823905958 0.006821392702 0.006639707767 0.00649132054 0.006823381851 0.006914742125 0.325783369769 0.006746778549 0.006945912148 0.006904614121 0.006914665776 0.006469515979 0.0 0.0 0.0 0.0 0.0 0.0 0.0 0.0 0.0 0.0 0.0 0.0 0.0 0.0 0.0 0.0 0.0 0.0 0.0 0.0 0.0 0.0 0.0 0.0 0.0 0.0 0.0 0.0 0.0 0.0 0.0 0.0 0.0 0.0 0.0 0.0 0.0 0.0 0.0 0.0 0.0 0.0 0.0 0.0 0.0 0.0 0.0 0.0 0.0 0.0 0.0 0.0 0.0
0.0 0.0 0.0 0.0 0.0 0.0 0.0 0.0 0.0 0.0 0.0 0.0 0.0 0.0 0.0 0.0 0.0 0.0 0.0 0.0 0.0 0.0 0.0 0.0 0.0 0.006770690454 0.006789265772 0.006818567665 0.006769231457 0.00674106487 0.00652397021 0.006766051601 0.006747912348 0.006677093263 0.006767154265 0.006572315677 0.006655156056 0.006734232829 0.006743060389 0.006847079135 0.006715591182 0.006670437426 0.006607882408 0.006745351015 0.006779663228 0.00678198571 0.006673865886 0.006589260329 0.006784066777 0.00686632091 0.006746778549 1.09396538501 0.006878062545 0.006845213418 0.006845819809 0.006564296219 0.0 0.0 0.0 0.0 0.0 0.0 0.0 0.0 0.0 0.0 0.0 0.0 0.0 0.0 0.0 0.0 0.0 0.0 0.0 0.0 0.0 0.0 0.0 0.0 0.0 0.0 0.0 0.0 0.0 0.0 0.0 0.0 0.0 0.0 0.0 0.0 0.0 0.0 0.0 0.0 0.0 0.0 0.0 0.0 0.0 0.0 0.0 0.0 0.0 0.0 0.0 0.0 0.0
0.0 0.0 0.0 0.0 0.0 0.0 0.0 0.0 0.0 0.0 0.0 0.0 0.0 0.0 0.0 0.0 0.0 0.0 0.0 0.0 0.0 0.0 0.0 0.0 0.0 0.006946095329 0.007442397993 0.00778618841 0.007059404263 0.006793530104 0.005357360518 0.007034406907 0.007754210411 0.006292064369 0.006936576273 0.005500093521 0.006118677647 0.007020182195 0.006769467084 0.008525504176 0.00664452964 0.006273534805 0.00571515317 0.006843058865 0.007435482154 0.007342351138 0.006233953556 0.0056269475 0.007478259325 0.008297929273 0.006945912148 0.006878062545 0.304092071372 0.008536971652 0.008474150727 0.005581723773 0.0 0.0 0.0 0.0 0.0 0.0 0.0 0.0 0.0 0.0 0.0 0.0 0.0 0.0 0.0 0.0 0.0 0.0 0.0 0.0 0.0 0.0 0.0 0.0 0.0 0.0 0.0 0.0 0.0 0.0 0.0 0.0 0.0 0.0 0.0 0.0 0.0 0.0 0.0 0.0 0.0 0.0 0.0 0.0 0.0 0.0 0.0 0.0 0.0 0.0 0.0 0.0 0.0
