124 124
0.302308727432 0.0135396321 0.01309266812 0.01356201595 0.01369449926 0.01363718753 0.01387560683 0.01454465481 0.01434642953 0.01385272058 0.01346731606 0.01346812515 0.01341104755 0.01437806953 0.01376893553 0.0145138952 0.0135676675 0.01314190793 0.01312142287 0.01335336713 0.01343416702 0.01422622597 0.01384754379 0.01364285199 0.01346208972 0.01397519047 0.01329082948 0.01344179487 0.01406817338 0.01421940889 0.01463440841 0.0 0.0 0.0 0.0 0.0 0.0 0.0 0.0 0.0 0.0 0.0 0.0 0.0 0.0 0.0 0.0 0.0 0.0 0.0 0.0 0.0 0.0 0.0 0.0 0.0 0.0 0.0 0.0 0.0 0.0 0.0 0.0 0.0 0.0 0.0 0.0 0.0 0.0 0.0 0.0 0.0 0.0 0.0 0.0 0.0 0.0 0.0 0.0 0.0 0.0 0.0 0.0 0.0 0.0 0.0 0.0 0.0 0.0 0.0 0.0 0.0 0.0 0.0 0.0 0.0 0.0 0.0 0.0 0.0 0.0 0.0 0.0 0.0 0.0 0.0 0.0 0.0 0.0 0.0 0.0 0.0 0.0 0.0 0.0 0.0 0.0 0.0 0.0 0.0 0.0 0.0 0.0 0.0
0.0135396321 1.4499777696 0.0143232581 0.01381487686 0.01394962916 0.01384787359 0.01375662565 0.01341960933 0.01333761092 0.01379246758 0.01398669129 0.01400149639 0.01415240175 0.01326950162 0.01381767393 0.01298767346 0.01378115846 0.01422897626 0.01427012811 0.01408363231 0.01397391293 0.01355518438 0.01376519876 0.01399518704 0.01405074078 0.01371008703 0.01406125461 0.01408001312 0.01357741949 0.01339939238 0.01308519128 0.0 0.0 0.0 0.0 0.0 0.0 0.0 0.0 0.0 0.0 0.0 0.0 0.0 0.0 0.0 0.0 0.0 0.0 0.0 0.0 0.0 0.0 0.0 0.0 0.0 0.0 0.0 0.0 0.0 0.0 0.0 0.0 0.0 0.0 0.0 0.0 0.0 0.0 0.0 0.0 0.0 0.0 0.0 0.0 0.0 0.0 0.0 0.0 0.0 0.0 0.0 0.0 0.0 0.0 0.0 0.0 0.0 0.0 0.0 0.0 0.0 0.0 0.0 0.0 0.0 0.0 0.0 0.0 0.0 0.0 0.0 0.0 0.0 0.0 0.0 0.0 0.0 0.0 0.0 0.0 0.0 0.0 0.0 0.0 0.0 0.0 0.0 0.0 0.0 0.0 0.0 0.0 0.0
0.01309266812 0.0143232581 5.08266622497 0.01404136697 0.01395284495 0.01392238327 0.01364251453 0.01218384946 0.0124763136 0.01365492196 0.01444035029 0.01443320506 0.01479457747 0.0123294719 0.01374020874 0.01183919042 0.01400211305 0.01562276046 0.01590780538 0.01486740835 0.01444746578 0.01293594435 0.01388604438 0.01427949963 0.01462592707 0.01340062653 0.01493018301 0.01466949336 0.01314896 0.01276686793 0.01196949685 0.0 0.0 0.0 0.0 0.0 0.0 0.0 0.0 0.0 0.0 0.0 0.0 0.0 0.0 0.0 0.0 0.0 0.0 0.0 0.0 0.0 0.0 0.0 0.0 0.0 0.0 0.0 0.0 0.0 0.0 0.0 0.0 0.0 0.0 0.0 0.0 0.0 0.0 0.0 0.0 0.0 0.0 0.0 0.0 0.0 0.0 0.0 0.0 0.0 0.0 0.0 0.0 0.0 0.0 0.0 0.0 0.0 0.0 0.0 0.0 0.0 0.0 0.0 0.0 0.0 0.0 0.0 0.0 0.0 0.0 0.0 0.0 0.0 0.0 0.0 0.0 0.0 0.0 0.0 0.0 0.0 0.0 0.0 0.0 0.0 0.0 0.0 0.0 0.0 0.0 0.0 0.0 0.0
0.01356201595 0.01381487686 0.01404136697 0.412273626708 0.01374423043 0.0137933714 0.01368856214 0.0132845811 0.01340230925 0.01369816621 0.01387880891 0.0138806746 0.01390908884 0.01334503294 0.01372314714 0.01322851281 0.0138786263 0.01403343126 0.01407193957 0.01395969354 0.01389567347 0.01352247375 0.01374650347 0.01382139656 0.01390747802 0.01366946523 0.01396864322 0.01391767029 0.01358270756 0.01348896297 0.01323854757 0.0 0.0 0.0 0.0 0.0 0.0 0.0 0.0 0.0 0.0 0.0 0.0 0.0 0.0 0.0 0.0 0.0 0.0 0.0 0.0 0.0 0.0 0.0 0.0 0.0 0.0 0.0 0.0 0.0 0.0 0.0 0.0 0.0 0.0 0.0 0.0 0.0 0.0 0.0 0.0 0.0 0.0 0.0 0.0 0.0 0.0 0.0 0.0 0.0 0.0 0.0 0.0 0.0 0.0 0.0 0.0 0.0 0.0 0.0 0.0 0.0 0.0 0.0 0.0 0.0 0.0 0.0 0.0 0.0 0.0 0.0 0.0 0.0 0.0 0.0 0.0 0.0 0.0 0.0 0.0 0.0 0.0 0.0 0.0 0.0 0.0 0.0 0.0 0.0 0.0 0.0 0.0 0.0
0.01369449926 0.01394962916 0.01395284495 0.01374423043 0.432286291023 0.01379200896 0.01378034552 0.01367431931 0.01356651199 0.01381182612 0.01383256189 0.01382917584 0.01391602496 0.01357295493 0.01382416549 0.01337857195 0.01368232611 0.01392101541 0.01389440566 0.01383629758 0.0137860242 0.01363081331 0.01378229022 0.01386382204 0.01386807578 0.01371183393 0.01379782913 0.0138704884 0.01368139851 0.01358446574 0.0133737426 0.0 0.0 0.0 0.0 0.0 0.0 0.0 0.0 0.0 0.0 0.0 0.0 0.0 0.0 0.0 0.0 0.0 0.0 0.0 0.0 0.0 0.0 0.0 0.0 0.0 0.0 0.0 0.0 0.0 0.0 0.0 0.0 0.0 0.0 0.0 0.0 0.0 0.0 0.0 0.0 0.0 0.0 0.0 0.0 0.0 0.0 0.0 0.0 0.0 0.0 0.0 0.0 0.0 0.0 0.0 0.0 0.0 0.0 0.0 0.0 0.0 0.0 0.0 0.0 0.0 0.0 0.0 0.0 0.0 0.0 0.0 0.0 0.0 0.0 0.0 0.0 0.0 0.0 0.0 0.0 0.0 0.0 0.0 0.0 0.0 0.0 0.0 0.0 0.0 0.0 0.0 0.0 0.0
0.01363718753 0.01384787359 0.01392238327 0.0137933714 0.01379200896 0.539795380036 0.01373155969 0.01350192061 0.01352492956 0.01375150392 0.01383495552 0.0138479205 0.01387930477 0.01347645254 0.01376446966 0.01335166477 0.01382383181 0.01390687136 0.0139511633 0.01388744218 0.01384202426 0.01363767052 0.01376012639 0.01383323865 0.01386571978 0.01374002463 0.01387798003 0.01387660784 0.01366172377 0.01357655005 0.01338350143 0.0 0.0 0.0 0.0 0.0 0.0 0.0 0.0 0.0 0.0 0.0 0.0 0.0 0.0 0.0 0.0 0.0 0.0 0.0 0.0 0.0 0.0 0.0 0.0 0.0 0.0 0.0 0.0 0.0 0.0 0.0 0.0 0.0 0.0 0.0 0.0 0.0 0.0 0.0 0.0 0.0 0.0 0.0 0.0 0.0 0.0 0.0 0.0 0.0 0.0 0.0 0.0 0.0 0.0 0.0 0.0 0.0 0.0 0.0 0.0 0.0 0.0 0.0 0.0 0.0 0.0 0.0 0.0 0.0 0.0 0.0 0.0 0.0 0.0 0.0 0.0 0.0 0.0 0.0 0.0 0.0 0.0 0.0 0.0 0.0 0.0 0.0 0.0 0.0 0.0 0.0 0.0 0.0
0.01387560683 0.01375662565 0.01364251453 0.01368856214 0.01378034552 0.01373155969 0.417994626094 0.01400133494 0.01392085017 0.01384331879 0.01370640068 0.01370609335 0.01373972 0.01388027796 0.01379238867 0.01385747446 0.01370138849 0.01364418149 0.01365203125 0.01369803003 0.01367225905 0.01397908153 0.01388622959 0.01382269225 0.0137489202 0.01390346375 0.01363517475 0.01374454186 0.01388600831 0.01389374472 0.01401122224 0.0 0.0 0.0 0.0 0.0 0.0 0.0 0.0 0.0 0.0 0.0 0.0 0.0 0.0 0.0 0.0 0.0 0.0 0.0 0.0 0.0 0.0 0.0 0.0 0.0 0.0 0.0 0.0 0.0 0.0 0.0 0.0 0.0 0.0 0.0 0.0 0.0 0.0 0.0 0.0 0.0 0.0 0.0 0.0 0.0 0.0 0.0 0.0 0.0 0.0 0.0 0.0 0.0 0.0 0.0 0.0 0.0 0.0 0.0 0.0 0.0 0.0 0.0 0.0 0.0 0.0 0.0 0.0 0.0 0.0 0.0 0.0 0.0 0.0 0.0 0.0 0.0 0.0 0.0 0.0 0.0 0.0 0.0 0.0 0.0 0.0 0.0 0.0 0.0 0.0 0.0 0.0 0.0
0.01454465481 0.01341960933 0.01218384946 0.0132845811 0.01367431931 0.01350192061 0.01400133494 0.479669358733 0.01529673954 0.01399445343 0.01307060408 0.01312447724 0.01299952088 0.01552297322 0.01383445346 0.01584884757 0.01325975695 0.0122655422 0.01225067842 0.0128052277 0.01305476438 0.01490338966 0.01378260236 0.01351197789 0.01303598009 0.01424322617 0.01271593087 0.01302230735 0.01449212298 0.0148540638 0.01606037808 0.0 0.0 0.0 0.0 0.0 0.0 0.0 0.0 0.0 0.0 0.0 0.0 0.0 0.0 0.0 0.0 0.0 0.0 0.0 0.0 0.0 0.0 0.0 0.0 0.0 0.0 0.0 0.0 0.0 0.0 0.0 0.0 0.0 0.0 0.0 0.0 0.0 0.0 0.0 0.0 0.0 0.0 0.0 0.0 0.0 0.0 0.0 0.0 0.0 0.0 0.0 0.0 0.0 0.0 0.0 0.0 0.0 0.0 0.0 0.0 0.0 0.0 0.0 0.0 0.0 0.0 0.0 0.0 0.0 0.0 0.0 0.0 0.0 0.0 0.0 0.0 0.0 0.0 0.0 0.0 0.0 0.0 0.0 0.0 0.0 0.0 0.0 0.0 0.0 0.0 0.0 0.0 0.0
0.01434642953 0.01333761092 0.0124763136 0.01340230925 0.01356651199 0.01352492956 0.01392085017 0.01529673954 0.33563248491 0.0138744731 0.01320047784 0.01322160554 0.01307888365 0.01499750585 0.01374045629 0.01536779653 0.0134225734 0.01256183486 0.01254761077 0.0129941972 0.01318581984 0.01463916214 0.01380560811 0.01348820924 0.01315730425 0.01413459137 0.01292662496 0.01313323729 0.01432232965 0.01463653646 0.01555913064 0.0 0.0 0.0 0.0 0.0 0.0 0.0 0.0 0.0 0.0 0.0 0.0 0.0 0.0 0.0 0.0 0.0 0.0 0.0 0.0 0.0 0.0 0.0 0.0 0.0 0.0 0.0 0.0 0.0 0.0 0.0 0.0 0.0 0.0 0.0 0.0 0.0 0.0 0.0 0.0 0.0 0.0 0.0 0.0 0.0 0.0 0.0 0.0 0.0 0.0 0.0 0.0 0.0 0.0 0.0 0.0 0.0 0.0 0.0 0.0 0.0 0.0 0.0 0.0 0.0 0.0 0.0 0.0 0.0 0.0 0.0 0.0 0.0 0.0 0.0 0.0 0.0 0.0 0.0 0.0 0.0 0.0 0.0 0.0 0.0 0.0 0.0 0.0 0.0 0.0 0.0 0.0 0.0
0.01385272058 0.01379246758 0.01365492196 0.01369816621 0.01381182612 0.01375150392 0.01384331879 0.01399445343 0.0138744731 0.917980702282 0.01371706023 0.01372377496 0.01376041434 0.01382780245 0.01381413812 0.0137555167 0.01370963506 0.01365716491 0.01367462117 0.01371185855 0.01368771694 0.01395052163 0.01387312647 0.01383611311 0.01376195929 0.0139002945 0.01365351519 0.01375978682 0.01387331522 0.01385384084 0.0139224195 0.0 0.0 0.0 0.0 0.0 0.0 0.0 0.0 0.0 0.0 0.0 0.0 0.0 0.0 0.0 0.0 0.0 0.0 0.0 0.0 0.0 0.0 0.0 0.0 0.0 0.0 0.0 0.0 0.0 0.0 0.0 0.0 0.0 0.0 0.0 0.0 0.0 0.0 0.0 0.0 0.0 0.0 0.0 0.0 0.0 0.0 0.0 0.0 0.0 0.0 0.0 0.0 0.0 0.0 0.0 0.0 0.0 0.0 0.0 0.0 0.0 0.0 0.0 0.0 0.0 0.0 0.0 0.0 0.0 0.0 0.0 0.0 0.0 0.0 0.0 0.0 0.0 0.0 0.0 0.0 0.0 0.0 0.0 0.0 0.0 0.0 0.0 0.0 0.0 0.0 0.0 0.0 0.0
0.01346731606 0.01398669129 0.01444035029 0.01387880891 0.01383256189 0.01383495552 0.01370640068 0.01307060408 0.01320047784 0.01371706023 2.57989924331 0.01402004008 0.01414641225 0.01312663293 0.01375361495 0.01288598605 0.01388275902 0.0144053963 0.01440877185 0.0141736687 0.0140207251 0.01340686774 0.01380139351 0.01395411887 0.01409977865 0.01361803357 0.01416060854 0.01411746418 0.01349761922 0.01332375991 0.01294298238 0.0 0.0 0.0 0.0 0.0 0.0 0.0 0.0 0.0 0.0 0.0 0.0 0.0 0.0 0.0 0.0 0.0 0.0 0.0 0.0 0.0 0.0 0.0 0.0 0.0 0.0 0.0 0.0 0.0 0.0 0.0 0.0 0.0 0.0 0.0 0.0 0.0 0.0 0.0 0.0 0.0 0.0 0.0 0.0 0.0 0.0 0.0 0.0 0.0 0.0 0.0 0.0 0.0 0.0 0.0 0.0 0.0 0.0 0.0 0.0 0.0 0.0 0.0 0.0 0.0 0.0 0.0 0.0 0.0 0.0 0.0 0.0 0.0 0.0 0.0 0.0 0.0 0.0 0.0 0.0 0.0 0.0 0.0 0.0 0.0 0.0 0.0 0.0 0.0 0.0 0.0 0.0 0.0
0.01346812515 0.01400149639 0.01443320506 0.0138806746 0.01382917584 0.0138479205 0.01370609335 0.01312447724 0.01322160554 0.01372377496 0.01402004008 1.33728256404 0.01414883563 0.01313257341 0.01375928545 0.01290088523 0.01391994525 0.01436267024 0.01445572873 0.01418315231 0.01404072786 0.01345719313 0.01378504408 0.01397102584 0.01409583495 0.01366860529 0.014189639 0.01412375649 0.01351749692 0.0133423956 0.01298091743 0.0 0.0 0.0 0.0 0.0 0.0 0.0 0.0 0.0 0.0 0.0 0.0 0.0 0.0 0.0 0.0 0.0 0.0 0.0 0.0 0.0 0.0 0.0 0.0 0.0 0.0 0.0 0.0 0.0 0.0 0.0 0.0 0.0 0.0 0.0 0.0 0.0 0.0 0.0 0.0 0.0 0.0 0.0 0.0 0.0 0.0 0.0 0.0 0.0 0.0 0.0 0.0 0.0 0.0 0.0 0.0 0.0 0.0 0.0 0.0 0.0 0.0 0.0 0.0 0.0 0.0 0.0 0.0 0.0 0.0 0.0 0.0 0.0 0.0 0.0 0.0 0.0 0.0 0.0 0.0 0.0 0.0 0.0 0.0 0.0 0.0 0.0 0.0 0.0 0.0 0.0 0.0 0.0
0.01341104755 0.01415240175 0.01479457747 0.01390908884 0.01391602496 0.01387930477 0.01373972 0.01299952088 0.01307888365 0.01376041434 0.01414641225 0.01414883563 0.304900819355 0.01296869286 0.0137924135 0.01264442298 0.01391162981 0.01468058418 0.01477058422 0.0143634614 0.01413819122 0.01340023317 0.01385540241 0.01410540553 0.01426491371 0.01365280187 0.01434970396 0.01429896776 0.0134684415 0.01323078531 0.01278605494 0.0 0.0 0.0 0.0 0.0 0.0 0.0 0.0 0.0 0.0 0.0 0.0 0.0 0.0 0.0 0.0 0.0 0.0 0.0 0.0 0.0 0.0 0.0 0.0 0.0 0.0 0.0 0.0 0.0 0.0 0.0 0.0 0.0 0.0 0.0 0.0 0.0 0.0 0.0 0.0 0.0 0.0 0.0 0.0 0.0 0.0 0.0 0.0 0.0 0.0 0.0 0.0 0.0 0.0 0.0 0.0 0.0 0.0 0.0 0.0 0.0 0.0 0.0 0.0 0.0 0.0 0.0 0.0 0.0 0.0 0.0 0.0 0.0 0.0 0.0 0.0 0.0 0.0 0.0 0.0 0.0 0.0 0.0 0.0 0.0 0.0 0.0 0.0 0.0 0.0 0.0 0.0 0.0
0.01437806953 0.01326950162 0.0123294719 0.01334503294 0.01357295493 0.01347645254 0.01388027796 0.01552297322 0.01499750585 0.01382780245 0.01312663293 0.01313257341 0.01296869286 0.262351740555 0.01372557 0.01573117017 0.01330074662 0.01244567484 0.01236458632 0.01285756827 0.01308567513 0.01451809986 0.01368665164 0.01336841966 0.01303933341 0.01398387852 0.01279865225 0.0130064001 0.01428707927 0.01466439288 0.01560989199 0.0 0.0 0.0 0.0 0.0 0.0 0.0 0.0 0.0 0.0 0.0 0.0 0.0 0.0 0.0 0.0 0.0 0.0 0.0 0.0 0.0 0.0 0.0 0.0 0.0 0.0 0.0 0.0 0.0 0.0 0.0 0.0 0.0 0.0 0.0 0.0 0.0 0.0 0.0 0.0 0.0 0.0 0.0 0.0 0.0 0.0 0.0 0.0 0.0 0.0 0.0 0.0 0.0 0.0 0.0 0.0 0.0 0.0 0.0 0.0 0.0 0.0 0.0 0.0 0.0 0.0 0.0 0.0 0.0 0.0 0.0 0.0 0.0 0.0 0.0 0.0 0.0 0.0 0.0 0.0 0.0 0.0 0.0 0.0 0.0 0.0 0.0 0.0 0.0 0.0 0.0 0.0 0.0
0.01376893553 0.01381767393 0.01374020874 0.01372314714 0.01382416549 0.01376446966 0.01379238867 0.01383445346 0.01374045629 0.01381413812 0.01375361495 0.01375928545 0.0137924135 0.01372557 0.333772078363 0.01362593813 0.01371943513 0.01373938855 0.01374865549 0.01375314897 0.0137251836 0.01378565235 0.01380713953 0.01381608725 0.01378223557 0.01380142869 0.01371219432 0.01378178185 0.01378197285 0.01373294357 0.0136728919 0.0 0.0 0.0 0.0 0.0 0.0 0.0 0.0 0.0 0.0 0.0 0.0 0.0 0.0 0.0 0.0 0.0 0.0 0.0 0.0 0.0 0.0 0.0 0.0 0.0 0.0 0.0 0.0 0.0 0.0 0.0 0.0 0.0 0.0 0.0 0.0 0.0 0.0 0.0 0.0 0.0 0.0 0.0 0.0 0.0 0.0 0.0 0.0 0.0 0.0 0.0 0.0 0.0 0.0 0.0 0.0 0.0 0.0 0.0 0.0 0.0 0.0 0.0 0.0 0.0 0.0 0.0 0.0 0.0 0.0 0.0 0.0 0.0 0.0 0.0 0.0 0.0 0.0 0.0 0.0 0.0 0.0 0.0 0.0 0.0 0.0 0.0 0.0 0.0 0.0 0.0 0.0 0.0
0.0145138952 0.01298767346 0.01183919042 0.01322851281 0.01337857195 0.01335166477 0.01385747446 0.01584884757 0.01536779653 0.0137555167 0.01288598605 0.01290088523 0.01264442298 0.01573117017 0.01362593813 0.193445149551 0.0132053979 0.01199625691 0.01191743919 0.0125524836 0.01286888269 0.01471763098 0.01361082708 0.01316759638 0.01276194508 0.01402386767 0.01250830449 0.01271939006 0.01442107112 0.01495270046 0.01627603466 0.0 0.0 0.0 0.0 0.0 0.0 0.0 0.0 0.0 0.0 0.0 0.0 0.0 0.0 0.0 0.0 0.0 0.0 0.0 0.0 0.0 0.0 0.0 0.0 0.0 0.0 0.0 0.0 0.0 0.0 0.0 0.0 0.0 0.0 0.0 0.0 0.0 0.0 0.0 0.0 0.0 0.0 0.0 0.0 0.0 0.0 0.0 0.0 0.0 0.0 0.0 0.0 0.0 0.0 0.0 0.0 0.0 0.0 0.0 0.0 0.0 0.0 0.0 0.0 0.0 0.0 0.0 0.0 0.0 0.0 0.0 0.0 0.0 0.0 0.0 0.0 0.0 0.0 0.0 0.0 0.0 0.0 0.0 0.0 0.0 0.0 0.0 0.0 0.0 0.0 0.0 0.0 0.0
0.0135676675 0.01378115846 0.01400211305 0.0138786263 0.01368232611 0.01382383181 0.01370138849 0.01325975695 0.0134225734 0.01370963506 0.01388275902 0.01391994525 0.01391162981 0.01330074662 0.01371943513 0.0132053979 0.460005433696 0.01399772349 0.01415594465 0.01402661715 0.01395936483 0.01362682972 0.01379554059 0.01386526084 0.01394047444 0.01379125508 0.01404489923 0.01396452821 0.01363139288 0.01353444421 0.0133221106 0.0 0.0 0.0 0.0 0.0 0.0 0.0 0.0 0.0 0.0 0.0 0.0 0.0 0.0 0.0 0.0 0.0 0.0 0.0 0.0 0.0 0.0 0.0 0.0 0.0 0.0 0.0 0.0 0.0 0.0 0.0 0.0 0.0 0.0 0.0 0.0 0.0 0.0 0.0 0.0 0.0 0.0 0.0 0.0 0.0 0.0 0.0 0.0 0.0 0.0 0.0 0.0 0.0 0.0 0.0 0.0 0.0 0.0 0.0 0.0 0.0 0.0 0.0 0.0 0.0 0.0 0.0 0.0 0.0 0.0 0.0 0.0 0.0 0.0 0.0 0.0 0.0 0.0 0.0 0.0 0.0 0.0 0.0 0.0 0.0 0.0 0.0 0.0 0.0 0.0 0.0 0.0 0.0
0.01314190793 0.01422897626 0.01562276046 0.01403343126 0.01392101541 0.01390687136 0.01364418149 0.0122655422 0.01256183486 0.01365716491 0.0144053963 0.01436267024 0.01468058418 0.01244567484 0.01373938855 0.01199625691 0.01399772349 6.8628637732 0.01554851808 0.01476309202 0.01437175999 0.01296318555 0.01388014133 0.01420670157 0.01455701988 0.01339493439 0.01478524382 0.01458986027 0.01318937503 0.01284573828 0.01208729594 0.0 0.0 0.0 0.0 0.0 0.0 0.0 0.0 0.0 0.0 0.0 0.0 0.0 0.0 0.0 0.0 0.0 0.0 0.0 0.0 0.0 0.0 0.0 0.0 0.0 0.0 0.0 0.0 0.0 0.0 0.0 0.0 0.0 0.0 0.0 0.0 0.0 0.0 0.0 0.0 0.0 0.0 0.0 0.0 0.0 0.0 0.0 0.0 0.0 0.0 0.0 0.0 0.0 0.0 0.0 0.0 0.0 0.0 0.0 0.0 0.0 0.0 0.0 0.0 0.0 0.0 0.0 0.0 0.0 0.0 0.0 0.0 0.0 0.0 0.0 0.0 0.0 0.0 0.0 0.0 0.0 0.0 0.0 0.0 0.0 0.0 0.0 0.0 0.0 0.0 0.0 0.0 0.0
0.01312142287 0.01427012811 0.01590780538 0.01407193957 0.01389440566 0.0139511633 0.01365203125 0.01225067842 0.01254761077 0.01367462117 0.01440877185 0.01445572873 0.01477058422 0.01236458632 0.01374865549 0.01191743919 0.01415594465 0.01554851808 1.63788436049 0.01491568049 0.01449409701 0.01306321799 0.01391893526 0.01431858206 0.01463411081 0.01353597231 0.01500385593 0.01469741408 0.01322438772 0.01284903199 0.01210525252 0.0 0.0 0.0 0.0 0.0 0.0 0.0 0.0 0.0 0.0 0.0 0.0 0.0 0.0 0.0 0.0 0.0 0.0 0.0 0.0 0.0 0.0 0.0 0.0 0.0 0.0 0.0 0.0 0.0 0.0 0.0 0.0 0.0 0.0 0.0 0.0 0.0 0.0 0.0 0.0 0.0 0.0 0.0 0.0 0.0 0.0 0.0 0.0 0.0 0.0 0.0 0.0 0.0 0.0 0.0 0.0 0.0 0.0 0.0 0.0 0.0 0.0 0.0 0.0 0.0 0.0 0.0 0.0 0.0 0.0 0.0 0.0 0.0 0.0 0.0 0.0 0.0 0.0 0.0 0.0 0.0 0.0 0.0 0.0 0.0 0.0 0.0 0.0 0.0 0.0 0.0 0.0 0.0
0.01335336713 0.01408363231 0.01486740835 0.01395969354 0.01383629758 0.01388744218 0.01369803003 0.0128052277 0.0129941972 0.01371185855 0.0141736687 0.01418315231 0.0143634614 0.01285756827 0.01375314897 0.0125524836 0.01402661715 0.01476309202 0.01491568049 0.44307759329 0.01420469675 0.01334392784 0.01385651708 0.01409593664 0.0142960917 0.01364244425 0.01446445888 0.01433448959 0.01342885564 0.01318365364 0.01270126572 0.0 0.0 0.0 0.0 0.0 0.0 0.0 0.0 0.0 0.0 0.0 0.0 0.0 0.0 0.0 0.0 0.0 0.0 0.0 0.0 0.0 0.0 0.0 0.0 0.0 0.0 0.0 0.0 0.0 0.0 0.0 0.0 0.0 0.0 0.0 0.0 0.0 0.0 0.0 0.0 0.0 0.0 0.0 0.0 0.0 0.0 0.0 0.0 0.0 0.0 0.0 0.0 0.0 0.0 0.0 0.0 0.0 0.0 0.0 0.0 0.0 0.0 0.0 0.0 0.0 0.0 0.0 0.0 0.0 0.0 0.0 0.0 0.0 0.0 0.0 0.0 0.0 0.0 0.0 0.0 0.0 0.0 0.0 0.0 0.0 0.0 0.0 0.0 0.0 0.0 0.0 0.0 0.0
0.01343416702 0.01397391293 0.01444746578 0.01389567347 0.0137860242 0.01384202426 0.01367225905 0.01305476438 0.01318581984 0.01368771694 0.0140207251 0.01404072786 0.01413819122 0.01308567513 0.0137251836 0.01286888269 0.01395936483 0.01437175999 0.01449409701 0.01420469675 0.438177073516 0.01342624406 0.01375171301 0.01395019018 0.0140886737 0.01365066499 0.01423413158 0.01412348037 0.01348497066 0.01331531631 0.01294793758 0.0 0.0 0.0 0.0 0.0 0.0 0.0 0.0 0.0 0.0 0.0 0.0 0.0 0.0 0.0 0.0 0.0 0.0 0.0 0.0 0.0 0.0 0.0 0.0 0.0 0.0 0.0 0.0 0.0 0.0 0.0 0.0 0.0 0.0 0.0 0.0 0.0 0.0 0.0 0.0 0.0 0.0 0.0 0.0 0.0 0.0 0.0 0.0 0.0 0.0 0.0 0.0 0.0 0.0 0.0 0.0 0.0 0.0 0.0 0.0 0.0 0.0 0.0 0.0 0.0 0.0 0.0 0.0 0.0 0.0 0.0 0.0 0.0 0.0 0.0 0.0 0.0 0.0 0.0 0.0 0.0 0.0 0.0 0.0 0.0 0.0 0.0 0.0 0.0 0.0 0.0 0.0 0.0
0.01422622597 0.01355518438 0.01293594435 0.01352247375 0.01363081331 0.01363767052 0.01397908153 0.01490338966 0.01463916214 0.01395052163 0.01340686774 0.01345719313 0.01340023317 0.01451809986 0.01378565235 0.01471763098 0.01362682972 0.01296318555 0.01306321799 0.01334392784 0.01342624406 0.211283594173 0.01398791536 0.01375284578 0.01346095032 0.01432652497 0.01325899113 0.01346002265 0.01430693555 0.01448526149 0.0153301043 0.0 0.0 0.0 0.0 0.0 0.0 0.0 0.0 0.0 0.0 0.0 0.0 0.0 0.0 0.0 0.0 0.0 0.0 0.0 0.0 0.0 0.0 0.0 0.0 0.0 0.0 0.0 0.0 0.0 0.0 0.0 0.0 0.0 0.0 0.0 0.0 0.0 0.0 0.0 0.0 0.0 0.0 0.0 0.0 0.0 0.0 0.0 0.0 0.0 0.0 0.0 0.0 0.0 0.0 0.0 0.0 0.0 0.0 0.0 0.0 0.0 0.0 0.0 0.0 0.0 0.0 0.0 0.0 0.0 0.0 0.0 0.0 0.0 0.0 0.0 0.0 0.0 0.0 0.0 0.0 0.0 0.0 0.0 0.0 0.0 0.0 0.0 0.0 0.0 0.0 0.0 0.0 0.0
0.01384754379 0.01376519876 0.01388604438 0.01374650347 0.01378229022 0.01376012639 0.01388622959 0.01378260236 0.01380560811 0.01387312647 0.01380139351 0.01378504408 0.01385540241 0.01368665164 0.01380713953 0.01361082708 0.01379554059 0.01388014133 0.01391893526 0.01385651708 0.01375171301 0.01398791536 0.303522992754 0.01392438711 0.01389092715 0.01395825207 0.01377535413 0.01388112512 0.01388700856 0.01384294581 0.01394854673 0.0 0.0 0.0 0.0 0.0 0.0 0.0 0.0 0.0 0.0 0.0 0.0 0.0 0.0 0.0 0.0 0.0 0.0 0.0 0.0 0.0 0.0 0.0 0.0 0.0 0.0 0.0 0.0 0.0 0.0 0.0 0.0 0.0 0.0 0.0 0.0 0.0 0.0 0.0 0.0 0.0 0.0 0.0 0.0 0.0 0.0 0.0 0.0 0.0 0.0 0.0 0.0 0.0 0.0 0.0 0.0 0.0 0.0 0.0 0.0 0.0 0.0 0.0 0.0 0.0 0.0 0.0 0.0 0.0 0.0 0.0 0.0 0.0 0.0 0.0 0.0 0.0 0.0 0.0 0.0 0.0 0.0 0.0 0.0 0.0 0.0 0.0 0.0 0.0 0.0 0.0 0.0 0.0
0.01364285199 0.01399518704 0.01427949963 0.01382139656 0.01386382204 0.01383323865 0.01382269225 0.01351197789 0.01348820924 0.01383611311 0.01395411887 0.01397102584 0.01410540553 0.01336841966 0.01381608725 0.01316759638 0.01386526084 0.01420670157 0.01431858206 0.01409593664 0.01395019018 0.01375284578 0.01392438711 0.276006408319 0.01406357632 0.01385624121 0.01405272406 0.01408556231 0.01370597514 0.01355927734 0.01341408056 0.0 0.0 0.0 0.0 0.0 0.0 0.0 0.0 0.0 0.0 0.0 0.0 0.0 0.0 0.0 0.0 0.0 0.0 0.0 0.0 0.0 0.0 0.0 0.0 0.0 0.0 0.0 0.0 0.0 0.0 0.0 0.0 0.0 0.0 0.0 0.0 0.0 0.0 0.0 0.0 0.0 0.0 0.0 0.0 0.0 0.0 0.0 0.0 0.0 0.0 0.0 0.0 0.0 0.0 0.0 0.0 0.0 0.0 0.0 0.0 0.0 0.0 0.0 0.0 0.0 0.0 0.0 0.0 0.0 0.0 0.0 0.0 0.0 0.0 0.0 0.0 0.0 0.0 0.0 0.0 0.0 0.0 0.0 0.0 0.0 0.0 0.0 0.0 0.0 0.0 0.0 0.0 0.0
0.01346208972 0.01405074078 0.01462592707 0.01390747802 0.01386807578 0.01386571978 0.0137489202 0.01303598009 0.01315730425 0.01376195929 0.01409977865 0.01409583495 0.01426491371 0.01303933341 0.01378223557 0.01276194508 0.01394047444 0.01455701988 0.01463411081 0.0142960917 0.0140886737 0.01346095032 0.01389092715 0.01406357632 0.51149166909 0.01369034738 0.01427499841 0.01423751009 0.0135177779 0.01330980515 0.01292769294 0.0 0.0 0.0 0.0 0.0 0.0 0.0 0.0 0.0 0.0 0.0 0.0 0.0 0.0 0.0 0.0 0.0 0.0 0.0 0.0 0.0 0.0 0.0 0.0 0.0 0.0 0.0 0.0 0.0 0.0 0.0 0.0 0.0 0.0 0.0 0.0 0.0 0.0 0.0 0.0 0.0 0.0 0.0 0.0 0.0 0.0 0.0 0.0 0.0 0.0 0.0 0.0 0.0 0.0 0.0 0.0 0.0 0.0 0.0 0.0 0.0 0.0 0.0 0.0 0.0 0.0 0.0 0.0 0.0 0.0 0.0 0.0 0.0 0.0 0.0 0.0 0.0 0.0 0.0 0.0 0.0 0.0 0.0 0.0 0.0 0.0 0.0 0.0 0.0 0.0 0.0 0.0 0.0
0.01397519047 0.01371008703 0.01340062653 0.01366946523 0.01371183393 0.01374002463 0.01390346375 0.01424322617 0.01413459137 0.0139002945 0.01361803357 0.01366860529 0.01365280187 0.01398387852 0.01380142869 0.01402386767 0.01379125508 0.01339493439 0.01353597231 0.01364244425 0.01365066499 0.01432652497 0.01395825207 0.01385624121 0.01369034738 0.350090309254 0.01358123279 0.01369975017 0.01406751703 0.01409532596 0.01446717809 0.0 0.0 0.0 0.0 0.0 0.0 0.0 0.0 0.0 0.0 0.0 0.0 0.0 0.0 0.0 0.0 0.0 0.0 0.0 0.0 0.0 0.0 0.0 0.0 0.0 0.0 0.0 0.0 0.0 0.0 0.0 0.0 0.0 0.0 0.0 0.0 0.0 0.0 0.0 0.0 0.0 0.0 0.0 0.0 0.0 0.0 0.0 0.0 0.0 0.0 0.0 0.0 0.0 0.0 0.0 0.0 0.0 0.0 0.0 0.0 0.0 0.0 0.0 0.0 0.0 0.0 0.0 0.0 0.0 0.0 0.0 0.0 0.0 0.0 0.0 0.0 0.0 0.0 0.0 0.0 0.0 0.0 0.0 0.0 0.0 0.0 0.0 0.0 0.0 0.0 0.0 0.0 0.0
0.01329082948 0.01406125461 0.01493018301 0.01396864322 0.01379782913 0.01387798003 0.01363517475 0.01271593087 0.01292662496 0.01365351519 0.01416060854 0.014189639 0.01434970396 0.01279865225 0.01371219432 0.01250830449 0.01404489923 0.01478524382 0.01500385593 0.01446445888 0.01423413158 0.01325899113 0.01377535413 0.01405272406 0.01427499841 0.01358123279 1.43872338675 0.01432129387 0.01336535501 0.01312421027 0.01261052478 0.0 0.0 0.0 0.0 0.0 0.0 0.0 0.0 0.0 0.0 0.0 0.0 0.0 0.0 0.0 0.0 0.0 0.0 0.0 0.0 0.0 0.0 0.0 0.0 0.0 0.0 0.0 0.0 0.0 0.0 0.0 0.0 0.0 0.0 0.0 0.0 0.0 0.0 0.0 0.0 0.0 0.0 0.0 0.0 0.0 0.0 0.0 0.0 0.0 0.0 0.0 0.0 0.0 0.0 0.0 0.0 0.0 0.0 0.0 0.0 0.0 0.0 0.0 0.0 0.0 0.0 0.0 0.0 0.0 0.0 0.0 0.0 0.0 0.0 0.0 0.0 0.0 0.0 0.0 0.0 0.0 0.0 0.0 0.0 0.0 0.0 0.0 0.0 0.0 0.0 0.0 0.0 0.0
0.01344179487 0.01408001312 0.01466949336 0.01391767029 0.0138704884 0.01387660784 0.01374454186 0.01302230735 0.01313323729 0.01375978682 0.01411746418 0.01412375649 0.01429896776 0.0130064001 0.01378178185 0.01271939006 0.01396452821 0.01458986027 0.01469741408 0.01433448959 0.01412348037 0.01346002265 0.01388112512 0.01408556231 0.01423751009 0.01369975017 0.01432129387 0.41157969359 0.01350759019 0.01328865525 0.01289584029 0.0 0.0 0.0 0.0 0.0 0.0 0.0 0.0 0.0 0.0 0.0 0.0 0.0 0.0 0.0 0.0 0.0 0.0 0.0 0.0 0.0 0.0 0.0 0.0 0.0 0.0 0.0 0.0 0.0 0.0 0.0 0.0 0.0 0.0 0.0 0.0 0.0 0.0 0.0 0.0 0.0 0.0 0.0 0.0 0.0 0.0 0.0 0.0 0.0 0.0 0.0 0.0 0.0 0.0 0.0 0.0 0.0 0.0 0.0 0.0 0.0 0.0 0.0 0.0 0.0 0.0 0.0 0.0 0.0 0.0 0.0 0.0 0.0 0.0 0.0 0.0 0.0 0.0 0.0 0.0 0.0 0.0 0.0 0.0 0.0 0.0 0.0 0.0 0.0 0.0 0.0 0.0 0.0
0.01406817338 0.01357741949 0.01314896 0.01358270756 0.01368139851 0.01366172377 0.01388600831 0.01449212298 0.01432232965 0.01387331522 0.01349761922 0.01351749692 0.0134684415 0.01428707927 0.01378197285 0.01442107112 0.01363139288 0.01318937503 0.01322438772 0.01342885564 0.01348497066 0.01430693555 0.01388700856 0.01370597514 0.0135177779 0.01406751703 0.01336535501 0.01350759019 0.294934159885 0.01421666481 0.01467327866 0.0 0.0 0.0 0.0 0.0 0.0 0.0 0.0 0.0 0.0 0.0 0.0 0.0 0.0 0.0 0.0 0.0 0.0 0.0 0.0 0.0 0.0 0.0 0.0 0.0 0.0 0.0 0.0 0.0 0.0 0.0 0.0 0.0 0.0 0.0 0.0 0.0 0.0 0.0 0.0 0.0 0.0 0.0 0.0 0.0 0.0 0.0 0.0 0.0 0.0 0.0 0.0 0.0 0.0 0.0 0.0 0.0 0.0 0.0 0.0 0.0 0.0 0.0 0.0 0.0 0.0 0.0 0.0 0.0 0.0 0.0 0.0 0.0 0.0 0.0 0.0 0.0 0.0 0.0 0.0 0.0 0.0 0.0 0.0 0.0 0.0 0.0 0.0 0.0 0.0 0.0 0.0 0.0
0.01421940889 0.01339939238 0.01276686793 0.01348896297 0.01358446574 0.01357655005 0.01389374472 0.0148540638 0.01463653646 0.01385384084 0.01332375991 0.0133423956 0.01323078531 0.01466439288 0.01373294357 0.01495270046 0.01353444421 0.01284573828 0.01284903199 0.01318365364 0.01331531631 0.01448526149 0.01384294581 0.01355927734 0.01330980515 0.01409532596 0.01312421027 0.01328865525 0.01421666481 0.272443324164 0.01517620436 0.0 0.0 0.0 0.0 0.0 0.0 0.0 0.0 0.0 0.0 0.0 0.0 0.0 0.0 0.0 0.0 0.0 0.0 0.0 0.0 0.0 0.0 0.0 0.0 0.0 0.0 0.0 0.0 0.0 0.0 0.0 0.0 0.0 0.0 0.0 0.0 0.0 0.0 0.0 0.0 0.0 0.0 0.0 0.0 0.0 0.0 0.0 0.0 0.0 0.0 0.0 0.0 0.0 0.0 0.0 0.0 0.0 0.0 0.0 0.0 0.0 0.0 0.0 0.0 0.0 0.0 0.0 0.0 0.0 0.0 0.0 0.0 0.0 0.0 0.0 0.0 0.0 0.0 0.0 0.0 0.0 0.0 0.0 0.0 0.0 0.0 0.0 0.0 0.0 0.0 0.0 0.0 0.0
0.01463440841 0.01308519128 0.01196949685 0.01323854757 0.0133737426 0.01338350143 0.01401122224 0.01606037808 0.01555913064 0.0139224195 0.01294298238 0.01298091743 0.01278605494 0.01560989199 0.0136728919 0.01627603466 0.0133221106 0.01208729594 0.01210525252 0.01270126572 0.01294793758 0.0153301043 0.01394854673 0.01341408056 0.01292769294 0.01446717809 0.01261052478 0.01289584029 0.01467327866 0.01517620436 0.506471510954 0.0 0.0 0.0 0.0 0.0 0.0 0.0 0.0 0.0 0.0 0.0 0.0 0.0 0.0 0.0 0.0 0.0 0.0 0.0 0.0 0.0 0.0 0.0 0.0 0.0 0.0 0.0 0.0 0.0 0.0 0.0 0.0 0.0 0.0 0.0 0.0 0.0 0.0 0.0 0.0 0.0 0.0 0.0 0.0 0.0 0.0 0.0 0.0 0.0 0.0 0.0 0.0 0.0 0.0 0.0 0.0 0.0 0.0 0.0 0.0 0.0 0.0 0.0 0.0 0.0 0.0 0.0 0.0 0.0 0.0 0.0 0.0 0.0 0.0 0.0 0.0 0.0 0.0 0.0 0.0 0.0 0.0 0.0 0.0 0.0 0.0 0.0 0.0 0.0 0.0 0.0 0.0 0.0
0.0 0.0 0.0 0.0 0.0 0.0 0.0 0.0 0.0 0.0 0.0 0.0 0.0 0.0 0.0 0.0 0.0 0.0 0.0 0.0 0.0 0.0 0.0 0.0 0.0 0.0 0.0 0.0 0.0 0.0 0.0 0.60797704546 0.005517926505 0.006087436324 0.006212720896 0.005427214546 0.005327180917 0.005369964328 0.005005425037 0.00554798196 0.004829446333 0.004880883927 0.00548410056 0.005107200319 0.005312431357 0.005995383348 0.004983144085 0.005634589997 0.005356213762 0.004698892173 0.005303284496 0.004762650582 0.005961533917 0.005097322454 0.006138381484 0.005141266281 0.005223893599 0.005318710627 0.005182070785 0.00570821725 0.006121552401 0.006193055845 0.005365474609 0.004950557751 0.005862862962 0.005266271253 0.004734378115 0.004937439569 0.0 0.0 0.0 0.0 0.0 0.0 0.0 0.0 0.0 0.0 0.0 0.0 0.0 0.0 0.0 0.0 0.0 0.0 0.0 0.0 0.0 0.0 0.0 0.0 0.0 0.0 0.0 0.0 0.0 0.0 0.0 0.0 0.0 0.0 0.0 0.0 0.0 0.0 0.0 0.0 0.0 0.0 0.0 0.0 0.0 0.0 0.0 0.0 0.0 0.0 0.0 0.0 0.0 0.0 0.0 0.0
0.0 0.0 0.0 0.0 0.0 0.0 0.0 0.0 0.0 0.0 0.0 0.0 0.0 0.0 0.0 0.0 0.0 0.0 0.0 0.0 0.0 0.0 0.0 0.0 0.0 0.0 0.0 0.0 0.0 0.0 0.0 0.005517926505 0.233395480106 0.005517254285 0.005510200029 0.005509477611 0.005512929982 0.005497160718 0.005463372347 0.005538574475 0.005454071577 0.005441265396 0.005520096265 0.005474073269 0.005513947492 0.005529303457 0.005468262168 0.005529006611 0.005514334314 0.00540181051 0.005506845415 0.005419306609 0.005523621936 0.005485120733 0.005539662774 0.005489034264 0.005523342283 0.005532984409 0.005502187898 0.005543138009 0.005523624587 0.005517716221 0.0055176913 0.005466566119 0.005526059006 0.005528754174 0.005419322974 0.005451601217 0.0 0.0 0.0 0.0 0.0 0.0 0.0 0.0 0.0 0.0 0.0 0.0 0.0 0.0 0.0 0.0 0.0 0.0 0.0 0.0 0.0 0.0 0.0 0.0 0.0 0.0 0.0 0.0 0.0 0.0 0.0 0.0 0.0 0.0 0.0 0.0 0.0 0.0 0.0 0.0 0.0 0.0 0.0 0.0 0.0 0.0 0.0 0.0 0.0 0.0 0.0 0.0 0.0 0.0 0.0 0.0
0.0 0.0 0.0 0.0 0.0 0.0 0.0 0.0 0.0 0.0 0.0 0.0 0.0 0.0 0.0 0.0 0.0 0.0 0.0 0.0 0.0 0.0 0.0 0.0 0.0 0.0 0.0 0.0 0.0 0.0 0.0 0.006087436324 0.005517254285 1.08385336588 0.006252239259 0.005429825254 0.005316574468 0.005367625337 0.004986015446 0.005525920358 0.00482317805 0.004860482712 0.005506590948 0.005088959417 0.005311978685 0.006020951958 0.004989485955 0.005622119714 0.005344891237 0.004669554451 0.005304733803 0.004734373177 0.005959642591 0.005089340161 0.006167595662 0.005125925777 0.005192478437 0.005337795292 0.005158162937 0.005722768635 0.006127625499 0.006181201243 0.005373284868 0.004938322689 0.005889647491 0.005261349116 0.00471299551 0.004910306791 0.0 0.0 0.0 0.0 0.0 0.0 0.0 0.0 0.0 0.0 0.0 0.0 0.0 0.0 0.0 0.0 0.0 0.0 0.0 0.0 0.0 0.0 0.0 0.0 0.0 0.0 0.0 0.0 0.0 0.0 0.0 0.0 0.0 0.0 0.0 0.0 0.0 0.0 0.0 0.0 0.0 0.0 0.0 0.0 0.0 0.0 0.0 0.0 0.0 0.0 0.0 0.0 0.0 0.0 0.0 0.0
0.0 0.0 0.0 0.0 0.0 0.0 0.0 0.0 0.0 0.0 0.0 0.0 0.0 0.0 0.0 0.0 0.0 0.0 0.0 0.0 0.0 0.0 0.0 0.0 0.0 0.0 0.0 0.0 0.0 0.0 0.0 0.006212720896 0.005510200029 0.006252239259 25.38295824 0.005407159886 0.005264882191 0.005345918407 0.004877659479 0.005525388015 0.004681589731 0.004713889757 0.00552290906 0.004993182706 0.005273250362 0.006144143631 0.004884213897 0.005650401564 0.005301500766 0.004490282617 0.005248938083 0.004570199218 0.006046464397 0.004999838219 0.006332678434 0.005030712201 0.005108071677 0.005281205641 0.005062168145 0.005767435819 0.006271300812 0.006362852966 0.005337018444 0.004799176519 0.005971694717 0.005186441006 0.00454544843 0.004771431707 0.0 0.0 0.0 0.0 0.0 0.0 0.0 0.0 0.0 0.0 0.0 0.0 0.0 0.0 0.0 0.0 0.0 0.0 0.0 0.0 0.0 0.0 0.0 0.0 0.0 0.0 0.0 0.0 0.0 0.0 0.0 0.0 0.0 0.0 0.0 0.0 0.0 0.0 0.0 0.0 0.0 0.0 0.0 0.0 0.0 0.0 0.0 0.0 0.0 0.0 0.0 0.0 0.0 0.0 0.0 0.0
0.0 0.0 0.0 0.0 0.0 0.0 0.0 0.0 0.0 0.0 0.0 0.0 0.0 0.0 0.0 0.0 0.0 0.0 0.0 0.0 0.0 0.0 0.0 0.0 0.0 0.0 0.0 0.0 0.0 0.0 0.0 0.005427214546 0.005509477611 0.005429825254 0.005407159886 0.557295428992 0.005508867073 0.005506327414 0.0055119531 0.005502651131 0.005511316026 0.00549096129 0.005521532131 0.005524233309 0.005518941841 0.005447657383 0.005543713332 0.005497294786 0.005514674873 0.005445124832 0.005524269312 0.005478952378 0.005450691163 0.005533735167 0.005432046968 0.005504085186 0.00549016559 0.00552006582 0.005499599011 0.005484056767 0.005427377514 0.005415477406 0.005516392489 0.005494144847 0.005463517133 0.005507706015 0.005464313389 0.005478382373 0.0 0.0 0.0 0.0 0.0 0.0 0.0 0.0 0.0 0.0 0.0 0.0 0.0 0.0 0.0 0.0 0.0 0.0 0.0 0.0 0.0 0.0 0.0 0.0 0.0 0.0 0.0 0.0 0.0 0.0 0.0 0.0 0.0 0.0 0.0 0.0 0.0 0.0 0.0 0.0 0.0 0.0 0.0 0.0 0.0 0.0 0.0 0.0 0.0 0.0 0.0 0.0 0.0 0.0 0.0 0.0
0.0 0.0 0.0 0.0 0.0 0.0 0.0 0.0 0.0 0.0 0.0 0.0 0.0 0.0 0.0 0.0 0.0 0.0 0.0 0.0 0.0 0.0 0.0 0.0 0.0 0.0 0.0 0.0 0.0 0.0 0.0 0.005327180917 0.005512929982 0.005316574468 0.005264882191 0.005508867073 0.191725676546 0.005547351021 0.00568745745 0.005523803429 0.005766602313 0.005722572961 0.005491124784 0.00563479819 0.005584313323 0.005357138426 0.005667363884 0.005471115905 0.005568835742 0.005783372016 0.005554078244 0.005768698138 0.005364603644 0.005645567957 0.005330598103 0.005637097883 0.00567054966 0.005570705382 0.005642703044 0.005457465931 0.00531730078 0.005305329962 0.005548733307 0.005698476161 0.005383181983 0.005618473388 0.0057690294 0.005702616156 0.0 0.0 0.0 0.0 0.0 0.0 0.0 0.0 0.0 0.0 0.0 0.0 0.0 0.0 0.0 0.0 0.0 0.0 0.0 0.0 0.0 0.0 0.0 0.0 0.0 0.0 0.0 0.0 0.0 0.0 0.0 0.0 0.0 0.0 0.0 0.0 0.0 0.0 0.0 0.0 0.0 0.0 0.0 0.0 0.0 0.0 0.0 0.0 0.0 0.0 0.0 0.0 0.0 0.0 0.0 0.0
0.0 0.0 0.0 0.0 0.0 0.0 0.0 0.0 0.0 0.0 0.0 0.0 0.0 0.0 0.0 0.0 0.0 0.0 0.0 0.0 0.0 0.0 0.0 0.0 0.0 0.0 0.0 0.0 0.0 0.0 0.0 0.005369964328 0.005497160718 0.005367625337 0.005345918407 0.005506327414 0.005547351021 0.50907206717 0.005621584559 0.005499152204 0.005664878619 0.005635548702 0.005496017085 0.005590825929 0.005546825216 0.005394779033 0.005619496751 0.005471462562 0.005535545228 0.005658816881 0.005531352136 0.005666587211 0.005400736722 0.005596664206 0.005373264529 0.005574478031 0.005574637269 0.005531628744 0.005571525007 0.005456990616 0.00536449209 0.005354456035 0.005523593236 0.005611354414 0.005414969235 0.005551286897 0.005652485721 0.005609414971 0.0 0.0 0.0 0.0 0.0 0.0 0.0 0.0 0.0 0.0 0.0 0.0 0.0 0.0 0.0 0.0 0.0 0.0 0.0 0.0 0.0 0.0 0.0 0.0 0.0 0.0 0.0 0.0 0.0 0.0 0.0 0.0 0.0 0.0 0.0 0.0 0.0 0.0 0.0 0.0 0.0 0.0 0.0 0.0 0.0 0.0 0.0 0.0 0.0 0.0 0.0 0.0 0.0 0.0 0.0 0.0
0.0 0.0 0.0 0.0 0.0 0.0 0.0 0.0 0.0 0.0 0.0 0.0 0.0 0.0 0.0 0.0 0.0 0.0 0.0 0.0 0.0 0.0 0.0 0.0 0.0 0.0 0.0 0.0 0.0 0.0 0.0 0.005005425037 0.005463372347 0.004986015446 0.004877659479 0.0055119531 0.00568745745 0.005621584559 0.322265722279 0.005472063043 0.006275724827 0.006193352924 0.005434366545 0.005904284512 0.005675778551 0.005062983057 0.005994403115 0.005361643305 0.005639423224 0.006399345444 0.005635640611 0.006354990708 0.005086643433 0.00590190888 0.00497742315 0.005865627938 0.005853460847 0.005622619481 0.005852345769 0.005300508652 0.004980791853 0.004948916296 0.00559027117 0.006063186048 0.005143604034 0.005733806713 0.006344566499 0.006104466299 0.0 0.0 0.0 0.0 0.0 0.0 0.0 0.0 0.0 0.0 0.0 0.0 0.0 0.0 0.0 0.0 0.0 0.0 0.0 0.0 0.0 0.0 0.0 0.0 0.0 0.0 0.0 0.0 0.0 0.0 0.0 0.0 0.0 0.0 0.0 0.0 0.0 0.0 0.0 0.0 0.0 0.0 0.0 0.0 0.0 0.0 0.0 0.0 0.0 0.0 0.0 0.0 0.0 0.0 0.0 0.0
0.0 0.0 0.0 0.0 0.0 0.0 0.0 0.0 0.0 0.0 0.0 0.0 0.0 0.0 0.0 0.0 0.0 0.0 0.0 0.0 0.0 0.0 0.0 0.0 0.0 0.0 0.0 0.0 0.0 0.0 0.0 0.00554798196 0.005538574475 0.005525920358 0.005525388015 0.005502651131 0.005523803429 0.005499152204 0.005472063043 0.600477554561 0.005462000713 0.005459991696 0.005505728195 0.005477704678 0.005517892733 0.005538759529 0.005454774628 0.005539085849 0.005524196653 0.005436271952 0.005509203933 0.005444867564 0.005531554409 0.005482773783 0.005563947752 0.005507626584 0.005555854856 0.005538382536 0.00552830693 0.005551029163 0.005542025214 0.005542914869 0.005518761362 0.005485966175 0.005527246324 0.005550638895 0.005446200427 0.005479015536 0.0 0.0 0.0 0.0 0.0 0.0 0.0 0.0 0.0 0.0 0.0 0.0 0.0 0.0 0.0 0.0 0.0 0.0 0.0 0.0 0.0 0.0 0.0 0.0 0.0 0.0 0.0 0.0 0.0 0.0 0.0 0.0 0.0 0.0 0.0 0.0 0.0 0.0 0.0 0.0 0.0 0.0 0.0 0.0 0.0 0.0 0.0 0.0 0.0 0.0 0.0 0.0 0.0 0.0 0.0 0.0
0.0 0.0 0.0 0.0 0.0 0.0 0.0 0.0 0.0 0.0 0.0 0.0 0.0 0.0 0.0 0.0 0.0 0.0 0.0 0.0 0.0 0.0 0.0 0.0 0.0 0.0 0.0 0.0 0.0 0.0 0.0 0.004829446333 0.005454071577 0.00482317805 0.004681589731 0.005511316026 0.005766602313 0.005664878619 0.006275724827 0.005462000713 0.163147940618 0.006455618378 0.005415902394 0.006040278503 0.00574427013 0.00492506381 0.006186614933 0.005311913443 0.005685942372 0.006732633911 0.005675502791 0.006680949348 0.004952081229 0.006055992115 0.004810141919 0.005992270248 0.005998215272 0.005670264058 0.005971276986 0.005246174829 0.004814100327 0.004761886326 0.00562079989 0.006266507836 0.00503218907 0.005828855456 0.006674092117 0.006326387574 0.0 0.0 0.0 0.0 0.0 0.0 0.0 0.0 0.0 0.0 0.0 0.0 0.0 0.0 0.0 0.0 0.0 0.0 0.0 0.0 0.0 0.0 0.0 0.0 0.0 0.0 0.0 0.0 0.0 0.0 0.0 0.0 0.0 0.0 0.0 0.0 0.0 0.0 0.0 0.0 0.0 0.0 0.0 0.0 0.0 0.0 0.0 0.0 0.0 0.0 0.0 0.0 0.0 0.0 0.0 0.0
0.0 0.0 0.0 0.0 0.0 0.0 0.0 0.0 0.0 0.0 0.0 0.0 0.0 0.0 0.0 0.0 0.0 0.0 0.0 0.0 0.0 0.0 0.0 0.0 0.0 0.0 0.0 0.0 0.0 0.0 0.0 0.004880883927 0.005441265396 0.004860482712 0.004713889757 0.00549096129 0.005722572961 0.005635548702 0.006193352924 0.005459991696 0.006455618378 0.221706288422 0.005383424599 0.005987851095 0.005700390887 0.004949590314 0.006068358936 0.005313991042 0.00566747116 0.006798039197 0.005679654093 0.006646389207 0.004968391804 0.005978191762 0.004859045898 0.00601230554 0.005984211452 0.005681864991 0.006007002405 0.005251065866 0.004861361846 0.004812343602 0.005611519558 0.006295189335 0.005051313047 0.005845743074 0.006698809624 0.006379611709 0.0 0.0 0.0 0.0 0.0 0.0 0.0 0.0 0.0 0.0 0.0 0.0 0.0 0.0 0.0 0.0 0.0 0.0 0.0 0.0 0.0 0.0 0.0 0.0 0.0 0.0 0.0 0.0 0.0 0.0 0.0 0.0 0.0 0.0 0.0 0.0 0.0 0.0 0.0 0.0 0.0 0.0 0.0 0.0 0.0 0.0 0.0 0.0 0.0 0.0 0.0 0.0 0.0 0.0 0.0 0.0
0.0 0.0 0.0 0.0 0.0 0.0 0.0 0.0 0.0 0.0 0.0 0.0 0.0 0.0 0.0 0.0 0.0 0.0 0.0 0.0 0.0 0.0 0.0 0.0 0.0 0.0 0.0 0.0 0.0 0.0 0.0 0.00548410056 0.005520096265 0.005506590948 0.00552290906 0.005521532131 0.005491124784 0.005496017085 0.005434366545 0.005505728195 0.005415902394 0.005383424599 0.5058715097 0.005460692948 0.005501935692 0.005520460144 0.005487086067 0.005518656289 0.00549357485 0.005301253257 0.005493411139 0.005350101144 0.005523759992 0.005480289997 0.00550650819 0.005438153961 0.005437697531 0.005500171583 0.005430277127 0.005522800621 0.00549525696 0.005488021381 0.005506690499 0.005400924479 0.005526558208 0.00546410047 0.00532914646 0.005369828108 0.0 0.0 0.0 0.0 0.0 0.0 0.0 0.0 0.0 0.0 0.0 0.0 0.0 0.0 0.0 0.0 0.0 0.0 0.0 0.0 0.0 0.0 0.0 0.0 0.0 0.0 0.0 0.0 0.0 0.0 0.0 0.0 0.0 0.0 0.0 0.0 0.0 0.0 0.0 0.0 0.0 0.0 0.0 0.0 0.0 0.0 0.0 0.0 0.0 0.0 0.0 0.0 0.0 0.0 0.0 0.0
0.0 0.0 0.0 0.0 0.0 0.0 0.0 0.0 0.0 0.0 0.0 0.0 0.0 0.0 0.0 0.0 0.0 0.0 0.0 0.0 0.0 0.0 0.0 0.0 0.0 0.0 0.0 0.0 0.0 0.0 0.0 0.005107200319 0.005474073269 0.005088959417 0.004993182706 0.005524233309 0.00563479819 0.005590825929 0.005904284512 0.005477704678 0.006040278503 0.005987851095 0.005460692948 0.20664154236 0.005635654311 0.005150516543 0.005886193786 0.005397079347 0.005611176843 0.006108563725 0.005619225637 0.006092607057 0.00517050892 0.005814655554 0.005082220982 0.005768831229 0.005735659369 0.005597087865 0.005757011629 0.005338426241 0.005084856838 0.005057438728 0.005573015093 0.005904042652 0.005216582789 0.005669262934 0.006079816825 0.005925460965 0.0 0.0 0.0 0.0 0.0 0.0 0.0 0.0 0.0 0.0 0.0 0.0 0.0 0.0 0.0 0.0 0.0 0.0 0.0 0.0 0.0 0.0 0.0 0.0 0.0 0.0 0.0 0.0 0.0 0.0 0.0 0.0 0.0 0.0 0.0 0.0 0.0 0.0 0.0 0.0 0.0 0.0 0.0 0.0 0.0 0.0 0.0 0.0 0.0 0.0 0.0 0.0 0.0 0.0 0.0 0.0
0.0 0.0 0.0 0.0 0.0 0.0 0.0 0.0 0.0 0.0 0.0 0.0 0.0 0.0 0.0 0.0 0.0 0.0 0.0 0.0 0.0 0.0 0.0 0.0 0.0 0.0 0.0 0.0 0.0 0.0 0.0 0.005312431357 0.005513947492 0.005311978685 0.005273250362 0.005518941841 0.005584313323 0.005546825216 0.005675778551 0.005517892733 0.00574427013 0.005700390887 0.005501935692 0.005635654311 0.488570563945 0.005352772753 0.005673460925 0.005470772133 0.005568370763 0.005736358245 0.005562644725 0.005737767639 0.005358867035 0.005645828251 0.005321951254 0.005626423827 0.005642843346 0.005574125801 0.005628002558 0.005454849957 0.005308942988 0.005290765753 0.005552747802 0.00568018422 0.005383485769 0.005608527435 0.005733465194 0.005676707186 0.0 0.0 0.0 0.0 0.0 0.0 0.0 0.0 0.0 0.0 0.0 0.0 0.0 0.0 0.0 0.0 0.0 0.0 0.0 0.0 0.0 0.0 0.0 0.0 0.0 0.0 0.0 0.0 0.0 0.0 0.0 0.0 0.0 0.0 0.0 0.0 0.0 0.0 0.0 0.0 0.0 0.0 0.0 0.0 0.0 0.0 0.0 0.0 0.0 0.0 0.0 0.0 0.0 0.0 0.0 0.0
0.0 0.0 0.0 0.0 0.0 0.0 0.0 0.0 0.0 0.0 0.0 0.0 0.0 0.0 0.0 0.0 0.0 0.0 0.0 0.0 0.0 0.0 0.0 0.0 0.0 0.0 0.0 0.0 0.0 0.0 0.0 0.005995383348 0.005529303457 0.006020951958 0.006144143631 0.005447657383 0.005357138426 0.005394779033 0.005062983057 0.005538759529 0.00492506381 0.004949590314 0.005520460144 0.005150516543 0.005352772753 0.578993118057 0.005070144065 0.005615635926 0.005378602324 0.004778689301 0.005338786589 0.004839117177 0.00589959505 0.00515576052 0.006071209597 0.005184739877 0.005250970778 0.005376771261 0.005213664322 0.005705547741 0.006029133972 0.006071883808 0.005404176456 0.00502125132 0.005839800549 0.005309276967 0.004818550477 0.004991700993 0.0 0.0 0.0 0.0 0.0 0.0 0.0 0.0 0.0 0.0 0.0 0.0 0.0 0.0 0.0 0.0 0.0 0.0 0.0 0.0 0.0 0.0 0.0 0.0 0.0 0.0 0.0 0.0 0.0 0.0 0.0 0.0 0.0 0.0 0.0 0.0 0.0 0.0 0.0 0.0 0.0 0.0 0.0 0.0 0.0 0.0 0.0 0.0 0.0 0.0 0.0 0.0 0.0 0.0 0.0 0.0
0.0 0.0 0.0 0.0 0.0 0.0 0.0 0.0 0.0 0.0 0.0 0.0 0.0 0.0 0.0 0.0 0.0 0.0 0.0 0.0 0.0 0.0 0.0 0.0 0.0 0.0 0.0 0.0 0.0 0.0 0.0 0.004983144085 0.005468262168 0.004989485955 0.004884213897 0.005543713332 0.005667363884 0.005619496751 0.005994403115 0.005454774628 0.006186614933 0.006068358936 0.005487086067 0.005886193786 0.005673460925 0.005070144065 0.142537930798 0.005369108711 0.00562819039 0.006178107091 0.005635842776 0.006190394157 0.005100964442 0.005908360973 0.004963214463 0.005794535138 0.005743896783 0.005605360669 0.00576019397 0.005301242617 0.004969867082 0.004929397962 0.005590417069 0.005953380193 0.005160927763 0.005669438583 0.006157475643 0.005961925042 0.0 0.0 0.0 0.0 0.0 0.0 0.0 0.0 0.0 0.0 0.0 0.0 0.0 0.0 0.0 0.0 0.0 0.0 0.0 0.0 0.0 0.0 0.0 0.0 0.0 0.0 0.0 0.0 0.0 0.0 0.0 0.0 0.0 0.0 0.0 0.0 0.0 0.0 0.0 0.0 0.0 0.0 0.0 0.0 0.0 0.0 0.0 0.0 0.0 0.0 0.0 0.0 0.0 0.0 0.0 0.0
