72 72
0.674306997504 0.008722859419 0.00873915187 0.009168880567 0.008227957317 0.0100560337 0.008914638732 0.009069461733 0.009620227456 0.009671501794 0.01015320577 0.008580956575 0.008173531272 0.008630780414 0.009819875188 0.008245506707 0.008875261782 0.0 0.0 0.0 0.0 0.0 0.0 0.0 0.0 0.0 0.0 0.0 0.0 0.0 0.0 0.0 0.0 0.0 0.0 0.0 0.0 0.0 0.0 0.0 0.0 0.0 0.0 0.0 0.0 0.0 0.0 0.0 0.0 0.0 0.0 0.0 0.0 0.0 0.0 0.0 0.0 0.0 0.0 0.0 0.0 0.0 0.0 0.0 0.0 0.0 0.0 0.0 0.0 0.0 0.0 0.0
0.008722859419 0.771607918325 0.00935284695 0.008987848629 0.009614167054 0.00861786165 0.009175534465 0.009101423628 0.00865588668 0.008605267371 0.008353327563 0.00936271007 0.009643659556 0.009393981424 0.008606665749 0.009605030574 0.009227261409 0.0 0.0 0.0 0.0 0.0 0.0 0.0 0.0 0.0 0.0 0.0 0.0 0.0 0.0 0.0 0.0 0.0 0.0 0.0 0.0 0.0 0.0 0.0 0.0 0.0 0.0 0.0 0.0 0.0 0.0 0.0 0.0 0.0 0.0 0.0 0.0 0.0 0.0 0.0 0.0 0.0 0.0 0.0 0.0 0.0 0.0 0.0 0.0 0.0 0.0 0.0 0.0 0.0 0.0 0.0
0.00873915187 0.00935284695 0.615345300354 0.009012117053 0.009591341638 0.008628690124 0.009170772427 0.009109071163 0.008705843576 0.008632282829 0.00837335174 0.009353516239 0.009638128435 0.009388125948 0.008620251961 0.009567333162 0.009229289019 0.0 0.0 0.0 0.0 0.0 0.0 0.0 0.0 0.0 0.0 0.0 0.0 0.0 0.0 0.0 0.0 0.0 0.0 0.0 0.0 0.0 0.0 0.0 0.0 0.0 0.0 0.0 0.0 0.0 0.0 0.0 0.0 0.0 0.0 0.0 0.0 0.0 0.0 0.0 0.0 0.0 0.0 0.0 0.0 0.0 0.0 0.0 0.0 0.0 0.0 0.0 0.0 0.0 0.0 0.0
0.009168880567 0.008987848629 0.009012117053 0.434236680119 0.008854066014 0.009158276032 0.009090842617 0.009123202828 0.00931252558 0.009264105894 0.009245642158 0.00901122942 0.008838621482 0.008985437238 0.009205259387 0.008841305517 0.009059432437 0.0 0.0 0.0 0.0 0.0 0.0 0.0 0.0 0.0 0.0 0.0 0.0 0.0 0.0 0.0 0.0 0.0 0.0 0.0 0.0 0.0 0.0 0.0 0.0 0.0 0.0 0.0 0.0 0.0 0.0 0.0 0.0 0.0 0.0 0.0 0.0 0.0 0.0 0.0 0.0 0.0 0.0 0.0 0.0 0.0 0.0 0.0 0.0 0.0 0.0 0.0 0.0 0.0 0.0 0.0
0.008227957317 0.009614167054 0.009591341638 0.008854066014 1.17982742407 0.007942417787 0.009243106822 0.009051582586 0.00823555893 0.008115384142 0.007551703476 0.009813554042 0.01076421018 0.009752182917 0.008039243639 0.01054291276 0.009321649943 0.0 0.0 0.0 0.0 0.0 0.0 0.0 0.0 0.0 0.0 0.0 0.0 0.0 0.0 0.0 0.0 0.0 0.0 0.0 0.0 0.0 0.0 0.0 0.0 0.0 0.0 0.0 0.0 0.0 0.0 0.0 0.0 0.0 0.0 0.0 0.0 0.0 0.0 0.0 0.0 0.0 0.0 0.0 0.0 0.0 0.0 0.0 0.0 0.0 0.0 0.0 0.0 0.0 0.0 0.0
0.0100560337 0.00861786165 0.008628690124 0.009158276032 0.007942417787 0.348893074389 0.008835526086 0.009077481445 0.009793629577 0.009784585564 0.01049593402 0.008356058876 0.007828847892 0.008448445249 0.01006934906 0.007993574105 0.008735750051 0.0 0.0 0.0 0.0 0.0 0.0 0.0 0.0 0.0 0.0 0.0 0.0 0.0 0.0 0.0 0.0 0.0 0.0 0.0 0.0 0.0 0.0 0.0 0.0 0.0 0.0 0.0 0.0 0.0 0.0 0.0 0.0 0.0 0.0 0.0 0.0 0.0 0.0 0.0 0.0 0.0 0.0 0.0 0.0 0.0 0.0 0.0 0.0 0.0 0.0 0.0 0.0 0.0 0.0 0.0
0.008914638732 0.009175534465 0.009170772427 0.009090842617 0.009243106822 0.008835526086 0.545057523159 0.009107760508 0.008952993064 0.008943695238 0.00880274192 0.009206078487 0.009238035515 0.00919075502 0.008901663748 0.009237244569 0.009151798346 0.0 0.0 0.0 0.0 0.0 0.0 0.0 0.0 0.0 0.0 0.0 0.0 0.0 0.0 0.0 0.0 0.0 0.0 0.0 0.0 0.0 0.0 0.0 0.0 0.0 0.0 0.0 0.0 0.0 0.0 0.0 0.0 0.0 0.0 0.0 0.0 0.0 0.0 0.0 0.0 0.0 0.0 0.0 0.0 0.0 0.0 0.0 0.0 0.0 0.0 0.0 0.0 0.0 0.0 0.0
0.009069461733 0.009101423628 0.009109071163 0.009123202828 0.009051582586 0.009077481445 0.009107760508 0.383244702108 0.00909844996 0.009046870576 0.008983528479 0.009073886025 0.009037439118 0.009082163658 0.009042745843 0.009046400976 0.009098742579 0.0 0.0 0.0 0.0 0.0 0.0 0.0 0.0 0.0 0.0 0.0 0.0 0.0 0.0 0.0 0.0 0.0 0.0 0.0 0.0 0.0 0.0 0.0 0.0 0.0 0.0 0.0 0.0 0.0 0.0 0.0 0.0 0.0 0.0 0.0 0.0 0.0 0.0 0.0 0.0 0.0 0.0 0.0 0.0 0.0 0.0 0.0 0.0 0.0 0.0 0.0 0.0 0.0 0.0 0.0
0.009620227456 0.00865588668 0.008705843576 0.00931252558 0.00823555893 0.009793629577 0.008952993064 0.00909844996 0.508232094291 0.009840156763 0.01008532458 0.008677388421 0.008167791963 0.008611841664 0.009776224054 0.00822559995 0.0088437141 0.0 0.0 0.0 0.0 0.0 0.0 0.0 0.0 0.0 0.0 0.0 0.0 0.0 0.0 0.0 0.0 0.0 0.0 0.0 0.0 0.0 0.0 0.0 0.0 0.0 0.0 0.0 0.0 0.0 0.0 0.0 0.0 0.0 0.0 0.0 0.0 0.0 0.0 0.0 0.0 0.0 0.0 0.0 0.0 0.0 0.0 0.0 0.0 0.0 0.0 0.0 0.0 0.0 0.0 0.0
0.009671501794 0.008605267371 0.008632282829 0.009264105894 0.008115384142 0.009784585564 0.008943695238 0.009046870576 0.009840156763 0.276848622485 0.01041705407 0.008618153336 0.008020108897 0.008575374659 0.00994641538 0.008124619486 0.008871524711 0.0 0.0 0.0 0.0 0.0 0.0 0.0 0.0 0.0 0.0 0.0 0.0 0.0 0.0 0.0 0.0 0.0 0.0 0.0 0.0 0.0 0.0 0.0 0.0 0.0 0.0 0.0 0.0 0.0 0.0 0.0 0.0 0.0 0.0 0.0 0.0 0.0 0.0 0.0 0.0 0.0 0.0 0.0 0.0 0.0 0.0 0.0 0.0 0.0 0.0 0.0 0.0 0.0 0.0 0.0
0.01015320577 0.008353327563 0.00837335174 0.009245642158 0.007551703476 0.01049593402 0.00880274192 0.008983528479 0.01008532458 0.01041705407 0.236804166028 0.008253327466 0.007430957621 0.00825842467 0.01049050235 0.007587934957 0.008734403561 0.0 0.0 0.0 0.0 0.0 0.0 0.0 0.0 0.0 0.0 0.0 0.0 0.0 0.0 0.0 0.0 0.0 0.0 0.0 0.0 0.0 0.0 0.0 0.0 0.0 0.0 0.0 0.0 0.0 0.0 0.0 0.0 0.0 0.0 0.0 0.0 0.0 0.0 0.0 0.0 0.0 0.0 0.0 0.0 0.0 0.0 0.0 0.0 0.0 0.0 0.0 0.0 0.0 0.0 0.0
0.008580956575 0.00936271007 0.009353516239 0.00901122942 0.009813554042 0.008356058876 0.009206078487 0.009073886025 0.008677388421 0.008618153336 0.008253327466 0.643142971244 0.00989159289 0.009470449563 0.008517719801 0.009784535588 0.009239917191 0.0 0.0 0.0 0.0 0.0 0.0 0.0 0.0 0.0 0.0 0.0 0.0 0.0 0.0 0.0 0.0 0.0 0.0 0.0 0.0 0.0 0.0 0.0 0.0 0.0 0.0 0.0 0.0 0.0 0.0 0.0 0.0 0.0 0.0 0.0 0.0 0.0 0.0 0.0 0.0 0.0 0.0 0.0 0.0 0.0 0.0 0.0 0.0 0.0 0.0 0.0 0.0 0.0 0.0 0.0
0.008173531272 0.009643659556 0.009638128435 0.008838621482 0.01076421018 0.007828847892 0.009238035515 0.009037439118 0.008167791963 0.008020108897 0.007430957621 0.00989159289 3.45208788874 0.009819404034 0.00794477511 0.01070900935 0.009354357355 0.0 0.0 0.0 0.0 0.0 0.0 0.0 0.0 0.0 0.0 0.0 0.0 0.0 0.0 0.0 0.0 0.0 0.0 0.0 0.0 0.0 0.0 0.0 0.0 0.0 0.0 0.0 0.0 0.0 0.0 0.0 0.0 0.0 0.0 0.0 0.0 0.0 0.0 0.0 0.0 0.0 0.0 0.0 0.0 0.0 0.0 0.0 0.0 0.0 0.0 0.0 0.0 0.0 0.0 0.0
0.008630780414 0.009393981424 0.009388125948 0.008985437238 0.009752182917 0.008448445249 0.00919075502 0.009082163658 0.008611841664 0.008575374659 0.00825842467 0.009470449563 0.009819404034 0.946345264328 0.008527404233 0.009725689648 0.009255854985 0.0 0.0 0.0 0.0 0.0 0.0 0.0 0.0 0.0 0.0 0.0 0.0 0.0 0.0 0.0 0.0 0.0 0.0 0.0 0.0 0.0 0.0 0.0 0.0 0.0 0.0 0.0 0.0 0.0 0.0 0.0 0.0 0.0 0.0 0.0 0.0 0.0 0.0 0.0 0.0 0.0 0.0 0.0 0.0 0.0 0.0 0.0 0.0 0.0 0.0 0.0 0.0 0.0 0.0 0.0
0.009819875188 0.008606665749 0.008620251961 0.009205259387 0.008039243639 0.01006934906 0.008901663748 0.009042745843 0.009776224054 0.00994641538 0.01049050235 0.008517719801 0.00794477511 0.008527404233 0.284669075118 0.008069898716 0.008840421569 0.0 0.0 0.0 0.0 0.0 0.0 0.0 0.0 0.0 0.0 0.0 0.0 0.0 0.0 0.0 0.0 0.0 0.0 0.0 0.0 0.0 0.0 0.0 0.0 0.0 0.0 0.0 0.0 0.0 0.0 0.0 0.0 0.0 0.0 0.0 0.0 0.0 0.0 0.0 0.0 0.0 0.0 0.0 0.0 0.0 0.0 0.0 0.0 0.0 0.0 0.0 0.0 0.0 0.0 0.0
0.008245506707 0.009605030574 0.009567333162 0.008841305517 0.01054291276 0.007993574105 0.009237244569 0.009046400976 0.00822559995 0.008124619486 0.007587934957 0.009784535588 0.01070900935 0.009725689648 0.008069898716 0.984746446379 0.009304421704 0.0 0.0 0.0 0.0 0.0 0.0 0.0 0.0 0.0 0.0 0.0 0.0 0.0 0.0 0.0 0.0 0.0 0.0 0.0 0.0 0.0 0.0 0.0 0.0 0.0 0.0 0.0 0.0 0.0 0.0 0.0 0.0 0.0 0.0 0.0 0.0 0.0 0.0 0.0 0.0 0.0 0.0 0.0 0.0 0.0 0.0 0.0 0.0 0.0 0.0 0.0 0.0 0.0 0.0 0.0
0.008875261782 0.009227261409 0.009229289019 0.009059432437 0.009321649943 0.008735750051 0.009151798346 0.009098742579 0.0088437141 0.008871524711 0.008734403561 0.009239917191 0.009354357355 0.009255854985 0.008840421569 0.009304421704 1.02261355754 0.0 0.0 0.0 0.0 0.0 0.0 0.0 0.0 0.0 0.0 0.0 0.0 0.0 0.0 0.0 0.0 0.0 0.0 0.0 0.0 0.0 0.0 0.0 0.0 0.0 0.0 0.0 0.0 0.0 0.0 0.0 0.0 0.0 0.0 0.0 0.0 0.0 0.0 0.0 0.0 0.0 0.0 0.0 0.0 0.0 0.0 0.0 0.0 0.0 0.0 0.0 0.0 0.0 0.0 0.0
0.0 0.0 0.0 0.0 0.0 0.0 0.0 0.0 0.0 0.0 0.0 0.0 0.0 0.0 0.0 0.0 0.0 0.586503358555 0.006514266963 0.006473939633 0.006530822394 0.006535228686 0.006513600451 0.006379062585 0.006499567856 0.00655266838 0.006510601254 0.006551611218 0.006467828388 0.006580987625 0.006485811278 0.006427709525 0.006344358561 0.00645451064 0.006474581035 0.006315620371 0.006464672297 0.006455300261 0.006544061954 0.0 0.0 0.0 0.0 0.0 0.0 0.0 0.0 0.0 0.0 0.0 0.0 0.0 0.0 0.0 0.0 0.0 0.0 0.0 0.0 0.0 0.0 0.0 0.0 0.0 0.0 0.0 0.0 0.0 0.0 0.0 0.0 0.0
0.0 0.0 0.0 0.0 0.0 0.0 0.0 0.0 0.0 0.0 0.0 0.0 0.0 0.0 0.0 0.0 0.0 0.006514266963 1.09422089814 0.006343433566 0.006508140449 0.006519590467 0.006426811032 0.006083647574 0.006684914063 0.006721750611 0.006455246107 0.006484222 0.006285919088 0.006586528893 0.006285590472 0.006724539898 0.006020423477 0.006656303446 0.0062778788 0.006962270431 0.006252680504 0.0062413558 0.006565931169 0.0 0.0 0.0 0.0 0.0 0.0 0.0 0.0 0.0 0.0 0.0 0.0 0.0 0.0 0.0 0.0 0.0 0.0 0.0 0.0 0.0 0.0 0.0 0.0 0.0 0.0 0.0 0.0 0.0 0.0 0.0 0.0 0.0
0.0 0.0 0.0 0.0 0.0 0.0 0.0 0.0 0.0 0.0 0.0 0.0 0.0 0.0 0.0 0.0 0.0 0.006473939633 0.006343433566 1.11514632503 0.006491352255 0.006446503636 0.006601845889 0.00704955088 0.006224573807 0.006195952881 0.006575988484 0.006529187312 0.006819230049 0.006276269736 0.006795517765 0.006039969884 0.007107609174 0.006207103031 0.006803128617 0.005660266122 0.00684308155 0.006856783895 0.006390051417 0.0 0.0 0.0 0.0 0.0 0.0 0.0 0.0 0.0 0.0 0.0 0.0 0.0 0.0 0.0 0.0 0.0 0.0 0.0 0.0 0.0 0.0 0.0 0.0 0.0 0.0 0.0 0.0 0.0 0.0 0.0 0.0 0.0
0.0 0.0 0.0 0.0 0.0 0.0 0.0 0.0 0.0 0.0 0.0 0.0 0.0 0.0 0.0 0.0 0.0 0.006530822394 0.006508140449 0.006491352255 0.690062189183 0.006513097358 0.006512505842 0.006444672534 0.006489972731 0.006522189533 0.00651318598 0.006530277696 0.006424277388 0.006508047239 0.006499103428 0.006421601038 0.006426233968 0.006460111428 0.006510298954 0.006367508585 0.00649124424 0.006486726989 0.006513836826 0.0 0.0 0.0 0.0 0.0 0.0 0.0 0.0 0.0 0.0 0.0 0.0 0.0 0.0 0.0 0.0 0.0 0.0 0.0 0.0 0.0 0.0 0.0 0.0 0.0 0.0 0.0 0.0 0.0 0.0 0.0 0.0 0.0
0.0 0.0 0.0 0.0 0.0 0.0 0.0 0.0 0.0 0.0 0.0 0.0 0.0 0.0 0.0 0.0 0.0 0.006535228686 0.006519590467 0.006446503636 0.006513097358 1.00465757954 0.006485144886 0.006368953481 0.006551775722 0.006568095965 0.006484148796 0.006518919923 0.006409343863 0.006612796296 0.006451920806 0.006560602283 0.006331864662 0.006541071464 0.006440245649 0.006596518831 0.006425615908 0.006425086663 0.006541477603 0.0 0.0 0.0 0.0 0.0 0.0 0.0 0.0 0.0 0.0 0.0 0.0 0.0 0.0 0.0 0.0 0.0 0.0 0.0 0.0 0.0 0.0 0.0 0.0 0.0 0.0 0.0 0.0 0.0 0.0 0.0 0.0 0.0
0.0 0.0 0.0 0.0 0.0 0.0 0.0 0.0 0.0 0.0 0.0 0.0 0.0 0.0 0.0 0.0 0.0 0.006513600451 0.006426811032 0.006601845889 0.006512505842 0.006485144886 0.562922309204 0.006810261717 0.00634609448 0.006373143279 0.006544168255 0.006545739989 0.006688932121 0.006364261512 0.006660550856 0.006156771739 0.006860967433 0.006298790995 0.006672977846 0.005947232107 0.006698233231 0.006693524963 0.006439386222 0.0 0.0 0.0 0.0 0.0 0.0 0.0 0.0 0.0 0.0 0.0 0.0 0.0 0.0 0.0 0.0 0.0 0.0 0.0 0.0 0.0 0.0 0.0 0.0 0.0 0.0 0.0 0.0 0.0 0.0 0.0 0.0 0.0
0.0 0.0 0.0 0.0 0.0 0.0 0.0 0.0 0.0 0.0 0.0 0.0 0.0 0.0 0.0 0.0 0.0 0.006379062585 0.006083647574 0.00704955088 0.006444672534 0.006368953481 0.006810261717 1.64013454599 0.005762642773 0.005766703147 0.00662544808 0.006572080182 0.007777776369 0.005671823723 0.007338302075 0.005040254633 0.008893409185 0.005664995 0.007418414286 0.004539831296 0.007599105773 0.007598568473 0.006082691245 0.0 0.0 0.0 0.0 0.0 0.0 0.0 0.0 0.0 0.0 0.0 0.0 0.0 0.0 0.0 0.0 0.0 0.0 0.0 0.0 0.0 0.0 0.0 0.0 0.0 0.0 0.0 0.0 0.0 0.0 0.0 0.0 0.0
0.0 0.0 0.0 0.0 0.0 0.0 0.0 0.0 0.0 0.0 0.0 0.0 0.0 0.0 0.0 0.0 0.0 0.006499567856 0.006684914063 0.006224573807 0.006489972731 0.006551775722 0.00634609448 0.005762642773 0.679971052319 0.006841826628 0.006401575466 0.006438209611 0.006062784918 0.006851588362 0.00611145378 0.007193893628 0.005652459191 0.006919602229 0.006089291861 0.007647250271 0.006031404659 0.006030252825 0.006643962155 0.0 0.0 0.0 0.0 0.0 0.0 0.0 0.0 0.0 0.0 0.0 0.0 0.0 0.0 0.0 0.0 0.0 0.0 0.0 0.0 0.0 0.0 0.0 0.0 0.0 0.0 0.0 0.0 0.0 0.0 0.0 0.0 0.0
0.0 0.0 0.0 0.0 0.0 0.0 0.0 0.0 0.0 0.0 0.0 0.0 0.0 0.0 0.0 0.0 0.0 0.00655266838 0.006721750611 0.006195952881 0.006522189533 0.006568095965 0.006373143279 0.005766703147 0.006841826628 1.42456433316 0.00641193122 0.006499350732 0.006116365557 0.006687745359 0.006130779459 0.00688149874 0.005666771693 0.006795789877 0.006095494922 0.007520088622 0.006067304763 0.006042106717 0.006630392401 0.0 0.0 0.0 0.0 0.0 0.0 0.0 0.0 0.0 0.0 0.0 0.0 0.0 0.0 0.0 0.0 0.0 0.0 0.0 0.0 0.0 0.0 0.0 0.0 0.0 0.0 0.0 0.0 0.0 0.0 0.0 0.0 0.0
0.0 0.0 0.0 0.0 0.0 0.0 0.0 0.0 0.0 0.0 0.0 0.0 0.0 0.0 0.0 0.0 0.0 0.006510601254 0.006455246107 0.006575988484 0.00651318598 0.006484148796 0.006544168255 0.00662544808 0.006401575466 0.00641193122 0.508978029651 0.006524488923 0.006554765893 0.00642146013 0.006588927453 0.006308857258 0.00663111517 0.006373329699 0.006592420393 0.006107223996 0.006603900269 0.006603004604 0.006473333968 0.0 0.0 0.0 0.0 0.0 0.0 0.0 0.0 0.0 0.0 0.0 0.0 0.0 0.0 0.0 0.0 0.0 0.0 0.0 0.0 0.0 0.0 0.0 0.0 0.0 0.0 0.0 0.0 0.0 0.0 0.0 0.0 0.0
0.0 0.0 0.0 0.0 0.0 0.0 0.0 0.0 0.0 0.0 0.0 0.0 0.0 0.0 0.0 0.0 0.0 0.006551611218 0.006484222 0.006529187312 0.006530277696 0.006518919923 0.006545739989 0.006572080182 0.006438209611 0.006499350732 0.006524488923 1.57008597158 0.00658042257 0.006465082151 0.006555390144 0.006264912084 0.006571626116 0.006375485556 0.006557559495 0.006152028705 0.006571976906 0.006562809075 0.006500583803 0.0 0.0 0.0 0.0 0.0 0.0 0.0 0.0 0.0 0.0 0.0 0.0 0.0 0.0 0.0 0.0 0.0 0.0 0.0 0.0 0.0 0.0 0.0 0.0 0.0 0.0 0.0 0.0 0.0 0.0 0.0 0.0 0.0
0.0 0.0 0.0 0.0 0.0 0.0 0.0 0.0 0.0 0.0 0.0 0.0 0.0 0.0 0.0 0.0 0.0 0.006467828388 0.006285919088 0.006819230049 0.006424277388 0.006409343863 0.006688932121 0.007777776369 0.006062784918 0.006116365557 0.006554765893 0.00658042257 9.27686653992 0.006030487889 0.006984779549 0.005631391148 0.008005558602 0.005984898148 0.007049300105 0.005298922638 0.007131135253 0.007106384337 0.006275989324 0.0 0.0 0.0 0.0 0.0 0.0 0.0 0.0 0.0 0.0 0.0 0.0 0.0 0.0 0.0 0.0 0.0 0.0 0.0 0.0 0.0 0.0 0.0 0.0 0.0 0.0 0.0 0.0 0.0 0.0 0.0 0.0 0.0
0.0 0.0 0.0 0.0 0.0 0.0 0.0 0.0 0.0 0.0 0.0 0.0 0.0 0.0 0.0 0.0 0.0 0.006580987625 0.006586528893 0.006276269736 0.006508047239 0.006612796296 0.006364261512 0.005671823723 0.006851588362 0.006687745359 0.00642146013 0.006465082151 0.006030487889 0.38591833899 0.006180061253 0.007443552889 0.005519904537 0.006972667981 0.006139603567 0.007433362706 0.006012479797 0.006051259684 0.006742062284 0.0 0.0 0.0 0.0 0.0 0.0 0.0 0.0 0.0 0.0 0.0 0.0 0.0 0.0 0.0 0.0 0.0 0.0 0.0 0.0 0.0 0.0 0.0 0.0 0.0 0.0 0.0 0.0 0.0 0.0 0.0 0.0 0.0
0.0 0.0 0.0 0.0 0.0 0.0 0.0 0.0 0.0 0.0 0.0 0.0 0.0 0.0 0.0 0.0 0.0 0.006485811278 0.006285590472 0.006795517765 0.006499103428 0.006451920806 0.006660550856 0.007338302075 0.00611145378 0.006130779459 0.006588927453 0.006555390144 0.006984779549 0.006180061253 1.34870868966 0.00577808869 0.007450656383 0.006071872925 0.006947867194 0.005367900424 0.007013026671 0.00702242062 0.006330805523 0.0 0.0 0.0 0.0 0.0 0.0 0.0 0.0 0.0 0.0 0.0 0.0 0.0 0.0 0.0 0.0 0.0 0.0 0.0 0.0 0.0 0.0 0.0 0.0 0.0 0.0 0.0 0.0 0.0 0.0 0.0 0.0 0.0
0.0 0.0 0.0 0.0 0.0 0.0 0.0 0.0 0.0 0.0 0.0 0.0 0.0 0.0 0.0 0.0 0.0 0.006427709525 0.006724539898 0.006039969884 0.006421601038 0.006560602283 0.006156771739 0.005040254633 0.007193893628 0.00688149874 0.006308857258 0.006264912084 0.005631391148 0.007443552889 0.00577808869 0.40885868097 0.004831789193 0.007511939365 0.005716456217 0.008992859018 0.005563406319 0.005604854171 0.006799172169 0.0 0.0 0.0 0.0 0.0 0.0 0.0 0.0 0.0 0.0 0.0 0.0 0.0 0.0 0.0 0.0 0.0 0.0 0.0 0.0 0.0 0.0 0.0 0.0 0.0 0.0 0.0 0.0 0.0 0.0 0.0 0.0 0.0
0.0 0.0 0.0 0.0 0.0 0.0 0.0 0.0 0.0 0.0 0.0 0.0 0.0 0.0 0.0 0.0 0.0 0.006344358561 0.006020423477 0.007107609174 0.006426233968 0.006331864662 0.006860967433 0.008893409185 0.005652459191 0.005666771693 0.00663111517 0.006571626116 0.008005558602 0.005519904537 0.007450656383 0.004831789193 1.10400240325 0.005549800842 0.007529963105 0.004310773751 0.00775660347 0.007747073162 0.006010166089 0.0 0.0 0.0 0.0 0.0 0.0 0.0 0.0 0.0 0.0 0.0 0.0 0.0 0.0 0.0 0.0 0.0 0.0 0.0 0.0 0.0 0.0 0.0 0.0 0.0 0.0 0.0 0.0 0.0 0.0 0.0 0.0 0.0
0.0 0.0 0.0 0.0 0.0 0.0 0.0 0.0 0.0 0.0 0.0 0.0 0.0 0.0 0.0 0.0 0.0 0.00645451064 0.006656303446 0.006207103031 0.006460111428 0.006541071464 0.006298790995 0.005664995 0.006919602229 0.006795789877 0.006373329699 0.006375485556 0.005984898148 0.006972667981 0.006071872925 0.007511939365 0.005549800842 0.228171072782 0.006045373068 0.008079991762 0.005958992113 0.005977010976 0.006654953526 0.0 0.0 0.0 0.0 0.0 0.0 0.0 0.0 0.0 0.0 0.0 0.0 0.0 0.0 0.0 0.0 0.0 0.0 0.0 0.0 0.0 0.0 0.0 0.0 0.0 0.0 0.0 0.0 0.0 0.0 0.0 0.0 0.0
0.0 0.0 0.0 0.0 0.0 0.0 0.0 0.0 0.0 0.0 0.0 0.0 0.0 0.0 0.0 0.0 0.0 0.006474581035 0.0062778788 0.006803128617 0.006510298954 0.006440245649 0.006672977846 0.007418414286 0.006089291861 0.006095494922 0.006592420393 0.006557559495 0.007049300105 0.006139603567 0.006947867194 0.005716456217 0.007529963105 0.006045373068 1.31085993529 0.005304387443 0.007060703133 0.007074436331 0.006318353243 0.0 0.0 0.0 0.0 0.0 0.0 0.0 0.0 0.0 0.0 0.0 0.0 0.0 0.0 0.0 0.0 0.0 0.0 0.0 0.0 0.0 0.0 0.0 0.0 0.0 0.0 0.0 0.0 0.0 0.0 0.0 0.0 0.0
0.0 0.0 0.0 0.0 0.0 0.0 0.0 0.0 0.0 0.0 0.0 0.0 0.0 0.0 0.0 0.0 0.0 0.006315620371 0.006962270431 0.005660266122 0.006367508585 0.006596518831 0.005947232107 0.004539831296 0.007647250271 0.007520088622 0.006107223996 0.006152028705 0.005298922638 0.007433362706 0.005367900424 0.008992859018 0.004310773751 0.008079991762 0.005304387443 0.205935038223 0.005151953084 0.00517162871 0.006790438678 0.0 0.0 0.0 0.0 0.0 0.0 0.0 0.0 0.0 0.0 0.0 0.0 0.0 0.0 0.0 0.0 0.0 0.0 0.0 0.0 0.0 0.0 0.0 0.0 0.0 0.0 0.0 0.0 0.0 0.0 0.0 0.0 0.0
0.0 0.0 0.0 0.0 0.0 0.0 0.0 0.0 0.0 0.0 0.0 0.0 0.0 0.0 0.0 0.0 0.0 0.006464672297 0.006252680504 0.00684308155 0.00649124424 0.006425615908 0.006698233231 0.007599105773 0.006031404659 0.006067304763 0.006603900269 0.006571976906 0.007131135253 0.006012479797 0.007013026671 0.005563406319 0.00775660347 0.005958992113 0.007060703133 0.005151953084 0.471144760053 0.007155155039 0.006271999202 0.0 0.0 0.0 0.0 0.0 0.0 0.0 0.0 0.0 0.0 0.0 0.0 0.0 0.0 0.0 0.0 0.0 0.0 0.0 0.0 0.0 0.0 0.0 0.0 0.0 0.0 0.0 0.0 0.0 0.0 0.0 0.0 0.0
0.0 0.0 0.0 0.0 0.0 0.0 0.0 0.0 0.0 0.0 0.0 0.0 0.0 0.0 0.0 0.0 0.0 0.006455300261 0.0062413558 0.006856783895 0.006486726989 0.006425086663 0.006693524963 0.007598568473 0.006030252825 0.006042106717 0.006603004604 0.006562809075 0.007106384337 0.006051259684 0.00702242062 0.005604854171 0.007747073162 0.005977010976 0.007074436331 0.00517162871 0.007155155039 0.930873119117 0.006273608195 0.0 0.0 0.0 0.0 0.0 0.0 0.0 0.0 0.0 0.0 0.0 0.0 0.0 0.0 0.0 0.0 0.0 0.0 0.0 0.0 0.0 0.0 0.0 0.0 0.0 0.0 0.0 0.0 0.0 0.0 0.0 0.0 0.0
0.0 0.0 0.0 0.0 0.0 0.0 0.0 0.0 0.0 0.0 0.0 0.0 0.0 0.0 0.0 0.0 0.0 0.006544061954 0.006565931169 0.006390051417 0.006513836826 0.006541477603 0.006439386222 0.006082691245 0.006643962155 0.006630392401 0.006473333968 0.006500583803 0.006275989324 0.006742062284 0.006330805523 0.006799172169 0.006010166089 0.006654953526 0.006318353243 0.006790438678 0.006271999202 0.006273608195 0.887830810958 0.0 0.0 0.0 0.0 0.0 0.0 0.0 0.0 0.0 0.0 0.0 0.0 0.0 0.0 0.0 0.0 0.0 0.0 0.0 0.0 0.0 0.0 0.0 0.0 0.0 0.0 0.0 0.0 0.0 0.0 0.0 0.0 0.0
0.0 0.0 0.0 0.0 0.0 0.0 0.0 0.0 0.0 0.0 0.0 0.0 0.0 0.0 0.0 0.0 0.0 0.0 0.0 0.0 0.0 0.0 0.0 0.0 0.0 0.0 0.0 0.0 0.0 0.0 0.0 0.0 0.0 0.0 0.0 0.0 0.0 0.0 0.0 0.979266593373 0.007683369195 0.007146209001 0.007517232212 0.007753496237 0.007872269778 0.007124508655 0.007078595477 0.007602082184 0.007306575084 0.007233355829 0.007110282285 0.007684607396 0.006698205838 0.007891653858 0.007330170373 0.007715836882 0.00689448609 0.007816332047 0.007835953442 0.006701617326 0.0 0.0 0.0 0.0 0.0 0.0 0.0 0.0 0.0 0.0 0.0 0.0
0.0 0.0 0.0 0.0 0.0 0.0 0.0 0.0 0.0 0.0 0.0 0.0 0.0 0.0 0.0 0.0 0.0 0.0 0.0 0.0 0.0 0.0 0.0 0.0 0.0 0.0 0.0 0.0 0.0 0.0 0.0 0.0 0.0 0.0 0.0 0.0 0.0 0.0 0.0 0.007683369195 0.965159560669 0.007022145476 0.007580428917 0.008044949585 0.008382340159 0.006977568175 0.00690522418 0.007757426399 0.007272215374 0.007134577349 0.006944288017 0.007898466758 0.006344353276 0.008334061503 0.007246808129 0.008004928225 0.0066870209 0.008181859178 0.008207917559 0.006310387596 0.0 0.0 0.0 0.0 0.0 0.0 0.0 0.0 0.0 0.0 0.0 0.0
0.0 0.0 0.0 0.0 0.0 0.0 0.0 0.0 0.0 0.0 0.0 0.0 0.0 0.0 0.0 0.0 0.0 0.0 0.0 0.0 0.0 0.0 0.0 0.0 0.0 0.0 0.0 0.0 0.0 0.0 0.0 0.0 0.0 0.0 0.0 0.0 0.0 0.0 0.0 0.007146209001 0.007022145476 0.550227039705 0.007195324286 0.006899774255 0.006644929229 0.007588855933 0.007679338221 0.0070997941 0.007421796037 0.007501979159 0.007612102185 0.00700510971 0.007965434535 0.006694217805 0.007383705137 0.006918031354 0.00776080384 0.006813310933 0.006767251388 0.007959777698 0.0 0.0 0.0 0.0 0.0 0.0 0.0 0.0 0.0 0.0 0.0 0.0
0.0 0.0 0.0 0.0 0.0 0.0 0.0 0.0 0.0 0.0 0.0 0.0 0.0 0.0 0.0 0.0 0.0 0.0 0.0 0.0 0.0 0.0 0.0 0.0 0.0 0.0 0.0 0.0 0.0 0.0 0.0 0.0 0.0 0.0 0.0 0.0 0.0 0.0 0.0 0.007517232212 0.007580428917 0.007195324286 0.765495235632 0.007651789815 0.007769306044 0.007182851499 0.007114989481 0.007539216927 0.007312863851 0.007261250256 0.007165450139 0.007600182995 0.006845188195 0.007737967668 0.007363405519 0.007647033307 0.00700564689 0.007685775234 0.007709631119 0.006856512604 0.0 0.0 0.0 0.0 0.0 0.0 0.0 0.0 0.0 0.0 0.0 0.0
0.0 0.0 0.0 0.0 0.0 0.0 0.0 0.0 0.0 0.0 0.0 0.0 0.0 0.0 0.0 0.0 0.0 0.0 0.0 0.0 0.0 0.0 0.0 0.0 0.0 0.0 0.0 0.0 0.0 0.0 0.0 0.0 0.0 0.0 0.0 0.0 0.0 0.0 0.0 0.007753496237 0.008044949585 0.006899774255 0.007651789815 1.43471681834 0.008845975753 0.006864973084 0.006703937485 0.007880311729 0.007218706884 0.007043597188 0.006801062371 0.008063957777 0.006049289772 0.008775986579 0.0072422517 0.008278672587 0.006498870649 0.008508281411 0.008598612463 0.006043031643 0.0 0.0 0.0 0.0 0.0 0.0 0.0 0.0 0.0 0.0 0.0 0.0
0.0 0.0 0.0 0.0 0.0 0.0 0.0 0.0 0.0 0.0 0.0 0.0 0.0 0.0 0.0 0.0 0.0 0.0 0.0 0.0 0.0 0.0 0.0 0.0 0.0 0.0 0.0 0.0 0.0 0.0 0.0 0.0 0.0 0.0 0.0 0.0 0.0 0.0 0.0 0.007872269778 0.008382340159 0.006644929229 0.007769306044 0.008845975753 10.9823277404 0.006585758303 0.006296836232 0.008141785237 0.007112983111 0.006858643804 0.006429176168 0.008376546822 0.005209559646 0.01015880218 0.007106725714 0.008863385317 0.006111885709 0.009339476535 0.009543227287 0.005159364599 0.0 0.0 0.0 0.0 0.0 0.0 0.0 0.0 0.0 0.0 0.0 0.0
0.0 0.0 0.0 0.0 0.0 0.0 0.0 0.0 0.0 0.0 0.0 0.0 0.0 0.0 0.0 0.0 0.0 0.0 0.0 0.0 0.0 0.0 0.0 0.0 0.0 0.0 0.0 0.0 0.0 0.0 0.0 0.0 0.0 0.0 0.0 0.0 0.0 0.0 0.0 0.007124508655 0.006977568175 0.007588855933 0.007182851499 0.006864973084 0.006585758303 0.751214254772 0.007688653887 0.007077386135 0.007417608097 0.007514451875 0.007633461608 0.006973014892 0.008020966899 0.006640404952 0.00739899178 0.00688637541 0.007804976689 0.006766675928 0.006728755085 0.008048110664 0.0 0.0 0.0 0.0 0.0 0.0 0.0 0.0 0.0 0.0 0.0 0.0
0.0 0.0 0.0 0.0 0.0 0.0 0.0 0.0 0.0 0.0 0.0 0.0 0.0 0.0 0.0 0.0 0.0 0.0 0.0 0.0 0.0 0.0 0.0 0.0 0.0 0.0 0.0 0.0 0.0 0.0 0.0 0.0 0.0 0.0 0.0 0.0 0.0 0.0 0.0 0.007078595477 0.00690522418 0.007679338221 0.007114989481 0.006703937485 0.006296836232 0.007688653887 0.831081517563 0.006991815792 0.007464182534 0.007595632103 0.007698568492 0.00684222366 0.008154727937 0.00640767396 0.00730746607 0.006694150745 0.007905777861 0.00658299268 0.006498270364 0.008105628493 0.0 0.0 0.0 0.0 0.0 0.0 0.0 0.0 0.0 0.0 0.0 0.0
0.0 0.0 0.0 0.0 0.0 0.0 0.0 0.0 0.0 0.0 0.0 0.0 0.0 0.0 0.0 0.0 0.0 0.0 0.0 0.0 0.0 0.0 0.0 0.0 0.0 0.0 0.0 0.0 0.0 0.0 0.0 0.0 0.0 0.0 0.0 0.0 0.0 0.0 0.0 0.007602082184 0.007757426399 0.0070997941 0.007539216927 0.007880311729 0.008141785237 0.007077386135 0.006991815792 0.972603739147 0.007286845491 0.007193142508 0.007039944076 0.007764352766 0.006568710011 0.008095729445 0.007315505276 0.007859947089 0.006831622248 0.00797543228 0.008010366284 0.006566749075 0.0 0.0 0.0 0.0 0.0 0.0 0.0 0.0 0.0 0.0 0.0 0.0
0.0 0.0 0.0 0.0 0.0 0.0 0.0 0.0 0.0 0.0 0.0 0.0 0.0 0.0 0.0 0.0 0.0 0.0 0.0 0.0 0.0 0.0 0.0 0.0 0.0 0.0 0.0 0.0 0.0 0.0 0.0 0.0 0.0 0.0 0.0 0.0 0.0 0.0 0.0 0.007306575084 0.007272215374 0.007421796037 0.007312863851 0.007218706884 0.007112983111 0.007417608097 0.007464182534 0.007286845491 0.880087045926 0.007407619636 0.007423212158 0.007251501112 0.007481366922 0.007147555804 0.007354625001 0.007214710909 0.0074306083 0.007189163656 0.00716694192 0.007467023459 0.0 0.0 0.0 0.0 0.0 0.0 0.0 0.0 0.0 0.0 0.0 0.0
0.0 0.0 0.0 0.0 0.0 0.0 0.0 0.0 0.0 0.0 0.0 0.0 0.0 0.0 0.0 0.0 0.0 0.0 0.0 0.0 0.0 0.0 0.0 0.0 0.0 0.0 0.0 0.0 0.0 0.0 0.0 0.0 0.0 0.0 0.0 0.0 0.0 0.0 0.0 0.007233355829 0.007134577349 0.007501979159 0.007261250256 0.007043597188 0.006858643804 0.007514451875 0.007595632103 0.007193142508 0.007407619636 0.77439605975 0.00751358503 0.007118749618 0.007684547478 0.006885930806 0.007375091556 0.007053529738 0.007579416011 0.006976091377 0.006941545201 0.007680821238 0.0 0.0 0.0 0.0 0.0 0.0 0.0 0.0 0.0 0.0 0.0 0.0
0.0 0.0 0.0 0.0 0.0 0.0 0.0 0.0 0.0 0.0 0.0 0.0 0.0 0.0 0.0 0.0 0.0 0.0 0.0 0.0 0.0 0.0 0.0 0.0 0.0 0.0 0.0 0.0 0.0 0.0 0.0 0.0 0.0 0.0 0.0 0.0 0.0 0.0 0.0 0.007110282285 0.006944288017 0.007612102185 0.007165450139 0.006801062371 0.006429176168 0.007633461608 0.007698568492 0.007039944076 0.007423212158 0.00751358503 0.688501614574 0.006942479567 0.008199973766 0.006526327552 0.007424974772 0.006803636342 0.007867351985 0.006685295657 0.006634908222 0.008226603628 0.0 0.0 0.0 0.0 0.0 0.0 0.0 0.0 0.0 0.0 0.0 0.0
0.0 0.0 0.0 0.0 0.0 0.0 0.0 0.0 0.0 0.0 0.0 0.0 0.0 0.0 0.0 0.0 0.0 0.0 0.0 0.0 0.0 0.0 0.0 0.0 0.0 0.0 0.0 0.0 0.0 0.0 0.0 0.0 0.0 0.0 0.0 0.0 0.0 0.0 0.0 0.007684607396 0.007898466758 0.00700510971 0.007600182995 0.008063957777 0.008376546822 0.006973014892 0.00684222366 0.007764352766 0.007251501112 0.007118749618 0.006942479567 0.710401443485 0.006345320327 0.008346418417 0.007299138609 0.008039643348 0.006673968331 0.008191408952 0.008244708999 0.00633994357 0.0 0.0 0.0 0.0 0.0 0.0 0.0 0.0 0.0 0.0 0.0 0.0
0.0 0.0 0.0 0.0 0.0 0.0 0.0 0.0 0.0 0.0 0.0 0.0 0.0 0.0 0.0 0.0 0.0 0.0 0.0 0.0 0.0 0.0 0.0 0.0 0.0 0.0 0.0 0.0 0.0 0.0 0.0 0.0 0.0 0.0 0.0 0.0 0.0 0.0 0.0 0.006698205838 0.006344353276 0.007965434535 0.006845188195 0.006049289772 0.005209559646 0.008020966899 0.008154727937 0.006568710011 0.007481366922 0.007684547478 0.008199973766 0.006345320327 0.234963931712 0.005459582937 0.007487845257 0.006060306117 0.008770178494 0.00580245562 0.005696310694 0.009736619665 0.0 0.0 0.0 0.0 0.0 0.0 0.0 0.0 0.0 0.0 0.0 0.0
0.0 0.0 0.0 0.0 0.0 0.0 0.0 0.0 0.0 0.0 0.0 0.0 0.0 0.0 0.0 0.0 0.0 0.0 0.0 0.0 0.0 0.0 0.0 0.0 0.0 0.0 0.0 0.0 0.0 0.0 0.0 0.0 0.0 0.0 0.0 0.0 0.0 0.0 0.0 0.007891653858 0.008334061503 0.006694217805 0.007737967668 0.008775986579 0.01015880218 0.006640404952 0.00640767396 0.008095729445 0.007147555804 0.006885930806 0.006526327552 0.008346418417 0.005459582937 2.07876105369 0.007129745796 0.008714913501 0.006160316495 0.009174415278 0.009342123893 0.005429856064 0.0 0.0 0.0 0.0 0.0 0.0 0.0 0.0 0.0 0.0 0.0 0.0
0.0 0.0 0.0 0.0 0.0 0.0 0.0 0.0 0.0 0.0 0.0 0.0 0.0 0.0 0.0 0.0 0.0 0.0 0.0 0.0 0.0 0.0 0.0 0.0 0.0 0.0 0.0 0.0 0.0 0.0 0.0 0.0 0.0 0.0 0.0 0.0 0.0 0.0 0.0 0.007330170373 0.007246808129 0.007383705137 0.007363405519 0.0072422517 0.007106725714 0.00739899178 0.00730746607 0.007315505276 0.007354625001 0.007375091556 0.007424974772 0.007299138609 0.007487845257 0.007129745796 0.436934339626 0.007263667574 0.007390086577 0.007194572866 0.007194346644 0.007531315975 0.0 0.0 0.0 0.0 0.0 0.0 0.0 0.0 0.0 0.0 0.0 0.0
0.0 0.0 0.0 0.0 0.0 0.0 0.0 0.0 0.0 0.0 0.0 0.0 0.0 0.0 0.0 0.0 0.0 0.0 0.0 0.0 0.0 0.0 0.0 0.0 0.0 0.0 0.0 0.0 0.0 0.0 0.0 0.0 0.0 0.0 0.0 0.0 0.0 0.0 0.0 0.007715836882 0.008004928225 0.006918031354 0.007647033307 0.008278672587 0.008863385317 0.00688637541 0.006694150745 0.007859947089 0.007214710909 0.007053529738 0.006803636342 0.008039643348 0.006060306117 0.008714913501 0.007263667574 1.11981942435 0.006542906437 0.008454899974 0.008566847219 0.00605493795 0.0 0.0 0.0 0.0 0.0 0.0 0.0 0.0 0.0 0.0 0.0 0.0
0.0 0.0 0.0 0.0 0.0 0.0 0.0 0.0 0.0 0.0 0.0 0.0 0.0 0.0 0.0 0.0 0.0 0.0 0.0 0.0 0.0 0.0 0.0 0.0 0.0 0.0 0.0 0.0 0.0 0.0 0.0 0.0 0.0 0.0 0.0 0.0 0.0 0.0 0.0 0.00689448609 0.0066870209 0.00776080384 0.00700564689 0.006498870649 0.006111885709 0.007804976689 0.007905777861 0.006831622248 0.0074306083 0.007579416011 0.007867351985 0.006673968331 0.008770178494 0.006160316495 0.007390086577 0.006542906437 0.450087149493 0.00635330944 0.006294400644 0.008810782862 0.0 0.0 0.0 0.0 0.0 0.0 0.0 0.0 0.0 0.0 0.0 0.0
0.0 0.0 0.0 0.0 0.0 0.0 0.0 0.0 0.0 0.0 0.0 0.0 0.0 0.0 0.0 0.0 0.0 0.0 0.0 0.0 0.0 0.0 0.0 0.0 0.0 0.0 0.0 0.0 0.0 0.0 0.0 0.0 0.0 0.0 0.0 0.0 0.0 0.0 0.0 0.007816332047 0.008181859178 0.006813310933 0.007685775234 0.008508281411 0.009339476535 0.006766675928 0.00658299268 0.00797543228 0.007189163656 0.006976091377 0.006685295657 0.008191408952 0.00580245562 0.009174415278 0.007194572866 0.008454899974 0.00635330944 0.77796728224 0.008902627989 0.005773295497 0.0 0.0 0.0 0.0 0.0 0.0 0.0 0.0 0.0 0.0 0.0 0.0
0.0 0.0 0.0 0.0 0.0 0.0 0.0 0.0 0.0 0.0 0.0 0.0 0.0 0.0 0.0 0.0 0.0 0.0 0.0 0.0 0.0 0.0 0.0 0.0 0.0 0.0 0.0 0.0 0.0 0.0 0.0 0.0 0.0 0.0 0.0 0.0 0.0 0.0 0.0 0.007835953442 0.008207917559 0.006767251388 0.007709631119 0.008598612463 0.009543227287 0.006728755085 0.006498270364 0.008010366284 0.00716694192 0.006941545201 0.006634908222 0.008244708999 0.005696310694 0.009342123893 0.007194346644 0.008566847219 0.006294400644 0.008902627989 1.76654977235 0.005688583461 0.0 0.0 0.0 0.0 0.0 0.0 0.0 0.0 0.0 0.0 0.0 0.0
0.0 0.0 0.0 0.0 0.0 0.0 0.0 0.0 0.0 0.0 0.0 0.0 0.0 0.0 0.0 0.0 0.0 0.0 0.0 0.0 0.0 0.0 0.0 0.0 0.0 0.0 0.0 0.0 0.0 0.0 0.0 0.0 0.0 0.0 0.0 0.0 0.0 0.0 0.0 0.006701617326 0.006310387596 0.007959777698 0.006856512604 0.006043031643 0.005159364599 0.008048110664 0.008105628493 0.006566749075 0.007467023459 0.007680821238 0.008226603628 0.00633994357 0.009736619665 0.005429856064 0.007531315975 0.00605493795 0.008810782862 0.005773295497 0.005688583461 0.45675826298 0.0 0.0 0.0 0.0 0.0 0.0 0.0 0.0 0.0 0.0 0.0 0.0
0.0 0.0 0.0 0.0 0.0 0.0 0.0 0.0 0.0 0.0 0.0 0.0 0.0 0.0 0.0 0.0 0.0 0.0 0.0 0.0 0.0 0.0 0.0 0.0 0.0 0.0 0.0 0.0 0.0 0.0 0.0 0.0 0.0 0.0 0.0 0.0 0.0 0.0 0.0 0.0 0.0 0.0 0.0 0.0 0.0 0.0 0.0 0.0 0.0 0.0 0.0 0.0 0.0 0.0 0.0 0.0 0.0 0.0 0.0 0.0 0.813230445011 0.01645295397 0.01662093526 0.01669437565 0.01679618466 0.01634251685 0.01624379733 0.01537893617 0.01555837885 0.01632116463 0.01583925244 0.01668281349
0.0 0.0 0.0 0.0 0.0 0.0 0.0 0.0 0.0 0.0 0.0 0.0 0.0 0.0 0.0 0.0 0.0 0.0 0.0 0.0 0.0 0.0 0.0 0.0 0.0 0.0 0.0 0.0 0.0 0.0 0.0 0.0 0.0 0.0 0.0 0.0 0.0 0.0 0.0 0.0 0.0 0.0 0.0 0.0 0.0 0.0 0.0 0.0 0.0 0.0 0.0 0.0 0.0 0.0 0.0 0.0 0.0 0.0 0.0 0.0 0.01645295397 0.94545244354 0.01656338481 0.01663622916 0.01669262959 0.01642280702 0.01632639015 0.01539469299 0.01582210978 0.0164835027 0.01598189848 0.01669767792
0.0 0.0 0.0 0.0 0.0 0.0 0.0 0.0 0.0 0.0 0.0 0.0 0.0 0.0 0.0 0.0 0.0 0.0 0.0 0.0 0.0 0.0 0.0 0.0 0.0 0.0 0.0 0.0 0.0 0.0 0.0 0.0 0.0 0.0 0.0 0.0 0.0 0.0 0.0 0.0 0.0 0.0 0.0 0.0 0.0 0.0 0.0 0.0 0.0 0.0 0.0 0.0 0.0 0.0 0.0 0.0 0.0 0.0 0.0 0.0 0.01662093526 0.01656338481 1.00933759329 0.01699020739 0.01727001813 0.0164354263 0.01621839794 0.01449949111 0.01518309948 0.01660851713 0.01557843455 0.01712517733
0.0 0.0 0.0 0.0 0.0 0.0 0.0 0.0 0.0 0.0 0.0 0.0 0.0 0.0 0.0 0.0 0.0 0.0 0.0 0.0 0.0 0.0 0.0 0.0 0.0 0.0 0.0 0.0 0.0 0.0 0.0 0.0 0.0 0.0 0.0 0.0 0.0 0.0 0.0 0.0 0.0 0.0 0.0 0.0 0.0 0.0 0.0 0.0 0.0 0.0 0.0 0.0 0.0 0.0 0.0 0.0 0.0 0.0 0.0 0.0 0.01669437565 0.01663622916 0.01699020739 0.746216755617 0.01748571123 0.01646275421 0.01618742146 0.01415760315 0.01495126982 0.01664315731 0.01540963536 0.01732902213
0.0 0.0 0.0 0.0 0.0 0.0 0.0 0.0 0.0 0.0 0.0 0.0 0.0 0.0 0.0 0.0 0.0 0.0 0.0 0.0 0.0 0.0 0.0 0.0 0.0 0.0 0.0 0.0 0.0 0.0 0.0 0.0 0.0 0.0 0.0 0.0 0.0 0.0 0.0 0.0 0.0 0.0 0.0 0.0 0.0 0.0 0.0 0.0 0.0 0.0 0.0 0.0 0.0 0.0 0.0 0.0 0.0 0.0 0.0 0.0 0.01679618466 0.01669262959 0.01727001813 0.01748571123 0.974166689571 0.01648728598 0.01604418348 0.01336910853 0.0143798673 0.0167564844 0.01503711145 0.0177857932
0.0 0.0 0.0 0.0 0.0 0.0 0.0 0.0 0.0 0.0 0.0 0.0 0.0 0.0 0.0 0.0 0.0 0.0 0.0 0.0 0.0 0.0 0.0 0.0 0.0 0.0 0.0 0.0 0.0 0.0 0.0 0.0 0.0 0.0 0.0 0.0 0.0 0.0 0.0 0.0 0.0 0.0 0.0 0.0 0.0 0.0 0.0 0.0 0.0 0.0 0.0 0.0 0.0 0.0 0.0 0.0 0.0 0.0 0.0 0.0 0.01634251685 0.01642280702 0.0164354263 0.01646275421 0.01648728598 0.867746759929 0.01637739257 0.01580130264 0.01623575116 0.01652093085 0.01627846084 0.01652712198
0.0 0.0 0.0 0.0 0.0 0.0 0.0 0.0 0.0 0.0 0.0 0.0 0.0 0.0 0.0 0.0 0.0 0.0 0.0 0.0 0.0 0.0 0.0 0.0 0.0 0.0 0.0 0.0 0.0 0.0 0.0 0.0 0.0 0.0 0.0 0.0 0.0 0.0 0.0 0.0 0.0 0.0 0.0 0.0 0.0 0.0 0.0 0.0 0.0 0.0 0.0 0.0 0.0 0.0 0.0 0.0 0.0 0.0 0.0 0.0 0.01624379733 0.01632639015 0.01621839794 0.01618742146 0.01604418348 0.01637739257 0.606999599534 0.01642009161 0.01660307113 0.01637795853 0.01651659988 0.01614624697
0.0 0.0 0.0 0.0 0.0 0.0 0.0 0.0 0.0 0.0 0.0 0.0 0.0 0.0 0.0 0.0 0.0 0.0 0.0 0.0 0.0 0.0 0.0 0.0 0.0 0.0 0.0 0.0 0.0 0.0 0.0 0.0 0.0 0.0 0.0 0.0 0.0 0.0 0.0 0.0 0.0 0.0 0.0 0.0 0.0 0.0 0.0 0.0 0.0 0.0 0.0 0.0 0.0 0.0 0.0 0.0 0.0 0.0 0.0 0.0 0.01537893617 0.01539469299 0.01449949111 0.01415760315 0.01336910853 0.01580130264 0.01642009161 0.315260997921 0.01972058577 0.01522798306 0.01848088679 0.0137425114
0.0 0.0 0.0 0.0 0.0 0.0 0.0 0.0 0.0 0.0 0.0 0.0 0.0 0.0 0.0 0.0 0.0 0.0 0.0 0.0 0.0 0.0 0.0 0.0 0.0 0.0 0.0 0.0 0.0 0.0 0.0 0.0 0.0 0.0 0.0 0.0 0.0 0.0 0.0 0.0 0.0 0.0 0.0 0.0 0.0 0.0 0.0 0.0 0.0 0.0 0.0 0.0 0.0 0.0 0.0 0.0 0.0 0.0 0.0 0.0 0.01555837885 0.01582210978 0.01518309948 0.01495126982 0.0143798673 0.01623575116 0.01660307113 0.01972058577 0.263139158054 0.01600275071 0.01809325507 0.01471993228
0.0 0.0 0.0 0.0 0.0 0.0 0.0 0.0 0.0 0.0 0.0 0.0 0.0 0.0 0.0 0.0 0.0 0.0 0.0 0.0 0.0 0.0 0.0 0.0 0.0 0.0 0.0 0.0 0.0 0.0 0.0 0.0 0.0 0.0 0.0 0.0 0.0 0.0 0.0 0.0 0.0 0.0 0.0 0.0 0.0 0.0 0.0 0.0 0.0 0.0 0.0 0.0 0.0 0.0 0.0 0.0 0.0 0.0 0.0 0.0 0.01632116463 0.0164835027 0.01660851713 0.01664315731 0.0167564844 0.01652093085 0.01637795853 0.01522798306 0.01600275071 0.720969339723 0.01610273609 0.01678121431
0.0 0.0 0.0 0.0 0.0 0.0 0.0 0.0 0.0 0.0 0.0 0.0 0.0 0.0 0.0 0.0 0.0 0.0 0.0 0.0 0.0 0.0 0.0 0.0 0.0 0.0 0.0 0.0 0.0 0.0 0.0 0.0 0.0 0.0 0.0 0.0 0.0 0.0 0.0 0.0 0.0 0.0 0.0 0.0 0.0 0.0 0.0 0.0 0.0 0.0 0.0 0.0 0.0 0.0 0.0 0.0 0.0 0.0 0.0 0.0 0.01583925244 0.01598189848 0.01557843455 0.01540963536 0.01503711145 0.01627846084 0.01651659988 0.01848088679 0.01809325507 0.01610273609 1.04671951379 0.01524517327
0.0 0.0 0.0 0.0 0.0 0.0 0.0 0.0 0.0 0.0 0.0 0.0 0.0 0.0 0.0 0.0 0.0 0.0 0.0 0.0 0.0 0.0 0.0 0.0 0.0 0.0 0.0 0.0 0.0 0.0 0.0 0.0 0.0 0.0 0.0 0.0 0.0 0.0 0.0 0.0 0.0 0.0 0.0 0.0 0.0 0.0 0.0 0.0 0.0 0.0 0.0 0.0 0.0 0.0 0.0 0.0 0.0 0.0 0.0 0.0 0.01668281349 0.01669767792 0.01712517733 0.01732902213 0.0177857932 0.01652712198 0.01614624697 0.0137425114 0.01471993228 0.01678121431 0.01524517327 0.563988976179
