111 111
0.137108850722 0.004007294778 0.004183690056 0.004387080853 0.004090935396 0.004915440193 0.004047544116 0.004154683751 0.003731563943 0.004006122777 0.003790952425 0.003999136387 0.004357982809 0.004230163308 0.004238294597 0.004415135293 0.004505896807 0.003833632842 0.004184128439 0.004851369996 0.00391841127 0.0 0.0 0.0 0.0 0.0 0.0 0.0 0.0 0.0 0.0 0.0 0.0 0.0 0.0 0.0 0.0 0.0 0.0 0.0 0.0 0.0 0.0 0.0 0.0 0.0 0.0 0.0 0.0 0.0 0.0 0.0 0.0 0.0 0.0 0.0 0.0 0.0 0.0 0.0 0.0 0.0 0.0 0.0 0.0 0.0 0.0 0.0 0.0 0.0 0.0 0.0 0.0 0.0 0.0 0.0 0.0 0.0 0.0 0.0 0.0 0.0 0.0 0.0 0.0 0.0 0.0 0.0 0.0 0.0 0.0 0.0 0.0 0.0 0.0 0.0 0.0 0.0 0.0 0.0 0.0 0.0 0.0 0.0 0.0 0.0 0.0 0.0 0.0 0.0 0.0
0.004007294778 1.13368449122 0.004419105348 0.004312856567 0.004530667577 0.003856997435 0.004519300832 0.004480718292 0.004849489394 0.00461689772 0.004782063366 0.004611500537 0.004311224518 0.004388043967 0.004395105158 0.004249110673 0.004173427215 0.0047715811 0.004428509113 0.003957344274 0.004647768202 0.0 0.0 0.0 0.0 0.0 0.0 0.0 0.0 0.0 0.0 0.0 0.0 0.0 0.0 0.0 0.0 0.0 0.0 0.0 0.0 0.0 0.0 0.0 0.0 0.0 0.0 0.0 0.0 0.0 0.0 0.0 0.0 0.0 0.0 0.0 0.0 0.0 0.0 0.0 0.0 0.0 0.0 0.0 0.0 0.0 0.0 0.0 0.0 0.0 0.0 0.0 0.0 0.0 0.0 0.0 0.0 0.0 0.0 0.0 0.0 0.0 0.0 0.0 0.0 0.0 0.0 0.0 0.0 0.0 0.0 0.0 0.0 0.0 0.0 0.0 0.0 0.0 0.0 0.0 0.0 0.0 0.0 0.0 0.0 0.0 0.0 0.0 0.0 0.0 0.0
0.004183690056 0.004419105348 0.295969960209 0.004362682177 0.004384467222 0.004173175696 0.004427958278 0.004368740263 0.004517099611 0.004381477685 0.00446826399 0.004412994971 0.004300112065 0.004334324573 0.004343345455 0.004296733671 0.0042399917 0.004469256022 0.004378585317 0.004169844814 0.004436966001 0.0 0.0 0.0 0.0 0.0 0.0 0.0 0.0 0.0 0.0 0.0 0.0 0.0 0.0 0.0 0.0 0.0 0.0 0.0 0.0 0.0 0.0 0.0 0.0 0.0 0.0 0.0 0.0 0.0 0.0 0.0 0.0 0.0 0.0 0.0 0.0 0.0 0.0 0.0 0.0 0.0 0.0 0.0 0.0 0.0 0.0 0.0 0.0 0.0 0.0 0.0 0.0 0.0 0.0 0.0 0.0 0.0 0.0 0.0 0.0 0.0 0.0 0.0 0.0 0.0 0.0 0.0 0.0 0.0 0.0 0.0 0.0 0.0 0.0 0.0 0.0 0.0 0.0 0.0 0.0 0.0 0.0 0.0 0.0 0.0 0.0 0.0 0.0 0.0 0.0
0.004387080853 0.004312856567 0.004362682177 0.267630260117 0.004307718543 0.004352917556 0.004304719943 0.004319470809 0.00434967013 0.004221859171 0.00426020077 0.004265362105 0.004337744237 0.004264065279 0.004330340243 0.004357385261 0.004297239595 0.00430451076 0.004335792067 0.004374501069 0.00423379182 0.0 0.0 0.0 0.0 0.0 0.0 0.0 0.0 0.0 0.0 0.0 0.0 0.0 0.0 0.0 0.0 0.0 0.0 0.0 0.0 0.0 0.0 0.0 0.0 0.0 0.0 0.0 0.0 0.0 0.0 0.0 0.0 0.0 0.0 0.0 0.0 0.0 0.0 0.0 0.0 0.0 0.0 0.0 0.0 0.0 0.0 0.0 0.0 0.0 0.0 0.0 0.0 0.0 0.0 0.0 0.0 0.0 0.0 0.0 0.0 0.0 0.0 0.0 0.0 0.0 0.0 0.0 0.0 0.0 0.0 0.0 0.0 0.0 0.0 0.0 0.0 0.0 0.0 0.0 0.0 0.0 0.0 0.0 0.0 0.0 0.0 0.0 0.0 0.0 0.0
0.004090935396 0.004530667577 0.004384467222 0.004307718543 0.252367917461 0.003972029679 0.004466440671 0.004461017153 0.004645601103 0.00452764041 0.004612598042 0.004502433316 0.004336551208 0.004417022819 0.004412815274 0.004272870781 0.004232864605 0.004596074089 0.004400170692 0.004055117866 0.00452214899 0.0 0.0 0.0 0.0 0.0 0.0 0.0 0.0 0.0 0.0 0.0 0.0 0.0 0.0 0.0 0.0 0.0 0.0 0.0 0.0 0.0 0.0 0.0 0.0 0.0 0.0 0.0 0.0 0.0 0.0 0.0 0.0 0.0 0.0 0.0 0.0 0.0 0.0 0.0 0.0 0.0 0.0 0.0 0.0 0.0 0.0 0.0 0.0 0.0 0.0 0.0 0.0 0.0 0.0 0.0 0.0 0.0 0.0 0.0 0.0 0.0 0.0 0.0 0.0 0.0 0.0 0.0 0.0 0.0 0.0 0.0 0.0 0.0 0.0 0.0 0.0 0.0 0.0 0.0 0.0 0.0 0.0 0.0 0.0 0.0 0.0 0.0 0.0 0.0 0.0
0.004915440193 0.003856997435 0.004173175696 0.004352917556 0.003972029679 0.140650071313 0.004010072712 0.004046638661 0.00352828712 0.003875921963 0.00362550745 0.003891440274 0.004288994581 0.004183060264 0.004161774162 0.004417927193 0.004522028388 0.003661226573 0.004133768103 0.004995101272 0.003829012489 0.0 0.0 0.0 0.0 0.0 0.0 0.0 0.0 0.0 0.0 0.0 0.0 0.0 0.0 0.0 0.0 0.0 0.0 0.0 0.0 0.0 0.0 0.0 0.0 0.0 0.0 0.0 0.0 0.0 0.0 0.0 0.0 0.0 0.0 0.0 0.0 0.0 0.0 0.0 0.0 0.0 0.0 0.0 0.0 0.0 0.0 0.0 0.0 0.0 0.0 0.0 0.0 0.0 0.0 0.0 0.0 0.0 0.0 0.0 0.0 0.0 0.0 0.0 0.0 0.0 0.0 0.0 0.0 0.0 0.0 0.0 0.0 0.0 0.0 0.0 0.0 0.0 0.0 0.0 0.0 0.0 0.0 0.0 0.0 0.0 0.0 0.0 0.0 0.0 0.0
0.004047544116 0.004519300832 0.004427958278 0.004304719943 0.004466440671 0.004010072712 0.524347040556 0.004418236202 0.004709599838 0.004500334882 0.004652989337 0.004525103571 0.004283506098 0.004361289549 0.004365963473 0.004256474917 0.004179065301 0.004629770851 0.004413621512 0.004006023716 0.004586324712 0.0 0.0 0.0 0.0 0.0 0.0 0.0 0.0 0.0 0.0 0.0 0.0 0.0 0.0 0.0 0.0 0.0 0.0 0.0 0.0 0.0 0.0 0.0 0.0 0.0 0.0 0.0 0.0 0.0 0.0 0.0 0.0 0.0 0.0 0.0 0.0 0.0 0.0 0.0 0.0 0.0 0.0 0.0 0.0 0.0 0.0 0.0 0.0 0.0 0.0 0.0 0.0 0.0 0.0 0.0 0.0 0.0 0.0 0.0 0.0 0.0 0.0 0.0 0.0 0.0 0.0 0.0 0.0 0.0 0.0 0.0 0.0 0.0 0.0 0.0 0.0 0.0 0.0 0.0 0.0 0.0 0.0 0.0 0.0 0.0 0.0 0.0 0.0 0.0 0.0
0.004154683751 0.004480718292 0.004368740263 0.004319470809 0.004461017153 0.004046638661 0.004418236202 0.653776149558 0.004545787564 0.00447245058 0.00453088585 0.004459475733 0.004344067502 0.004392081149 0.004392621701 0.004291913392 0.004267079695 0.004522999091 0.004387612802 0.004132288545 0.004461596597 0.0 0.0 0.0 0.0 0.0 0.0 0.0 0.0 0.0 0.0 0.0 0.0 0.0 0.0 0.0 0.0 0.0 0.0 0.0 0.0 0.0 0.0 0.0 0.0 0.0 0.0 0.0 0.0 0.0 0.0 0.0 0.0 0.0 0.0 0.0 0.0 0.0 0.0 0.0 0.0 0.0 0.0 0.0 0.0 0.0 0.0 0.0 0.0 0.0 0.0 0.0 0.0 0.0 0.0 0.0 0.0 0.0 0.0 0.0 0.0 0.0 0.0 0.0 0.0 0.0 0.0 0.0 0.0 0.0 0.0 0.0 0.0 0.0 0.0 0.0 0.0 0.0 0.0 0.0 0.0 0.0 0.0 0.0 0.0 0.0 0.0 0.0 0.0 0.0 0.0
0.003731563943 0.004849489394 0.004517099611 0.00434967013 0.004645601103 0.00352828712 0.004709599838 0.004545787564 0.555918719473 0.004844164644 0.005283325841 0.004861943275 0.004248110959 0.004362797644 0.004405287165 0.00418187281 0.003985289162 0.005240290185 0.004504306237 0.003626424175 0.004999723426 0.0 0.0 0.0 0.0 0.0 0.0 0.0 0.0 0.0 0.0 0.0 0.0 0.0 0.0 0.0 0.0 0.0 0.0 0.0 0.0 0.0 0.0 0.0 0.0 0.0 0.0 0.0 0.0 0.0 0.0 0.0 0.0 0.0 0.0 0.0 0.0 0.0 0.0 0.0 0.0 0.0 0.0 0.0 0.0 0.0 0.0 0.0 0.0 0.0 0.0 0.0 0.0 0.0 0.0 0.0 0.0 0.0 0.0 0.0 0.0 0.0 0.0 0.0 0.0 0.0 0.0 0.0 0.0 0.0 0.0 0.0 0.0 0.0 0.0 0.0 0.0 0.0 0.0 0.0 0.0 0.0 0.0 0.0 0.0 0.0 0.0 0.0 0.0 0.0 0.0
0.004006122777 0.00461689772 0.004381477685 0.004221859171 0.00452764041 0.003875921963 0.004500334882 0.00447245058 0.004844164644 0.393396198957 0.004810567904 0.004630630273 0.004311427268 0.004429688169 0.004393744914 0.004238249142 0.004209608554 0.004773375153 0.004403794275 0.003970956967 0.004690052618 0.0 0.0 0.0 0.0 0.0 0.0 0.0 0.0 0.0 0.0 0.0 0.0 0.0 0.0 0.0 0.0 0.0 0.0 0.0 0.0 0.0 0.0 0.0 0.0 0.0 0.0 0.0 0.0 0.0 0.0 0.0 0.0 0.0 0.0 0.0 0.0 0.0 0.0 0.0 0.0 0.0 0.0 0.0 0.0 0.0 0.0 0.0 0.0 0.0 0.0 0.0 0.0 0.0 0.0 0.0 0.0 0.0 0.0 0.0 0.0 0.0 0.0 0.0 0.0 0.0 0.0 0.0 0.0 0.0 0.0 0.0 0.0 0.0 0.0 0.0 0.0 0.0 0.0 0.0 0.0 0.0 0.0 0.0 0.0 0.0 0.0 0.0 0.0 0.0 0.0
0.003790952425 0.004782063366 0.00446826399 0.00426020077 0.004612598042 0.00362550745 0.004652989337 0.00453088585 0.005283325841 0.004810567904 0.419310493943 0.004813468807 0.004260062723 0.004382354107 0.004390630359 0.00418941385 0.004058426714 0.005099584234 0.004481259443 0.003720313405 0.004924837088 0.0 0.0 0.0 0.0 0.0 0.0 0.0 0.0 0.0 0.0 0.0 0.0 0.0 0.0 0.0 0.0 0.0 0.0 0.0 0.0 0.0 0.0 0.0 0.0 0.0 0.0 0.0 0.0 0.0 0.0 0.0 0.0 0.0 0.0 0.0 0.0 0.0 0.0 0.0 0.0 0.0 0.0 0.0 0.0 0.0 0.0 0.0 0.0 0.0 0.0 0.0 0.0 0.0 0.0 0.0 0.0 0.0 0.0 0.0 0.0 0.0 0.0 0.0 0.0 0.0 0.0 0.0 0.0 0.0 0.0 0.0 0.0 0.0 0.0 0.0 0.0 0.0 0.0 0.0 0.0 0.0 0.0 0.0 0.0 0.0 0.0 0.0 0.0 0.0 0.0
0.003999136387 0.004611500537 0.004412994971 0.004265362105 0.004502433316 0.003891440274 0.004525103571 0.004459475733 0.004861943275 0.004630630273 0.004813468807 0.296458560777 0.004288089137 0.004366273621 0.004361563268 0.004239231264 0.00417131491 0.004791633203 0.004425234127 0.003957886796 0.004689500648 0.0 0.0 0.0 0.0 0.0 0.0 0.0 0.0 0.0 0.0 0.0 0.0 0.0 0.0 0.0 0.0 0.0 0.0 0.0 0.0 0.0 0.0 0.0 0.0 0.0 0.0 0.0 0.0 0.0 0.0 0.0 0.0 0.0 0.0 0.0 0.0 0.0 0.0 0.0 0.0 0.0 0.0 0.0 0.0 0.0 0.0 0.0 0.0 0.0 0.0 0.0 0.0 0.0 0.0 0.0 0.0 0.0 0.0 0.0 0.0 0.0 0.0 0.0 0.0 0.0 0.0 0.0 0.0 0.0 0.0 0.0 0.0 0.0 0.0 0.0 0.0 0.0 0.0 0.0 0.0 0.0 0.0 0.0 0.0 0.0 0.0 0.0 0.0 0.0 0.0
0.004357982809 0.004311224518 0.004300112065 0.004337744237 0.004336551208 0.004288994581 0.004283506098 0.004344067502 0.004248110959 0.004311427268 0.004260062723 0.004288089137 0.118953900019 0.004353176942 0.004358390013 0.004346350971 0.00437359935 0.004266082565 0.004320432698 0.004353653384 0.004261363234 0.0 0.0 0.0 0.0 0.0 0.0 0.0 0.0 0.0 0.0 0.0 0.0 0.0 0.0 0.0 0.0 0.0 0.0 0.0 0.0 0.0 0.0 0.0 0.0 0.0 0.0 0.0 0.0 0.0 0.0 0.0 0.0 0.0 0.0 0.0 0.0 0.0 0.0 0.0 0.0 0.0 0.0 0.0 0.0 0.0 0.0 0.0 0.0 0.0 0.0 0.0 0.0 0.0 0.0 0.0 0.0 0.0 0.0 0.0 0.0 0.0 0.0 0.0 0.0 0.0 0.0 0.0 0.0 0.0 0.0 0.0 0.0 0.0 0.0 0.0 0.0 0.0 0.0 0.0 0.0 0.0 0.0 0.0 0.0 0.0 0.0 0.0 0.0 0.0 0.0
0.004230163308 0.004388043967 0.004334324573 0.004264065279 0.004417022819 0.004183060264 0.004361289549 0.004392081149 0.004362797644 0.004429688169 0.004382354107 0.004366273621 0.004353176942 0.184201357845 0.004401425082 0.004303536438 0.00434037144 0.004356763853 0.004333107935 0.004232675461 0.004381093089 0.0 0.0 0.0 0.0 0.0 0.0 0.0 0.0 0.0 0.0 0.0 0.0 0.0 0.0 0.0 0.0 0.0 0.0 0.0 0.0 0.0 0.0 0.0 0.0 0.0 0.0 0.0 0.0 0.0 0.0 0.0 0.0 0.0 0.0 0.0 0.0 0.0 0.0 0.0 0.0 0.0 0.0 0.0 0.0 0.0 0.0 0.0 0.0 0.0 0.0 0.0 0.0 0.0 0.0 0.0 0.0 0.0 0.0 0.0 0.0 0.0 0.0 0.0 0.0 0.0 0.0 0.0 0.0 0.0 0.0 0.0 0.0 0.0 0.0 0.0 0.0 0.0 0.0 0.0 0.0 0.0 0.0 0.0 0.0 0.0 0.0 0.0 0.0 0.0 0.0
0.004238294597 0.004395105158 0.004343345455 0.004330340243 0.004412815274 0.004161774162 0.004365963473 0.004392621701 0.004405287165 0.004393744914 0.004390630359 0.004361563268 0.004358390013 0.004401425082 0.208788201853 0.004314843834 0.004316395799 0.004383781025 0.004351106486 0.004224055782 0.004362820644 0.0 0.0 0.0 0.0 0.0 0.0 0.0 0.0 0.0 0.0 0.0 0.0 0.0 0.0 0.0 0.0 0.0 0.0 0.0 0.0 0.0 0.0 0.0 0.0 0.0 0.0 0.0 0.0 0.0 0.0 0.0 0.0 0.0 0.0 0.0 0.0 0.0 0.0 0.0 0.0 0.0 0.0 0.0 0.0 0.0 0.0 0.0 0.0 0.0 0.0 0.0 0.0 0.0 0.0 0.0 0.0 0.0 0.0 0.0 0.0 0.0 0.0 0.0 0.0 0.0 0.0 0.0 0.0 0.0 0.0 0.0 0.0 0.0 0.0 0.0 0.0 0.0 0.0 0.0 0.0 0.0 0.0 0.0 0.0 0.0 0.0 0.0 0.0 0.0 0.0
0.004415135293 0.004249110673 0.004296733671 0.004357385261 0.004272870781 0.004417927193 0.004256474917 0.004291913392 0.00418187281 0.004238249142 0.00418941385 0.004239231264 0.004346350971 0.004303536438 0.004314843834 0.19489477094 0.00437990147 0.004202648462 0.004298678065 0.004421358962 0.004216537689 0.0 0.0 0.0 0.0 0.0 0.0 0.0 0.0 0.0 0.0 0.0 0.0 0.0 0.0 0.0 0.0 0.0 0.0 0.0 0.0 0.0 0.0 0.0 0.0 0.0 0.0 0.0 0.0 0.0 0.0 0.0 0.0 0.0 0.0 0.0 0.0 0.0 0.0 0.0 0.0 0.0 0.0 0.0 0.0 0.0 0.0 0.0 0.0 0.0 0.0 0.0 0.0 0.0 0.0 0.0 0.0 0.0 0.0 0.0 0.0 0.0 0.0 0.0 0.0 0.0 0.0 0.0 0.0 0.0 0.0 0.0 0.0 0.0 0.0 0.0 0.0 0.0 0.0 0.0 0.0 0.0 0.0 0.0 0.0 0.0 0.0 0.0 0.0 0.0 0.0
0.004505896807 0.004173427215 0.0042399917 0.004297239595 0.004232864605 0.004522028388 0.004179065301 0.004267079695 0.003985289162 0.004209608554 0.004058426714 0.00417131491 0.00437359935 0.00434037144 0.004316395799 0.00437990147 0.131002032037 0.004062147768 0.004258409885 0.00454222857 0.004132861374 0.0 0.0 0.0 0.0 0.0 0.0 0.0 0.0 0.0 0.0 0.0 0.0 0.0 0.0 0.0 0.0 0.0 0.0 0.0 0.0 0.0 0.0 0.0 0.0 0.0 0.0 0.0 0.0 0.0 0.0 0.0 0.0 0.0 0.0 0.0 0.0 0.0 0.0 0.0 0.0 0.0 0.0 0.0 0.0 0.0 0.0 0.0 0.0 0.0 0.0 0.0 0.0 0.0 0.0 0.0 0.0 0.0 0.0 0.0 0.0 0.0 0.0 0.0 0.0 0.0 0.0 0.0 0.0 0.0 0.0 0.0 0.0 0.0 0.0 0.0 0.0 0.0 0.0 0.0 0.0 0.0 0.0 0.0 0.0 0.0 0.0 0.0 0.0 0.0 0.0
0.003833632842 0.0047715811 0.004469256022 0.00430451076 0.004596074089 0.003661226573 0.004629770851 0.004522999091 0.005240290185 0.004773375153 0.005099584234 0.004791633203 0.004266082565 0.004356763853 0.004383781025 0.004202648462 0.004062147768 1.18657626445 0.004478974598 0.003759898889 0.004875182941 0.0 0.0 0.0 0.0 0.0 0.0 0.0 0.0 0.0 0.0 0.0 0.0 0.0 0.0 0.0 0.0 0.0 0.0 0.0 0.0 0.0 0.0 0.0 0.0 0.0 0.0 0.0 0.0 0.0 0.0 0.0 0.0 0.0 0.0 0.0 0.0 0.0 0.0 0.0 0.0 0.0 0.0 0.0 0.0 0.0 0.0 0.0 0.0 0.0 0.0 0.0 0.0 0.0 0.0 0.0 0.0 0.0 0.0 0.0 0.0 0.0 0.0 0.0 0.0 0.0 0.0 0.0 0.0 0.0 0.0 0.0 0.0 0.0 0.0 0.0 0.0 0.0 0.0 0.0 0.0 0.0 0.0 0.0 0.0 0.0 0.0 0.0 0.0 0.0 0.0
0.004184128439 0.004428509113 0.004378585317 0.004335792067 0.004400170692 0.004133768103 0.004413621512 0.004387612802 0.004504306237 0.004403794275 0.004481259443 0.004425234127 0.004320432698 0.004333107935 0.004351106486 0.004298678065 0.004258409885 0.004478974598 0.206960088407 0.004167484288 0.004434817229 0.0 0.0 0.0 0.0 0.0 0.0 0.0 0.0 0.0 0.0 0.0 0.0 0.0 0.0 0.0 0.0 0.0 0.0 0.0 0.0 0.0 0.0 0.0 0.0 0.0 0.0 0.0 0.0 0.0 0.0 0.0 0.0 0.0 0.0 0.0 0.0 0.0 0.0 0.0 0.0 0.0 0.0 0.0 0.0 0.0 0.0 0.0 0.0 0.0 0.0 0.0 0.0 0.0 0.0 0.0 0.0 0.0 0.0 0.0 0.0 0.0 0.0 0.0 0.0 0.0 0.0 0.0 0.0 0.0 0.0 0.0 0.0 0.0 0.0 0.0 0.0 0.0 0.0 0.0 0.0 0.0 0.0 0.0 0.0 0.0 0.0 0.0 0.0 0.0 0.0
0.004851369996 0.003957344274 0.004169844814 0.004374501069 0.004055117866 0.004995101272 0.004006023716 0.004132288545 0.003626424175 0.003970956967 0.003720313405 0.003957886796 0.004353653384 0.004232675461 0.004224055782 0.004421358962 0.00454222857 0.003759898889 0.004167484288 0.140546572051 0.003873066228 0.0 0.0 0.0 0.0 0.0 0.0 0.0 0.0 0.0 0.0 0.0 0.0 0.0 0.0 0.0 0.0 0.0 0.0 0.0 0.0 0.0 0.0 0.0 0.0 0.0 0.0 0.0 0.0 0.0 0.0 0.0 0.0 0.0 0.0 0.0 0.0 0.0 0.0 0.0 0.0 0.0 0.0 0.0 0.0 0.0 0.0 0.0 0.0 0.0 0.0 0.0 0.0 0.0 0.0 0.0 0.0 0.0 0.0 0.0 0.0 0.0 0.0 0.0 0.0 0.0 0.0 0.0 0.0 0.0 0.0 0.0 0.0 0.0 0.0 0.0 0.0 0.0 0.0 0.0 0.0 0.0 0.0 0.0 0.0 0.0 0.0 0.0 0.0 0.0 0.0
0.00391841127 0.004647768202 0.004436966001 0.00423379182 0.00452214899 0.003829012489 0.004586324712 0.004461596597 0.004999723426 0.004690052618 0.004924837088 0.004689500648 0.004261363234 0.004381093089 0.004362820644 0.004216537689 0.004132861374 0.004875182941 0.004434817229 0.003873066228 0.19367437236 0.0 0.0 0.0 0.0 0.0 0.0 0.0 0.0 0.0 0.0 0.0 0.0 0.0 0.0 0.0 0.0 0.0 0.0 0.0 0.0 0.0 0.0 0.0 0.0 0.0 0.0 0.0 0.0 0.0 0.0 0.0 0.0 0.0 0.0 0.0 0.0 0.0 0.0 0.0 0.0 0.0 0.0 0.0 0.0 0.0 0.0 0.0 0.0 0.0 0.0 0.0 0.0 0.0 0.0 0.0 0.0 0.0 0.0 0.0 0.0 0.0 0.0 0.0 0.0 0.0 0.0 0.0 0.0 0.0 0.0 0.0 0.0 0.0 0.0 0.0 0.0 0.0 0.0 0.0 0.0 0.0 0.0 0.0 0.0 0.0 0.0 0.0 0.0 0.0 0.0
0.0 0.0 0.0 0.0 0.0 0.0 0.0 0.0 0.0 0.0 0.0 0.0 0.0 0.0 0.0 0.0 0.0 0.0 0.0 0.0 0.0 0.162658768226 0.003783606446 0.003770906642 0.003774306183 0.003758219001 0.003778575166 0.003753645293 0.003722057465 0.003766068049 0.003780824547 0.003784014353 0.003798248745 0.003719433777 0.00375421528 0.003752435454 0.003673665777 0.003724734639 0.003768731412 0.003771944061 0.003792388297 0.003725495415 0.003748174063 0.003788573856 0.003762932337 0.003791987023 0.003781657824 0.003767581524 0.00379665002 0.003797043492 0.003794017188 0.003778294226 0.003779132209 0.003796433622 0.003794463132 0.003759872709 0.0 0.0 0.0 0.0 0.0 0.0 0.0 0.0 0.0 0.0 0.0 0.0 0.0 0.0 0.0 0.0 0.0 0.0 0.0 0.0 0.0 0.0 0.0 0.0 0.0 0.0 0.0 0.0 0.0 0.0 0.0 0.0 0.0 0.0 0.0 0.0 0.0 0.0 0.0 0.0 0.0 0.0 0.0 0.0 0.0 0.0 0.0 0.0 0.0 0.0 0.0 0.0 0.0 0.0 0.0
0.0 0.0 0.0 0.0 0.0 0.0 0.0 0.0 0.0 0.0 0.0 0.0 0.0 0.0 0.0 0.0 0.0 0.0 0.0 0.0 0.0 0.003783606446 0.301271118416 0.003782445248 0.00376926882 0.003778015429 0.003785676322 0.003761448201 0.003747009725 0.003762217391 0.003782897779 0.003784799436 0.00379089428 0.003746606855 0.003771527815 0.003754443872 0.003728760958 0.00375166422 0.003771408132 0.003763387387 0.003785990484 0.003740954336 0.00374673439 0.003772908156 0.003773167913 0.003781944751 0.003765387587 0.00376724783 0.003794958834 0.003776222097 0.003770451674 0.003772326358 0.003774222607 0.003786409441 0.003773827159 0.003766242342 0.0 0.0 0.0 0.0 0.0 0.0 0.0 0.0 0.0 0.0 0.0 0.0 0.0 0.0 0.0 0.0 0.0 0.0 0.0 0.0 0.0 0.0 0.0 0.0 0.0 0.0 0.0 0.0 0.0 0.0 0.0 0.0 0.0 0.0 0.0 0.0 0.0 0.0 0.0 0.0 0.0 0.0 0.0 0.0 0.0 0.0 0.0 0.0 0.0 0.0 0.0 0.0 0.0 0.0 0.0
0.0 0.0 0.0 0.0 0.0 0.0 0.0 0.0 0.0 0.0 0.0 0.0 0.0 0.0 0.0 0.0 0.0 0.0 0.0 0.0 0.0 0.003770906642 0.003782445248 0.230208367392 0.003756261772 0.003859536079 0.003801153477 0.003838281129 0.003907922823 0.00380546829 0.003717522032 0.003815862589 0.003742885503 0.00390788501 0.003871728781 0.003853440427 0.003959877609 0.003902920444 0.003784504607 0.003792384195 0.003721948166 0.00388106522 0.003839241771 0.003761364194 0.003859046876 0.00378510539 0.003783318376 0.003846911868 0.003755463571 0.00371075825 0.003751413367 0.00379534688 0.003809388439 0.003748065216 0.003697957796 0.00385723806 0.0 0.0 0.0 0.0 0.0 0.0 0.0 0.0 0.0 0.0 0.0 0.0 0.0 0.0 0.0 0.0 0.0 0.0 0.0 0.0 0.0 0.0 0.0 0.0 0.0 0.0 0.0 0.0 0.0 0.0 0.0 0.0 0.0 0.0 0.0 0.0 0.0 0.0 0.0 0.0 0.0 0.0 0.0 0.0 0.0 0.0 0.0 0.0 0.0 0.0 0.0 0.0 0.0 0.0 0.0
0.0 0.0 0.0 0.0 0.0 0.0 0.0 0.0 0.0 0.0 0.0 0.0 0.0 0.0 0.0 0.0 0.0 0.0 0.0 0.0 0.0 0.003774306183 0.00376926882 0.003756261772 0.168278464932 0.003745473085 0.003756827356 0.003751164201 0.003697161774 0.003768354083 0.003791422319 0.00375217944 0.003778154688 0.003703267427 0.003719831276 0.003737622119 0.003661831229 0.003711325384 0.003763073215 0.003766576585 0.003781073393 0.003716154075 0.003743434019 0.003783872112 0.003737125991 0.003773049889 0.003780068899 0.003743147892 0.003770361122 0.003791926798 0.003782325821 0.003769421404 0.003762607133 0.003780265163 0.003800452542 0.003736722532 0.0 0.0 0.0 0.0 0.0 0.0 0.0 0.0 0.0 0.0 0.0 0.0 0.0 0.0 0.0 0.0 0.0 0.0 0.0 0.0 0.0 0.0 0.0 0.0 0.0 0.0 0.0 0.0 0.0 0.0 0.0 0.0 0.0 0.0 0.0 0.0 0.0 0.0 0.0 0.0 0.0 0.0 0.0 0.0 0.0 0.0 0.0 0.0 0.0 0.0 0.0 0.0 0.0 0.0 0.0
0.0 0.0 0.0 0.0 0.0 0.0 0.0 0.0 0.0 0.0 0.0 0.0 0.0 0.0 0.0 0.0 0.0 0.0 0.0 0.0 0.0 0.003758219001 0.003778015429 0.003859536079 0.003745473085 0.232148078759 0.003814387895 0.003891132098 0.004027413681 0.003829953868 0.00367668608 0.00383494087 0.003707371244 0.004030567143 0.003945622243 0.003918771945 0.004146228298 0.004018120362 0.003793957396 0.003806552692 0.003674893122 0.003982069683 0.003897904072 0.003743888428 0.003920297243 0.003780296238 0.003784514849 0.003899466698 0.003727647904 0.003657299016 0.003726311318 0.003805435351 0.003828056537 0.003715420742 0.003637538958 0.003920714486 0.0 0.0 0.0 0.0 0.0 0.0 0.0 0.0 0.0 0.0 0.0 0.0 0.0 0.0 0.0 0.0 0.0 0.0 0.0 0.0 0.0 0.0 0.0 0.0 0.0 0.0 0.0 0.0 0.0 0.0 0.0 0.0 0.0 0.0 0.0 0.0 0.0 0.0 0.0 0.0 0.0 0.0 0.0 0.0 0.0 0.0 0.0 0.0 0.0 0.0 0.0 0.0 0.0 0.0 0.0
0.0 0.0 0.0 0.0 0.0 0.0 0.0 0.0 0.0 0.0 0.0 0.0 0.0 0.0 0.0 0.0 0.0 0.0 0.0 0.0 0.0 0.003778575166 0.003785676322 0.003801153477 0.003756827356 0.003814387895 0.22060414301 0.003789045468 0.00382857369 0.003775010234 0.003748590466 0.003804070031 0.003774096119 0.003825686296 0.003826939459 0.003800848073 0.003840236158 0.003822466362 0.003776649216 0.003775129003 0.003759083567 0.003803890992 0.003785167601 0.003766043731 0.003817645907 0.003784253722 0.003770681749 0.003809023083 0.003782938253 0.0037484093 0.003765512742 0.003785185079 0.003792962763 0.003770433264 0.003738943782 0.003813188595 0.0 0.0 0.0 0.0 0.0 0.0 0.0 0.0 0.0 0.0 0.0 0.0 0.0 0.0 0.0 0.0 0.0 0.0 0.0 0.0 0.0 0.0 0.0 0.0 0.0 0.0 0.0 0.0 0.0 0.0 0.0 0.0 0.0 0.0 0.0 0.0 0.0 0.0 0.0 0.0 0.0 0.0 0.0 0.0 0.0 0.0 0.0 0.0 0.0 0.0 0.0 0.0 0.0 0.0 0.0
0.0 0.0 0.0 0.0 0.0 0.0 0.0 0.0 0.0 0.0 0.0 0.0 0.0 0.0 0.0 0.0 0.0 0.0 0.0 0.0 0.0 0.003753645293 0.003761448201 0.003838281129 0.003751164201 0.003891132098 0.003789045468 0.375530784888 0.004002063431 0.003843837487 0.003670268275 0.003815069177 0.003698808004 0.003997970882 0.003923473944 0.00392390993 0.004083509825 0.003987613786 0.003793062617 0.003817360264 0.003679227939 0.00397934205 0.003916309863 0.003757991092 0.003902870787 0.003780818076 0.003804074731 0.003890345598 0.003715200023 0.003667867954 0.00374121475 0.003794235388 0.003824512101 0.003716833226 0.003662413906 0.003902538518 0.0 0.0 0.0 0.0 0.0 0.0 0.0 0.0 0.0 0.0 0.0 0.0 0.0 0.0 0.0 0.0 0.0 0.0 0.0 0.0 0.0 0.0 0.0 0.0 0.0 0.0 0.0 0.0 0.0 0.0 0.0 0.0 0.0 0.0 0.0 0.0 0.0 0.0 0.0 0.0 0.0 0.0 0.0 0.0 0.0 0.0 0.0 0.0 0.0 0.0 0.0 0.0 0.0 0.0 0.0
0.0 0.0 0.0 0.0 0.0 0.0 0.0 0.0 0.0 0.0 0.0 0.0 0.0 0.0 0.0 0.0 0.0 0.0 0.0 0.0 0.0 0.003722057465 0.003747009725 0.003907922823 0.003697161774 0.004027413681 0.00382857369 0.004002063431 0.527261055456 0.003881644904 0.003554852458 0.003878294057 0.003623132858 0.004337899079 0.004139504503 0.004093049027 0.004604531148 0.004289201855 0.003817309032 0.003851131279 0.003570515707 0.004248938691 0.004062437348 0.003707256764 0.004059197517 0.003761731839 0.00378865559 0.004029278845 0.003662939446 0.003537854991 0.003679694066 0.003812337931 0.003868160422 0.003640392529 0.003501877363 0.004069851897 0.0 0.0 0.0 0.0 0.0 0.0 0.0 0.0 0.0 0.0 0.0 0.0 0.0 0.0 0.0 0.0 0.0 0.0 0.0 0.0 0.0 0.0 0.0 0.0 0.0 0.0 0.0 0.0 0.0 0.0 0.0 0.0 0.0 0.0 0.0 0.0 0.0 0.0 0.0 0.0 0.0 0.0 0.0 0.0 0.0 0.0 0.0 0.0 0.0 0.0 0.0 0.0 0.0 0.0 0.0
0.0 0.0 0.0 0.0 0.0 0.0 0.0 0.0 0.0 0.0 0.0 0.0 0.0 0.0 0.0 0.0 0.0 0.0 0.0 0.0 0.0 0.003766068049 0.003762217391 0.00380546829 0.003768354083 0.003829953868 0.003775010234 0.003843837487 0.003881644904 0.125650484317 0.003712298853 0.00380398738 0.003731492023 0.003879111738 0.00384264759 0.0038597444 0.003902457264 0.003875864626 0.003783565926 0.003806065822 0.003720047372 0.003879665553 0.003859671837 0.003778473568 0.003840191034 0.003785531728 0.003807792786 0.003840952213 0.003737448777 0.003722407567 0.003769636469 0.003787811252 0.003808494577 0.003746875432 0.003722305689 0.003842239813 0.0 0.0 0.0 0.0 0.0 0.0 0.0 0.0 0.0 0.0 0.0 0.0 0.0 0.0 0.0 0.0 0.0 0.0 0.0 0.0 0.0 0.0 0.0 0.0 0.0 0.0 0.0 0.0 0.0 0.0 0.0 0.0 0.0 0.0 0.0 0.0 0.0 0.0 0.0 0.0 0.0 0.0 0.0 0.0 0.0 0.0 0.0 0.0 0.0 0.0 0.0 0.0 0.0 0.0 0.0
0.0 0.0 0.0 0.0 0.0 0.0 0.0 0.0 0.0 0.0 0.0 0.0 0.0 0.0 0.0 0.0 0.0 0.0 0.0 0.0 0.0 0.003780824547 0.003782897779 0.003717522032 0.003791422319 0.00367668608 0.003748590466 0.003670268275 0.003554852458 0.003712298853 0.133305805525 0.003727156076 0.003821855164 0.003563987067 0.003628210814 0.003633027124 0.003481876588 0.003580587543 0.00374816406 0.003725104589 0.003838434382 0.003583925101 0.003641509166 0.003777839035 0.003654300307 0.003757961756 0.003741375648 0.003661274981 0.003807964503 0.00384569855 0.00378456039 0.00374848299 0.003721368182 0.003809697234 0.003855306683 0.00365121187 0.0 0.0 0.0 0.0 0.0 0.0 0.0 0.0 0.0 0.0 0.0 0.0 0.0 0.0 0.0 0.0 0.0 0.0 0.0 0.0 0.0 0.0 0.0 0.0 0.0 0.0 0.0 0.0 0.0 0.0 0.0 0.0 0.0 0.0 0.0 0.0 0.0 0.0 0.0 0.0 0.0 0.0 0.0 0.0 0.0 0.0 0.0 0.0 0.0 0.0 0.0 0.0 0.0 0.0 0.0
0.0 0.0 0.0 0.0 0.0 0.0 0.0 0.0 0.0 0.0 0.0 0.0 0.0 0.0 0.0 0.0 0.0 0.0 0.0 0.0 0.0 0.003784014353 0.003784799436 0.003815862589 0.00375217944 0.00383494087 0.003804070031 0.003815069177 0.003878294057 0.00380398738 0.003727156076 0.332046998854 0.003764921156 0.003875654105 0.003847761145 0.003846187829 0.003897808686 0.003869537993 0.003785654751 0.003797574133 0.00374049785 0.003856089745 0.003829518435 0.003776320612 0.003851713237 0.003798528737 0.003793136675 0.003847327266 0.00377446068 0.003736117233 0.003775034055 0.003787542319 0.0038158738 0.003767678277 0.00372061746 0.003850485786 0.0 0.0 0.0 0.0 0.0 0.0 0.0 0.0 0.0 0.0 0.0 0.0 0.0 0.0 0.0 0.0 0.0 0.0 0.0 0.0 0.0 0.0 0.0 0.0 0.0 0.0 0.0 0.0 0.0 0.0 0.0 0.0 0.0 0.0 0.0 0.0 0.0 0.0 0.0 0.0 0.0 0.0 0.0 0.0 0.0 0.0 0.0 0.0 0.0 0.0 0.0 0.0 0.0 0.0 0.0
0.0 0.0 0.0 0.0 0.0 0.0 0.0 0.0 0.0 0.0 0.0 0.0 0.0 0.0 0.0 0.0 0.0 0.0 0.0 0.0 0.0 0.003798248745 0.00379089428 0.003742885503 0.003778154688 0.003707371244 0.003774096119 0.003698808004 0.003623132858 0.003731492023 0.003821855164 0.003764921156 0.211324308867 0.003619499245 0.003692582663 0.003682398966 0.003534595116 0.003627557366 0.00375808524 0.003749303305 0.003834905996 0.003632486556 0.003681503606 0.003791529272 0.003710160277 0.003789381589 0.003763752189 0.003714218722 0.003827655633 0.00383911948 0.003803679149 0.003765842063 0.003754906054 0.003821911056 0.00384054794 0.003701318234 0.0 0.0 0.0 0.0 0.0 0.0 0.0 0.0 0.0 0.0 0.0 0.0 0.0 0.0 0.0 0.0 0.0 0.0 0.0 0.0 0.0 0.0 0.0 0.0 0.0 0.0 0.0 0.0 0.0 0.0 0.0 0.0 0.0 0.0 0.0 0.0 0.0 0.0 0.0 0.0 0.0 0.0 0.0 0.0 0.0 0.0 0.0 0.0 0.0 0.0 0.0 0.0 0.0 0.0 0.0
0.0 0.0 0.0 0.0 0.0 0.0 0.0 0.0 0.0 0.0 0.0 0.0 0.0 0.0 0.0 0.0 0.0 0.0 0.0 0.0 0.0 0.003719433777 0.003746606855 0.00390788501 0.003703267427 0.004030567143 0.003825686296 0.003997970882 0.004337899079 0.003879111738 0.003563987067 0.003875654105 0.003619499245 0.346559707594 0.004122579609 0.004084012992 0.004623453862 0.004290597472 0.003814681189 0.00384604145 0.003567069562 0.004242705869 0.004055065584 0.003703232736 0.004049409052 0.00375670498 0.003784284605 0.004020390441 0.00365740894 0.003538170897 0.003674162382 0.003814970626 0.003863188238 0.003635442848 0.003498407397 0.004064091949 0.0 0.0 0.0 0.0 0.0 0.0 0.0 0.0 0.0 0.0 0.0 0.0 0.0 0.0 0.0 0.0 0.0 0.0 0.0 0.0 0.0 0.0 0.0 0.0 0.0 0.0 0.0 0.0 0.0 0.0 0.0 0.0 0.0 0.0 0.0 0.0 0.0 0.0 0.0 0.0 0.0 0.0 0.0 0.0 0.0 0.0 0.0 0.0 0.0 0.0 0.0 0.0 0.0 0.0 0.0
0.0 0.0 0.0 0.0 0.0 0.0 0.0 0.0 0.0 0.0 0.0 0.0 0.0 0.0 0.0 0.0 0.0 0.0 0.0 0.0 0.0 0.00375421528 0.003771527815 0.003871728781 0.003719831276 0.003945622243 0.003826939459 0.003923473944 0.004139504503 0.00384264759 0.003628210814 0.003847761145 0.003692582663 0.004122579609 0.284378753951 0.003985701305 0.004262579968 0.004094680573 0.003803873264 0.003827327548 0.003654680456 0.004066274836 0.00395746076 0.003741351478 0.003976174965 0.003786747035 0.003792585001 0.003953853374 0.00372348499 0.003627573852 0.00372641646 0.003806240349 0.00384978714 0.003703839465 0.003603478983 0.003976253136 0.0 0.0 0.0 0.0 0.0 0.0 0.0 0.0 0.0 0.0 0.0 0.0 0.0 0.0 0.0 0.0 0.0 0.0 0.0 0.0 0.0 0.0 0.0 0.0 0.0 0.0 0.0 0.0 0.0 0.0 0.0 0.0 0.0 0.0 0.0 0.0 0.0 0.0 0.0 0.0 0.0 0.0 0.0 0.0 0.0 0.0 0.0 0.0 0.0 0.0 0.0 0.0 0.0 0.0 0.0
0.0 0.0 0.0 0.0 0.0 0.0 0.0 0.0 0.0 0.0 0.0 0.0 0.0 0.0 0.0 0.0 0.0 0.0 0.0 0.0 0.0 0.003752435454 0.003754443872 0.003853440427 0.003737622119 0.003918771945 0.003800848073 0.00392390993 0.004093049027 0.0038597444 0.003633027124 0.003846187829 0.003682398966 0.004084012992 0.003985701305 0.711636467569 0.00420024432 0.004062135243 0.003801389704 0.003835795345 0.003654213307 0.004052914199 0.003965703572 0.003756920828 0.003948889511 0.003786985574 0.003813810552 0.003942737045 0.003705672115 0.003643354207 0.003743011871 0.003802978156 0.003847291966 0.003703964677 0.003625664006 0.003956865023 0.0 0.0 0.0 0.0 0.0 0.0 0.0 0.0 0.0 0.0 0.0 0.0 0.0 0.0 0.0 0.0 0.0 0.0 0.0 0.0 0.0 0.0 0.0 0.0 0.0 0.0 0.0 0.0 0.0 0.0 0.0 0.0 0.0 0.0 0.0 0.0 0.0 0.0 0.0 0.0 0.0 0.0 0.0 0.0 0.0 0.0 0.0 0.0 0.0 0.0 0.0 0.0 0.0 0.0 0.0
0.0 0.0 0.0 0.0 0.0 0.0 0.0 0.0 0.0 0.0 0.0 0.0 0.0 0.0 0.0 0.0 0.0 0.0 0.0 0.0 0.0 0.003673665777 0.003728760958 0.003959877609 0.003661831229 0.004146228298 0.003840236158 0.004083509825 0.004604531148 0.003902457264 0.003481876588 0.003897808686 0.003534595116 0.004623453862 0.004262579968 0.00420024432 0.293393187976 0.004546189903 0.003827871142 0.003856736976 0.00346107615 0.004462846861 0.004161429813 0.00363778552 0.004144419899 0.003711467795 0.003750014681 0.004100334048 0.003589680898 0.00341624029 0.003592442473 0.003823050023 0.00387513957 0.003548252277 0.003352353468 0.004176091492 0.0 0.0 0.0 0.0 0.0 0.0 0.0 0.0 0.0 0.0 0.0 0.0 0.0 0.0 0.0 0.0 0.0 0.0 0.0 0.0 0.0 0.0 0.0 0.0 0.0 0.0 0.0 0.0 0.0 0.0 0.0 0.0 0.0 0.0 0.0 0.0 0.0 0.0 0.0 0.0 0.0 0.0 0.0 0.0 0.0 0.0 0.0 0.0 0.0 0.0 0.0 0.0 0.0 0.0 0.0
0.0 0.0 0.0 0.0 0.0 0.0 0.0 0.0 0.0 0.0 0.0 0.0 0.0 0.0 0.0 0.0 0.0 0.0 0.0 0.0 0.0 0.003724734639 0.00375166422 0.003902920444 0.003711325384 0.004018120362 0.003822466362 0.003987613786 0.004289201855 0.003875864626 0.003580587543 0.003869537993 0.003627557366 0.004290597472 0.004094680573 0.004062135243 0.004546189903 0.267259222591 0.003812460936 0.003840207105 0.00358038893 0.004206940458 0.00403554486 0.003709276787 0.004030455269 0.003759627541 0.003786300657 0.004003268134 0.003663099078 0.003553245078 0.003680705522 0.00381541678 0.003858797568 0.003645121374 0.00351748258 0.004044466154 0.0 0.0 0.0 0.0 0.0 0.0 0.0 0.0 0.0 0.0 0.0 0.0 0.0 0.0 0.0 0.0 0.0 0.0 0.0 0.0 0.0 0.0 0.0 0.0 0.0 0.0 0.0 0.0 0.0 0.0 0.0 0.0 0.0 0.0 0.0 0.0 0.0 0.0 0.0 0.0 0.0 0.0 0.0 0.0 0.0 0.0 0.0 0.0 0.0 0.0 0.0 0.0 0.0 0.0 0.0
0.0 0.0 0.0 0.0 0.0 0.0 0.0 0.0 0.0 0.0 0.0 0.0 0.0 0.0 0.0 0.0 0.0 0.0 0.0 0.0 0.0 0.003768731412 0.003771408132 0.003784504607 0.003763073215 0.003793957396 0.003776649216 0.003793062617 0.003817309032 0.003783565926 0.00374816406 0.003785654751 0.00375808524 0.003814681189 0.003803873264 0.003801389704 0.003827871142 0.003812460936 0.226207978169 0.003779072519 0.003753310893 0.003810896777 0.003798330563 0.003768054245 0.003798884442 0.003773464695 0.003776705709 0.003796802546 0.003762246788 0.003749358762 0.003764985958 0.00377545935 0.003783163154 0.003761651035 0.003746528536 0.003798280706 0.0 0.0 0.0 0.0 0.0 0.0 0.0 0.0 0.0 0.0 0.0 0.0 0.0 0.0 0.0 0.0 0.0 0.0 0.0 0.0 0.0 0.0 0.0 0.0 0.0 0.0 0.0 0.0 0.0 0.0 0.0 0.0 0.0 0.0 0.0 0.0 0.0 0.0 0.0 0.0 0.0 0.0 0.0 0.0 0.0 0.0 0.0 0.0 0.0 0.0 0.0 0.0 0.0 0.0 0.0
0.0 0.0 0.0 0.0 0.0 0.0 0.0 0.0 0.0 0.0 0.0 0.0 0.0 0.0 0.0 0.0 0.0 0.0 0.0 0.0 0.0 0.003771944061 0.003763387387 0.003792384195 0.003766576585 0.003806552692 0.003775129003 0.003817360264 0.003851131279 0.003806065822 0.003725104589 0.003797574133 0.003749303305 0.00384604145 0.003827327548 0.003835795345 0.003856736976 0.003840207105 0.003779072519 0.235986394112 0.003738749263 0.003845869555 0.003834578854 0.003781255265 0.003822051982 0.00378735212 0.003800661254 0.003826242726 0.003753423646 0.003742796041 0.003778609369 0.003782696177 0.003801116541 0.003759482298 0.003740357501 0.003824142303 0.0 0.0 0.0 0.0 0.0 0.0 0.0 0.0 0.0 0.0 0.0 0.0 0.0 0.0 0.0 0.0 0.0 0.0 0.0 0.0 0.0 0.0 0.0 0.0 0.0 0.0 0.0 0.0 0.0 0.0 0.0 0.0 0.0 0.0 0.0 0.0 0.0 0.0 0.0 0.0 0.0 0.0 0.0 0.0 0.0 0.0 0.0 0.0 0.0 0.0 0.0 0.0 0.0 0.0 0.0
0.0 0.0 0.0 0.0 0.0 0.0 0.0 0.0 0.0 0.0 0.0 0.0 0.0 0.0 0.0 0.0 0.0 0.0 0.0 0.0 0.0 0.003792388297 0.003785990484 0.003721948166 0.003781073393 0.003674893122 0.003759083567 0.003679227939 0.003570515707 0.003720047372 0.003838434382 0.00374049785 0.003834905996 0.003567069562 0.003654680456 0.003654213307 0.00346107615 0.00358038893 0.003753310893 0.003738749263 0.176626991034 0.003595514146 0.003659055147 0.003790198542 0.003676392546 0.003779903499 0.003756248781 0.003683124819 0.003826521775 0.003853229642 0.003803068 0.00375077974 0.003737192436 0.003824892609 0.003863799346 0.003667016112 0.0 0.0 0.0 0.0 0.0 0.0 0.0 0.0 0.0 0.0 0.0 0.0 0.0 0.0 0.0 0.0 0.0 0.0 0.0 0.0 0.0 0.0 0.0 0.0 0.0 0.0 0.0 0.0 0.0 0.0 0.0 0.0 0.0 0.0 0.0 0.0 0.0 0.0 0.0 0.0 0.0 0.0 0.0 0.0 0.0 0.0 0.0 0.0 0.0 0.0 0.0 0.0 0.0 0.0 0.0
0.0 0.0 0.0 0.0 0.0 0.0 0.0 0.0 0.0 0.0 0.0 0.0 0.0 0.0 0.0 0.0 0.0 0.0 0.0 0.0 0.0 0.003725495415 0.003740954336 0.00388106522 0.003716154075 0.003982069683 0.003803890992 0.00397934205 0.004248938691 0.003879665553 0.003583925101 0.003856089745 0.003632486556 0.004242705869 0.004066274836 0.004052914199 0.004462846861 0.004206940458 0.003810896777 0.003845869555 0.003595514146 0.329441797186 0.004036567762 0.003723480034 0.004008650939 0.003764029396 0.003799926625 0.003988128889 0.003664048672 0.00357371365 0.003698467145 0.003805273638 0.003854037891 0.003655295212 0.003547408273 0.004020370737 0.0 0.0 0.0 0.0 0.0 0.0 0.0 0.0 0.0 0.0 0.0 0.0 0.0 0.0 0.0 0.0 0.0 0.0 0.0 0.0 0.0 0.0 0.0 0.0 0.0 0.0 0.0 0.0 0.0 0.0 0.0 0.0 0.0 0.0 0.0 0.0 0.0 0.0 0.0 0.0 0.0 0.0 0.0 0.0 0.0 0.0 0.0 0.0 0.0 0.0 0.0 0.0 0.0 0.0 0.0
0.0 0.0 0.0 0.0 0.0 0.0 0.0 0.0 0.0 0.0 0.0 0.0 0.0 0.0 0.0 0.0 0.0 0.0 0.0 0.0 0.0 0.003748174063 0.00374673439 0.003839241771 0.003743434019 0.003897904072 0.003785167601 0.003916309863 0.004062437348 0.003859671837 0.003641509166 0.003829518435 0.003681503606 0.004055065584 0.00395746076 0.003965703572 0.004161429813 0.00403554486 0.003798330563 0.003834578854 0.003659055147 0.004036567762 0.214210611909 0.003760454455 0.00392653 0.003781125025 0.003817283308 0.003922114731 0.003700253622 0.003653795449 0.003746037525 0.003797122962 0.003837521801 0.00370453107 0.003642016114 0.003933842315 0.0 0.0 0.0 0.0 0.0 0.0 0.0 0.0 0.0 0.0 0.0 0.0 0.0 0.0 0.0 0.0 0.0 0.0 0.0 0.0 0.0 0.0 0.0 0.0 0.0 0.0 0.0 0.0 0.0 0.0 0.0 0.0 0.0 0.0 0.0 0.0 0.0 0.0 0.0 0.0 0.0 0.0 0.0 0.0 0.0 0.0 0.0 0.0 0.0 0.0 0.0 0.0 0.0 0.0 0.0
0.0 0.0 0.0 0.0 0.0 0.0 0.0 0.0 0.0 0.0 0.0 0.0 0.0 0.0 0.0 0.0 0.0 0.0 0.0 0.0 0.0 0.003788573856 0.003772908156 0.003761364194 0.003783872112 0.003743888428 0.003766043731 0.003757991092 0.003707256764 0.003778473568 0.003777839035 0.003776320612 0.003791529272 0.003703232736 0.003741351478 0.003756920828 0.00363778552 0.003709276787 0.003768054245 0.003781255265 0.003790198542 0.003723480034 0.003760454455 0.190134488277 0.003754284579 0.003794349461 0.003799650772 0.003766362073 0.003786243345 0.003802821336 0.003806063526 0.003776213865 0.00378149938 0.0037972812 0.003809868685 0.00375311563 0.0 0.0 0.0 0.0 0.0 0.0 0.0 0.0 0.0 0.0 0.0 0.0 0.0 0.0 0.0 0.0 0.0 0.0 0.0 0.0 0.0 0.0 0.0 0.0 0.0 0.0 0.0 0.0 0.0 0.0 0.0 0.0 0.0 0.0 0.0 0.0 0.0 0.0 0.0 0.0 0.0 0.0 0.0 0.0 0.0 0.0 0.0 0.0 0.0 0.0 0.0 0.0 0.0 0.0 0.0
0.0 0.0 0.0 0.0 0.0 0.0 0.0 0.0 0.0 0.0 0.0 0.0 0.0 0.0 0.0 0.0 0.0 0.0 0.0 0.0 0.0 0.003762932337 0.003773167913 0.003859046876 0.003737125991 0.003920297243 0.003817645907 0.003902870787 0.004059197517 0.003840191034 0.003654300307 0.003851713237 0.003710160277 0.004049409052 0.003976174965 0.003948889511 0.004144419899 0.004030455269 0.003798884442 0.003822051982 0.003676392546 0.004008650939 0.00392653 0.003754284579 0.199105648229 0.003794369891 0.003800519499 0.003925691206 0.003733215765 0.003656384035 0.003741859447 0.003804379108 0.003842596247 0.003720471403 0.003637651773 0.003940831547 0.0 0.0 0.0 0.0 0.0 0.0 0.0 0.0 0.0 0.0 0.0 0.0 0.0 0.0 0.0 0.0 0.0 0.0 0.0 0.0 0.0 0.0 0.0 0.0 0.0 0.0 0.0 0.0 0.0 0.0 0.0 0.0 0.0 0.0 0.0 0.0 0.0 0.0 0.0 0.0 0.0 0.0 0.0 0.0 0.0 0.0 0.0 0.0 0.0 0.0 0.0 0.0 0.0 0.0 0.0
0.0 0.0 0.0 0.0 0.0 0.0 0.0 0.0 0.0 0.0 0.0 0.0 0.0 0.0 0.0 0.0 0.0 0.0 0.0 0.0 0.0 0.003791987023 0.003781944751 0.00378510539 0.003773049889 0.003780296238 0.003784253722 0.003780818076 0.003761731839 0.003785531728 0.003757961756 0.003798528737 0.003789381589 0.00375670498 0.003786747035 0.003786985574 0.003711467795 0.003759627541 0.003773464695 0.00378735212 0.003779903499 0.003764029396 0.003781125025 0.003794349461 0.003794369891 0.343007676639 0.003798119865 0.003796269279 0.003791356396 0.003781878851 0.003798353296 0.003784286622 0.003796140809 0.003793140273 0.003781299668 0.003788261375 0.0 0.0 0.0 0.0 0.0 0.0 0.0 0.0 0.0 0.0 0.0 0.0 0.0 0.0 0.0 0.0 0.0 0.0 0.0 0.0 0.0 0.0 0.0 0.0 0.0 0.0 0.0 0.0 0.0 0.0 0.0 0.0 0.0 0.0 0.0 0.0 0.0 0.0 0.0 0.0 0.0 0.0 0.0 0.0 0.0 0.0 0.0 0.0 0.0 0.0 0.0 0.0 0.0 0.0 0.0
0.0 0.0 0.0 0.0 0.0 0.0 0.0 0.0 0.0 0.0 0.0 0.0 0.0 0.0 0.0 0.0 0.0 0.0 0.0 0.0 0.0 0.003781657824 0.003765387587 0.003783318376 0.003780068899 0.003784514849 0.003770681749 0.003804074731 0.00378865559 0.003807792786 0.003741375648 0.003793136675 0.003763752189 0.003784284605 0.003792585001 0.003813810552 0.003750014681 0.003786300657 0.003776705709 0.003800661254 0.003756248781 0.003799926625 0.003817283308 0.003799650772 0.003800519499 0.003798119865 0.0870085440801 0.003810169032 0.003762847555 0.003768470546 0.003799007069 0.003785723425 0.003802098516 0.003776949484 0.003773317196 0.003800716725 0.0 0.0 0.0 0.0 0.0 0.0 0.0 0.0 0.0 0.0 0.0 0.0 0.0 0.0 0.0 0.0 0.0 0.0 0.0 0.0 0.0 0.0 0.0 0.0 0.0 0.0 0.0 0.0 0.0 0.0 0.0 0.0 0.0 0.0 0.0 0.0 0.0 0.0 0.0 0.0 0.0 0.0 0.0 0.0 0.0 0.0 0.0 0.0 0.0 0.0 0.0 0.0 0.0 0.0 0.0
0.0 0.0 0.0 0.0 0.0 0.0 0.0 0.0 0.0 0.0 0.0 0.0 0.0 0.0 0.0 0.0 0.0 0.0 0.0 0.0 0.0 0.003767581524 0.00376724783 0.003846911868 0.003743147892 0.003899466698 0.003809023083 0.003890345598 0.004029278845 0.003840952213 0.003661274981 0.003847327266 0.003714218722 0.004020390441 0.003953853374 0.003942737045 0.004100334048 0.004003268134 0.003796802546 0.003826242726 0.003683124819 0.003988128889 0.003922114731 0.003766362073 0.003925691206 0.003796269279 0.003810169032 0.248622799468 0.003733936632 0.003675307804 0.003758462107 0.003805738874 0.003842797769 0.003727727612 0.003654909635 0.003929897736 0.0 0.0 0.0 0.0 0.0 0.0 0.0 0.0 0.0 0.0 0.0 0.0 0.0 0.0 0.0 0.0 0.0 0.0 0.0 0.0 0.0 0.0 0.0 0.0 0.0 0.0 0.0 0.0 0.0 0.0 0.0 0.0 0.0 0.0 0.0 0.0 0.0 0.0 0.0 0.0 0.0 0.0 0.0 0.0 0.0 0.0 0.0 0.0 0.0 0.0 0.0 0.0 0.0 0.0 0.0
0.0 0.0 0.0 0.0 0.0 0.0 0.0 0.0 0.0 0.0 0.0 0.0 0.0 0.0 0.0 0.0 0.0 0.0 0.0 0.0 0.0 0.00379665002 0.003794958834 0.003755463571 0.003770361122 0.003727647904 0.003782938253 0.003715200023 0.003662939446 0.003737448777 0.003807964503 0.00377446068 0.003827655633 0.00365740894 0.00372348499 0.003705672115 0.003589680898 0.003663099078 0.003762246788 0.003753423646 0.003826521775 0.003664048672 0.003700253622 0.003786243345 0.003733215765 0.003791356396 0.003762847555 0.003733936632 0.12620138684 0.003822473108 0.003796308086 0.003767419499 0.003762691644 0.003815519734 0.003820953956 0.003723285015 0.0 0.0 0.0 0.0 0.0 0.0 0.0 0.0 0.0 0.0 0.0 0.0 0.0 0.0 0.0 0.0 0.0 0.0 0.0 0.0 0.0 0.0 0.0 0.0 0.0 0.0 0.0 0.0 0.0 0.0 0.0 0.0 0.0 0.0 0.0 0.0 0.0 0.0 0.0 0.0 0.0 0.0 0.0 0.0 0.0 0.0 0.0 0.0 0.0 0.0 0.0 0.0 0.0 0.0 0.0
0.0 0.0 0.0 0.0 0.0 0.0 0.0 0.0 0.0 0.0 0.0 0.0 0.0 0.0 0.0 0.0 0.0 0.0 0.0 0.0 0.0 0.003797043492 0.003776222097 0.00371075825 0.003791926798 0.003657299016 0.0037484093 0.003667867954 0.003537854991 0.003722407567 0.00384569855 0.003736117233 0.00383911948 0.003538170897 0.003627573852 0.003643354207 0.00341624029 0.003553245078 0.003749358762 0.003742796041 0.003853229642 0.00357371365 0.003653795449 0.003802821336 0.003656384035 0.003781878851 0.003768470546 0.003675307804 0.003822473108 0.177208267158 0.00382167808 0.003755587371 0.003737485705 0.003830816094 0.003881540673 0.003654718901 0.0 0.0 0.0 0.0 0.0 0.0 0.0 0.0 0.0 0.0 0.0 0.0 0.0 0.0 0.0 0.0 0.0 0.0 0.0 0.0 0.0 0.0 0.0 0.0 0.0 0.0 0.0 0.0 0.0 0.0 0.0 0.0 0.0 0.0 0.0 0.0 0.0 0.0 0.0 0.0 0.0 0.0 0.0 0.0 0.0 0.0 0.0 0.0 0.0 0.0 0.0 0.0 0.0 0.0 0.0
0.0 0.0 0.0 0.0 0.0 0.0 0.0 0.0 0.0 0.0 0.0 0.0 0.0 0.0 0.0 0.0 0.0 0.0 0.0 0.0 0.0 0.003794017188 0.003770451674 0.003751413367 0.003782325821 0.003726311318 0.003765512742 0.00374121475 0.003679694066 0.003769636469 0.00378456039 0.003775034055 0.003803679149 0.003674162382 0.00372641646 0.003743011871 0.003592442473 0.003680705522 0.003764985958 0.003778609369 0.003803068 0.003698467145 0.003746037525 0.003806063526 0.003741859447 0.003798353296 0.003799007069 0.003758462107 0.003796308086 0.00382167808 0.20485254938 0.003774513754 0.003779363657 0.003806618357 0.003824572048 0.00374201324 0.0 0.0 0.0 0.0 0.0 0.0 0.0 0.0 0.0 0.0 0.0 0.0 0.0 0.0 0.0 0.0 0.0 0.0 0.0 0.0 0.0 0.0 0.0 0.0 0.0 0.0 0.0 0.0 0.0 0.0 0.0 0.0 0.0 0.0 0.0 0.0 0.0 0.0 0.0 0.0 0.0 0.0 0.0 0.0 0.0 0.0 0.0 0.0 0.0 0.0 0.0 0.0 0.0 0.0 0.0
0.0 0.0 0.0 0.0 0.0 0.0 0.0 0.0 0.0 0.0 0.0 0.0 0.0 0.0 0.0 0.0 0.0 0.0 0.0 0.0 0.0 0.003778294226 0.003772326358 0.00379534688 0.003769421404 0.003805435351 0.003785185079 0.003794235388 0.003812337931 0.003787811252 0.00374848299 0.003787542319 0.003765842063 0.003814970626 0.003806240349 0.003802978156 0.003823050023 0.00381541678 0.00377545935 0.003782696177 0.00375077974 0.003805273638 0.003797122962 0.003776213865 0.003804379108 0.003784286622 0.003785723425 0.003805738874 0.003767419499 0.003755587371 0.003774513754 0.301625514375 0.00379406054 0.003768184577 0.003744788881 0.003807946288 0.0 0.0 0.0 0.0 0.0 0.0 0.0 0.0 0.0 0.0 0.0 0.0 0.0 0.0 0.0 0.0 0.0 0.0 0.0 0.0 0.0 0.0 0.0 0.0 0.0 0.0 0.0 0.0 0.0 0.0 0.0 0.0 0.0 0.0 0.0 0.0 0.0 0.0 0.0 0.0 0.0 0.0 0.0 0.0 0.0 0.0 0.0 0.0 0.0 0.0 0.0 0.0 0.0 0.0 0.0
