109 109
1.69903409946 0.008576070693 0.008608309115 0.007670222254 0.008196633438 0.007540687889 0.008287292128 0.008857441858 0.008832085206 0.008628840561 0.008551481835 0.008035406935 0.00831984226 0.008497227738 0.008568490255 0.008209141954 0.008622479681 0.008601396299 0.008114832881 0.007935199298 0.007571424014 0.00813300694 0.008128528544 0.008165335426 0.007867260339 0.007292812574 0.008733843522 0.00847489976 0.0 0.0 0.0 0.0 0.0 0.0 0.0 0.0 0.0 0.0 0.0 0.0 0.0 0.0 0.0 0.0 0.0 0.0 0.0 0.0 0.0 0.0 0.0 0.0 0.0 0.0 0.0 0.0 0.0 0.0 0.0 0.0 0.0 0.0 0.0 0.0 0.0 0.0 0.0 0.0 0.0 0.0 0.0 0.0 0.0 0.0 0.0 0.0 0.0 0.0 0.0 0.0 0.0 0.0 0.0 0.0 0.0 0.0 0.0 0.0 0.0 0.0 0.0 0.0 0.0 0.0 0.0 0.0 0.0 0.0 0.0 0.0 0.0 0.0 0.0 0.0 0.0 0.0 0.0 0.0 0.0
0.008576070693 0.937637675339 0.008780932264 0.007529564933 0.008210730422 0.007365119083 0.008344392659 0.00908579521 0.009106965265 0.008791982411 0.008698469421 0.008014449135 0.008355374037 0.008618894851 0.008687860736 0.008242339442 0.008811913208 0.008748638432 0.008103443762 0.007874899137 0.007421327554 0.008134148649 0.008122023604 0.008158486991 0.007782237154 0.007058187447 0.008952512419 0.008575265517 0.0 0.0 0.0 0.0 0.0 0.0 0.0 0.0 0.0 0.0 0.0 0.0 0.0 0.0 0.0 0.0 0.0 0.0 0.0 0.0 0.0 0.0 0.0 0.0 0.0 0.0 0.0 0.0 0.0 0.0 0.0 0.0 0.0 0.0 0.0 0.0 0.0 0.0 0.0 0.0 0.0 0.0 0.0 0.0 0.0 0.0 0.0 0.0 0.0 0.0 0.0 0.0 0.0 0.0 0.0 0.0 0.0 0.0 0.0 0.0 0.0 0.0 0.0 0.0 0.0 0.0 0.0 0.0 0.0 0.0 0.0 0.0 0.0 0.0 0.0 0.0 0.0 0.0 0.0 0.0 0.0
0.008608309115 0.008780932264 0.25553082825 0.007471558025 0.008224607516 0.007272514529 0.008311200529 0.00923985644 0.009263578617 0.008861806282 0.008734483869 0.008016443215 0.008378129839 0.008718036922 0.008767784101 0.008248506814 0.008876299097 0.008842399848 0.008103137764 0.007841596424 0.007387002763 0.008137492331 0.008133814418 0.008155400357 0.007715577679 0.006924025988 0.009088367458 0.008605734603 0.0 0.0 0.0 0.0 0.0 0.0 0.0 0.0 0.0 0.0 0.0 0.0 0.0 0.0 0.0 0.0 0.0 0.0 0.0 0.0 0.0 0.0 0.0 0.0 0.0 0.0 0.0 0.0 0.0 0.0 0.0 0.0 0.0 0.0 0.0 0.0 0.0 0.0 0.0 0.0 0.0 0.0 0.0 0.0 0.0 0.0 0.0 0.0 0.0 0.0 0.0 0.0 0.0 0.0 0.0 0.0 0.0 0.0 0.0 0.0 0.0 0.0 0.0 0.0 0.0 0.0 0.0 0.0 0.0 0.0 0.0 0.0 0.0 0.0 0.0 0.0 0.0 0.0 0.0 0.0 0.0
0.007670222254 0.007529564933 0.007471558025 0.172237991702 0.007999499252 0.009124309755 0.007823699113 0.007293606148 0.007231126393 0.007485650127 0.00755784256 0.008139579695 0.007878831603 0.007601940358 0.007577739102 0.007902096474 0.007465305115 0.007509565871 0.008124328508 0.008406935719 0.008933457169 0.008047104547 0.008073603183 0.008096941724 0.008557226102 0.009687536366 0.007359443957 0.00767976924 0.0 0.0 0.0 0.0 0.0 0.0 0.0 0.0 0.0 0.0 0.0 0.0 0.0 0.0 0.0 0.0 0.0 0.0 0.0 0.0 0.0 0.0 0.0 0.0 0.0 0.0 0.0 0.0 0.0 0.0 0.0 0.0 0.0 0.0 0.0 0.0 0.0 0.0 0.0 0.0 0.0 0.0 0.0 0.0 0.0 0.0 0.0 0.0 0.0 0.0 0.0 0.0 0.0 0.0 0.0 0.0 0.0 0.0 0.0 0.0 0.0 0.0 0.0 0.0 0.0 0.0 0.0 0.0 0.0 0.0 0.0 0.0 0.0 0.0 0.0 0.0 0.0 0.0 0.0 0.0 0.0
0.008196633438 0.008210730422 0.008224607516 0.007999499252 0.244515472922 0.00794632983 0.008118992201 0.008275996414 0.00824994013 0.008216776854 0.008195045893 0.008090033728 0.008171061686 0.00820719452 0.008218703107 0.008129833314 0.008204478422 0.008222075276 0.008126759818 0.008071316885 0.007962442582 0.008132534253 0.008123026917 0.008147841404 0.008043407422 0.007846570646 0.008244005109 0.008196120833 0.0 0.0 0.0 0.0 0.0 0.0 0.0 0.0 0.0 0.0 0.0 0.0 0.0 0.0 0.0 0.0 0.0 0.0 0.0 0.0 0.0 0.0 0.0 0.0 0.0 0.0 0.0 0.0 0.0 0.0 0.0 0.0 0.0 0.0 0.0 0.0 0.0 0.0 0.0 0.0 0.0 0.0 0.0 0.0 0.0 0.0 0.0 0.0 0.0 0.0 0.0 0.0 0.0 0.0 0.0 0.0 0.0 0.0 0.0 0.0 0.0 0.0 0.0 0.0 0.0 0.0 0.0 0.0 0.0 0.0 0.0 0.0 0.0 0.0 0.0 0.0 0.0 0.0 0.0 0.0 0.0
0.007540687889 0.007365119083 0.007272514529 0.009124309755 0.00794632983 0.135896785004 0.007785385969 0.007031827756 0.00697886665 0.007308280769 0.007415961156 0.008136627564 0.00781176394 0.007434183804 0.00740668727 0.007844169705 0.007298522807 0.007321031253 0.008113010309 0.008487415916 0.009143407769 0.008018725852 0.008045705034 0.008081568672 0.008718713678 0.01039938218 0.007139811536 0.007556727664 0.0 0.0 0.0 0.0 0.0 0.0 0.0 0.0 0.0 0.0 0.0 0.0 0.0 0.0 0.0 0.0 0.0 0.0 0.0 0.0 0.0 0.0 0.0 0.0 0.0 0.0 0.0 0.0 0.0 0.0 0.0 0.0 0.0 0.0 0.0 0.0 0.0 0.0 0.0 0.0 0.0 0.0 0.0 0.0 0.0 0.0 0.0 0.0 0.0 0.0 0.0 0.0 0.0 0.0 0.0 0.0 0.0 0.0 0.0 0.0 0.0 0.0 0.0 0.0 0.0 0.0 0.0 0.0 0.0 0.0 0.0 0.0 0.0 0.0 0.0 0.0 0.0 0.0 0.0 0.0 0.0
0.008287292128 0.008344392659 0.008311200529 0.007823699113 0.008118992201 0.007785385969 0.246923812949 0.00841560619 0.008477819608 0.008374571595 0.00837087147 0.00807014961 0.008198488846 0.008254732548 0.008298510849 0.008190361638 0.008411271569 0.008319421648 0.008077470673 0.00800324486 0.007761225021 0.00810646971 0.008097316668 0.008090272937 0.007988612825 0.007649872589 0.008381900605 0.008289902887 0.0 0.0 0.0 0.0 0.0 0.0 0.0 0.0 0.0 0.0 0.0 0.0 0.0 0.0 0.0 0.0 0.0 0.0 0.0 0.0 0.0 0.0 0.0 0.0 0.0 0.0 0.0 0.0 0.0 0.0 0.0 0.0 0.0 0.0 0.0 0.0 0.0 0.0 0.0 0.0 0.0 0.0 0.0 0.0 0.0 0.0 0.0 0.0 0.0 0.0 0.0 0.0 0.0 0.0 0.0 0.0 0.0 0.0 0.0 0.0 0.0 0.0 0.0 0.0 0.0 0.0 0.0 0.0 0.0 0.0 0.0 0.0 0.0 0.0 0.0 0.0 0.0 0.0 0.0 0.0 0.0
0.008857441858 0.00908579521 0.00923985644 0.007293606148 0.008275996414 0.007031827756 0.00841560619 3.04972628046 0.009911393644 0.009229268987 0.009010972897 0.00796550597 0.008555173148 0.008960450073 0.009102167074 0.008281316452 0.00923988687 0.009183948972 0.008116956016 0.007765097985 0.007158667764 0.008133733976 0.008178055132 0.008218458466 0.00761290732 0.006591986569 0.009564491209 0.008832461897 0.0 0.0 0.0 0.0 0.0 0.0 0.0 0.0 0.0 0.0 0.0 0.0 0.0 0.0 0.0 0.0 0.0 0.0 0.0 0.0 0.0 0.0 0.0 0.0 0.0 0.0 0.0 0.0 0.0 0.0 0.0 0.0 0.0 0.0 0.0 0.0 0.0 0.0 0.0 0.0 0.0 0.0 0.0 0.0 0.0 0.0 0.0 0.0 0.0 0.0 0.0 0.0 0.0 0.0 0.0 0.0 0.0 0.0 0.0 0.0 0.0 0.0 0.0 0.0 0.0 0.0 0.0 0.0 0.0 0.0 0.0 0.0 0.0 0.0 0.0 0.0 0.0 0.0 0.0 0.0 0.0
0.008832085206 0.009106965265 0.009263578617 0.007231126393 0.00824994013 0.00697886665 0.008477819608 0.009911393644 1.05769789422 0.009242050847 0.009052065906 0.007964712613 0.00851015709 0.008963372174 0.009061848059 0.008305710642 0.009303385559 0.009173071349 0.008085172547 0.007735199056 0.007104076654 0.008124451507 0.008143153519 0.008164510033 0.007579947229 0.006545509222 0.00960045623 0.008826765041 0.0 0.0 0.0 0.0 0.0 0.0 0.0 0.0 0.0 0.0 0.0 0.0 0.0 0.0 0.0 0.0 0.0 0.0 0.0 0.0 0.0 0.0 0.0 0.0 0.0 0.0 0.0 0.0 0.0 0.0 0.0 0.0 0.0 0.0 0.0 0.0 0.0 0.0 0.0 0.0 0.0 0.0 0.0 0.0 0.0 0.0 0.0 0.0 0.0 0.0 0.0 0.0 0.0 0.0 0.0 0.0 0.0 0.0 0.0 0.0 0.0 0.0 0.0 0.0 0.0 0.0 0.0 0.0 0.0 0.0 0.0 0.0 0.0 0.0 0.0 0.0 0.0 0.0 0.0 0.0 0.0
0.008628840561 0.008791982411 0.008861806282 0.007485650127 0.008216776854 0.007308280769 0.008374571595 0.009229268987 0.009242050847 0.302383519819 0.008771109623 0.008001243786 0.008392654384 0.008678039159 0.008768100527 0.008248096956 0.008903237904 0.008831574654 0.008101880338 0.007856429177 0.007370160932 0.008130983401 0.008130925422 0.008163999654 0.007757236397 0.006981522281 0.009057218877 0.008632261401 0.0 0.0 0.0 0.0 0.0 0.0 0.0 0.0 0.0 0.0 0.0 0.0 0.0 0.0 0.0 0.0 0.0 0.0 0.0 0.0 0.0 0.0 0.0 0.0 0.0 0.0 0.0 0.0 0.0 0.0 0.0 0.0 0.0 0.0 0.0 0.0 0.0 0.0 0.0 0.0 0.0 0.0 0.0 0.0 0.0 0.0 0.0 0.0 0.0 0.0 0.0 0.0 0.0 0.0 0.0 0.0 0.0 0.0 0.0 0.0 0.0 0.0 0.0 0.0 0.0 0.0 0.0 0.0 0.0 0.0 0.0 0.0 0.0 0.0 0.0 0.0 0.0 0.0 0.0 0.0 0.0
0.008551481835 0.008698469421 0.008734483869 0.00755784256 0.008195045893 0.007415961156 0.00837087147 0.009010972897 0.009052065906 0.008771109623 0.3093432467 0.008005489126 0.00833000741 0.008575972672 0.008647375736 0.008233353831 0.008812920795 0.008705411584 0.00809733371 0.007895696109 0.007438285514 0.008130052842 0.008111741708 0.00814933005 0.007822322776 0.007136330955 0.008916767046 0.008572992162 0.0 0.0 0.0 0.0 0.0 0.0 0.0 0.0 0.0 0.0 0.0 0.0 0.0 0.0 0.0 0.0 0.0 0.0 0.0 0.0 0.0 0.0 0.0 0.0 0.0 0.0 0.0 0.0 0.0 0.0 0.0 0.0 0.0 0.0 0.0 0.0 0.0 0.0 0.0 0.0 0.0 0.0 0.0 0.0 0.0 0.0 0.0 0.0 0.0 0.0 0.0 0.0 0.0 0.0 0.0 0.0 0.0 0.0 0.0 0.0 0.0 0.0 0.0 0.0 0.0 0.0 0.0 0.0 0.0 0.0 0.0 0.0 0.0 0.0 0.0 0.0 0.0 0.0 0.0 0.0 0.0
0.008035406935 0.008014449135 0.008016443215 0.008139579695 0.008090033728 0.008136627564 0.00807014961 0.00796550597 0.007964712613 0.008001243786 0.008005489126 0.262256691366 0.008070819721 0.008043213541 0.008023964171 0.00809998004 0.007993079414 0.008018567829 0.008098823362 0.00811548438 0.008173733957 0.008105073938 0.008107539139 0.008084080733 0.008108545375 0.008112724474 0.007977354363 0.008022552607 0.0 0.0 0.0 0.0 0.0 0.0 0.0 0.0 0.0 0.0 0.0 0.0 0.0 0.0 0.0 0.0 0.0 0.0 0.0 0.0 0.0 0.0 0.0 0.0 0.0 0.0 0.0 0.0 0.0 0.0 0.0 0.0 0.0 0.0 0.0 0.0 0.0 0.0 0.0 0.0 0.0 0.0 0.0 0.0 0.0 0.0 0.0 0.0 0.0 0.0 0.0 0.0 0.0 0.0 0.0 0.0 0.0 0.0 0.0 0.0 0.0 0.0 0.0 0.0 0.0 0.0 0.0 0.0 0.0 0.0 0.0 0.0 0.0 0.0 0.0 0.0 0.0 0.0 0.0 0.0 0.0
0.00831984226 0.008355374037 0.008378129839 0.007878831603 0.008171061686 0.00781176394 0.008198488846 0.008555173148 0.00851015709 0.008392654384 0.00833000741 0.008070819721 0.205504967176 0.008325357143 0.008381882834 0.008160913838 0.008370131374 0.008385654722 0.008126116654 0.008023583715 0.007818995488 0.008151066245 0.00814563727 0.00816590243 0.007985231024 0.007684934376 0.008440234808 0.008308612055 0.0 0.0 0.0 0.0 0.0 0.0 0.0 0.0 0.0 0.0 0.0 0.0 0.0 0.0 0.0 0.0 0.0 0.0 0.0 0.0 0.0 0.0 0.0 0.0 0.0 0.0 0.0 0.0 0.0 0.0 0.0 0.0 0.0 0.0 0.0 0.0 0.0 0.0 0.0 0.0 0.0 0.0 0.0 0.0 0.0 0.0 0.0 0.0 0.0 0.0 0.0 0.0 0.0 0.0 0.0 0.0 0.0 0.0 0.0 0.0 0.0 0.0 0.0 0.0 0.0 0.0 0.0 0.0 0.0 0.0 0.0 0.0 0.0 0.0 0.0 0.0 0.0 0.0 0.0 0.0 0.0
0.008497227738 0.008618894851 0.008718036922 0.007601940358 0.00820719452 0.007434183804 0.008254732548 0.008960450073 0.008963372174 0.008678039159 0.008575972672 0.008043213541 0.008325357143 0.22254533407 0.008620327419 0.008221784421 0.008675829128 0.008672971896 0.008109718022 0.007896459429 0.007538204474 0.008136686475 0.008135854301 0.008151243225 0.007789706254 0.007132737189 0.008841949383 0.008489337127 0.0 0.0 0.0 0.0 0.0 0.0 0.0 0.0 0.0 0.0 0.0 0.0 0.0 0.0 0.0 0.0 0.0 0.0 0.0 0.0 0.0 0.0 0.0 0.0 0.0 0.0 0.0 0.0 0.0 0.0 0.0 0.0 0.0 0.0 0.0 0.0 0.0 0.0 0.0 0.0 0.0 0.0 0.0 0.0 0.0 0.0 0.0 0.0 0.0 0.0 0.0 0.0 0.0 0.0 0.0 0.0 0.0 0.0 0.0 0.0 0.0 0.0 0.0 0.0 0.0 0.0 0.0 0.0 0.0 0.0 0.0 0.0 0.0 0.0 0.0 0.0 0.0 0.0 0.0 0.0 0.0
0.008568490255 0.008687860736 0.008767784101 0.007577739102 0.008218703107 0.00740668727 0.008298510849 0.009102167074 0.009061848059 0.008768100527 0.008647375736 0.008023964171 0.008381882834 0.008620327419 0.36670664111 0.008224337999 0.008753763447 0.008748849876 0.008117090031 0.007892324844 0.007490747379 0.008135424915 0.008153165114 0.008175817003 0.007793006412 0.007103095019 0.008917614497 0.008556914892 0.0 0.0 0.0 0.0 0.0 0.0 0.0 0.0 0.0 0.0 0.0 0.0 0.0 0.0 0.0 0.0 0.0 0.0 0.0 0.0 0.0 0.0 0.0 0.0 0.0 0.0 0.0 0.0 0.0 0.0 0.0 0.0 0.0 0.0 0.0 0.0 0.0 0.0 0.0 0.0 0.0 0.0 0.0 0.0 0.0 0.0 0.0 0.0 0.0 0.0 0.0 0.0 0.0 0.0 0.0 0.0 0.0 0.0 0.0 0.0 0.0 0.0 0.0 0.0 0.0 0.0 0.0 0.0 0.0 0.0 0.0 0.0 0.0 0.0 0.0 0.0 0.0 0.0 0.0 0.0 0.0
0.008209141954 0.008242339442 0.008248506814 0.007902096474 0.008129833314 0.007844169705 0.008190361638 0.008281316452 0.008305710642 0.008248096956 0.008233353831 0.00809998004 0.008160913838 0.008221784421 0.008224337999 0.244233831389 0.008253311808 0.008241663078 0.008096606966 0.008026268397 0.0078818485 0.008118440459 0.008109824717 0.008102318189 0.007989443801 0.007701980702 0.008268635467 0.008201944184 0.0 0.0 0.0 0.0 0.0 0.0 0.0 0.0 0.0 0.0 0.0 0.0 0.0 0.0 0.0 0.0 0.0 0.0 0.0 0.0 0.0 0.0 0.0 0.0 0.0 0.0 0.0 0.0 0.0 0.0 0.0 0.0 0.0 0.0 0.0 0.0 0.0 0.0 0.0 0.0 0.0 0.0 0.0 0.0 0.0 0.0 0.0 0.0 0.0 0.0 0.0 0.0 0.0 0.0 0.0 0.0 0.0 0.0 0.0 0.0 0.0 0.0 0.0 0.0 0.0 0.0 0.0 0.0 0.0 0.0 0.0 0.0 0.0 0.0 0.0 0.0 0.0 0.0 0.0 0.0 0.0
0.008622479681 0.008811913208 0.008876299097 0.007465305115 0.008204478422 0.007298522807 0.008411271569 0.00923988687 0.009303385559 0.008903237904 0.008812920795 0.007993079414 0.008370131374 0.008675829128 0.008753763447 0.008253311808 1.18932856709 0.008829592696 0.008087233309 0.00784964187 0.00734630949 0.008125603442 0.008115155435 0.008144735979 0.007755882054 0.00698341806 0.009100107943 0.008643338857 0.0 0.0 0.0 0.0 0.0 0.0 0.0 0.0 0.0 0.0 0.0 0.0 0.0 0.0 0.0 0.0 0.0 0.0 0.0 0.0 0.0 0.0 0.0 0.0 0.0 0.0 0.0 0.0 0.0 0.0 0.0 0.0 0.0 0.0 0.0 0.0 0.0 0.0 0.0 0.0 0.0 0.0 0.0 0.0 0.0 0.0 0.0 0.0 0.0 0.0 0.0 0.0 0.0 0.0 0.0 0.0 0.0 0.0 0.0 0.0 0.0 0.0 0.0 0.0 0.0 0.0 0.0 0.0 0.0 0.0 0.0 0.0 0.0 0.0 0.0 0.0 0.0 0.0 0.0 0.0 0.0
0.008601396299 0.008748638432 0.008842399848 0.007509565871 0.008222075276 0.007321031253 0.008319421648 0.009183948972 0.009173071349 0.008831574654 0.008705411584 0.008018567829 0.008385654722 0.008672971896 0.008748849876 0.008241663078 0.008829592696 0.324069147294 0.00810840489 0.007859121445 0.007420690015 0.008134307523 0.008141512447 0.008164504634 0.007745357429 0.006983396207 0.0090034382 0.008591260772 0.0 0.0 0.0 0.0 0.0 0.0 0.0 0.0 0.0 0.0 0.0 0.0 0.0 0.0 0.0 0.0 0.0 0.0 0.0 0.0 0.0 0.0 0.0 0.0 0.0 0.0 0.0 0.0 0.0 0.0 0.0 0.0 0.0 0.0 0.0 0.0 0.0 0.0 0.0 0.0 0.0 0.0 0.0 0.0 0.0 0.0 0.0 0.0 0.0 0.0 0.0 0.0 0.0 0.0 0.0 0.0 0.0 0.0 0.0 0.0 0.0 0.0 0.0 0.0 0.0 0.0 0.0 0.0 0.0 0.0 0.0 0.0 0.0 0.0 0.0 0.0 0.0 0.0 0.0 0.0 0.0
0.008114832881 0.008103443762 0.008103137764 0.008124328508 0.008126759818 0.008113010309 0.008077470673 0.008116956016 0.008085172547 0.008101880338 0.00809733371 0.008098823362 0.008126116654 0.008109718022 0.008117090031 0.008096606966 0.008087233309 0.00810840489 0.242911228785 0.008128575492 0.008093027675 0.0081260248 0.008113827167 0.008143006863 0.008132673223 0.008100255402 0.008104167134 0.008118831723 0.0 0.0 0.0 0.0 0.0 0.0 0.0 0.0 0.0 0.0 0.0 0.0 0.0 0.0 0.0 0.0 0.0 0.0 0.0 0.0 0.0 0.0 0.0 0.0 0.0 0.0 0.0 0.0 0.0 0.0 0.0 0.0 0.0 0.0 0.0 0.0 0.0 0.0 0.0 0.0 0.0 0.0 0.0 0.0 0.0 0.0 0.0 0.0 0.0 0.0 0.0 0.0 0.0 0.0 0.0 0.0 0.0 0.0 0.0 0.0 0.0 0.0 0.0 0.0 0.0 0.0 0.0 0.0 0.0 0.0 0.0 0.0 0.0 0.0 0.0 0.0 0.0 0.0 0.0 0.0 0.0
0.007935199298 0.007874899137 0.007841596424 0.008406935719 0.008071316885 0.008487415916 0.00800324486 0.007765097985 0.007735199056 0.007856429177 0.007895696109 0.00811548438 0.008023583715 0.007896459429 0.007892324844 0.008026268397 0.00784964187 0.007859121445 0.008128575492 0.186715538475 0.008389227592 0.008104207805 0.008094926505 0.008121990916 0.008315240015 0.00867240395 0.007802997518 0.007950787755 0.0 0.0 0.0 0.0 0.0 0.0 0.0 0.0 0.0 0.0 0.0 0.0 0.0 0.0 0.0 0.0 0.0 0.0 0.0 0.0 0.0 0.0 0.0 0.0 0.0 0.0 0.0 0.0 0.0 0.0 0.0 0.0 0.0 0.0 0.0 0.0 0.0 0.0 0.0 0.0 0.0 0.0 0.0 0.0 0.0 0.0 0.0 0.0 0.0 0.0 0.0 0.0 0.0 0.0 0.0 0.0 0.0 0.0 0.0 0.0 0.0 0.0 0.0 0.0 0.0 0.0 0.0 0.0 0.0 0.0 0.0 0.0 0.0 0.0 0.0 0.0 0.0 0.0 0.0 0.0 0.0
0.007571424014 0.007421327554 0.007387002763 0.008933457169 0.007962442582 0.009143407769 0.007761225021 0.007158667764 0.007104076654 0.007370160932 0.007438285514 0.008173733957 0.007818995488 0.007538204474 0.007490747379 0.0078818485 0.00734630949 0.007420690015 0.008093027675 0.008389227592 0.310145268012 0.008019271956 0.008087404581 0.008035382182 0.008503219711 0.009669718455 0.007231504295 0.007571057291 0.0 0.0 0.0 0.0 0.0 0.0 0.0 0.0 0.0 0.0 0.0 0.0 0.0 0.0 0.0 0.0 0.0 0.0 0.0 0.0 0.0 0.0 0.0 0.0 0.0 0.0 0.0 0.0 0.0 0.0 0.0 0.0 0.0 0.0 0.0 0.0 0.0 0.0 0.0 0.0 0.0 0.0 0.0 0.0 0.0 0.0 0.0 0.0 0.0 0.0 0.0 0.0 0.0 0.0 0.0 0.0 0.0 0.0 0.0 0.0 0.0 0.0 0.0 0.0 0.0 0.0 0.0 0.0 0.0 0.0 0.0 0.0 0.0 0.0 0.0 0.0 0.0 0.0 0.0 0.0 0.0
0.00813300694 0.008134148649 0.008137492331 0.008047104547 0.008132534253 0.008018725852 0.00810646971 0.008133733976 0.008124451507 0.008130983401 0.008130052842 0.008105073938 0.008151066245 0.008136686475 0.008135424915 0.008118440459 0.008125603442 0.008134307523 0.0081260248 0.008104207805 0.008019271956 0.205273501153 0.008111254757 0.008134877992 0.008092222658 0.007935253463 0.008141722952 0.008139013524 0.0 0.0 0.0 0.0 0.0 0.0 0.0 0.0 0.0 0.0 0.0 0.0 0.0 0.0 0.0 0.0 0.0 0.0 0.0 0.0 0.0 0.0 0.0 0.0 0.0 0.0 0.0 0.0 0.0 0.0 0.0 0.0 0.0 0.0 0.0 0.0 0.0 0.0 0.0 0.0 0.0 0.0 0.0 0.0 0.0 0.0 0.0 0.0 0.0 0.0 0.0 0.0 0.0 0.0 0.0 0.0 0.0 0.0 0.0 0.0 0.0 0.0 0.0 0.0 0.0 0.0 0.0 0.0 0.0 0.0 0.0 0.0 0.0 0.0 0.0 0.0 0.0 0.0 0.0 0.0 0.0
0.008128528544 0.008122023604 0.008133814418 0.008073603183 0.008123026917 0.008045705034 0.008097316668 0.008178055132 0.008143153519 0.008130925422 0.008111741708 0.008107539139 0.00814563727 0.008135854301 0.008153165114 0.008109824717 0.008115155435 0.008141512447 0.008113827167 0.008094926505 0.008087404581 0.008111254757 0.230541370801 0.008124007682 0.008073922164 0.007996123689 0.008131571438 0.008124217146 0.0 0.0 0.0 0.0 0.0 0.0 0.0 0.0 0.0 0.0 0.0 0.0 0.0 0.0 0.0 0.0 0.0 0.0 0.0 0.0 0.0 0.0 0.0 0.0 0.0 0.0 0.0 0.0 0.0 0.0 0.0 0.0 0.0 0.0 0.0 0.0 0.0 0.0 0.0 0.0 0.0 0.0 0.0 0.0 0.0 0.0 0.0 0.0 0.0 0.0 0.0 0.0 0.0 0.0 0.0 0.0 0.0 0.0 0.0 0.0 0.0 0.0 0.0 0.0 0.0 0.0 0.0 0.0 0.0 0.0 0.0 0.0 0.0 0.0 0.0 0.0 0.0 0.0 0.0 0.0 0.0
0.008165335426 0.008158486991 0.008155400357 0.008096941724 0.008147841404 0.008081568672 0.008090272937 0.008218458466 0.008164510033 0.008163999654 0.00814933005 0.008084080733 0.00816590243 0.008151243225 0.008175817003 0.008102318189 0.008144735979 0.008164504634 0.008143006863 0.008121990916 0.008035382182 0.008134877992 0.008124007682 0.270419056069 0.008127121745 0.008068255799 0.008178806529 0.008170170205 0.0 0.0 0.0 0.0 0.0 0.0 0.0 0.0 0.0 0.0 0.0 0.0 0.0 0.0 0.0 0.0 0.0 0.0 0.0 0.0 0.0 0.0 0.0 0.0 0.0 0.0 0.0 0.0 0.0 0.0 0.0 0.0 0.0 0.0 0.0 0.0 0.0 0.0 0.0 0.0 0.0 0.0 0.0 0.0 0.0 0.0 0.0 0.0 0.0 0.0 0.0 0.0 0.0 0.0 0.0 0.0 0.0 0.0 0.0 0.0 0.0 0.0 0.0 0.0 0.0 0.0 0.0 0.0 0.0 0.0 0.0 0.0 0.0 0.0 0.0 0.0 0.0 0.0 0.0 0.0 0.0
0.007867260339 0.007782237154 0.007715577679 0.008557226102 0.008043407422 0.008718713678 0.007988612825 0.00761290732 0.007579947229 0.007757236397 0.007822322776 0.008108545375 0.007985231024 0.007789706254 0.007793006412 0.007989443801 0.007755882054 0.007745357429 0.008132673223 0.008315240015 0.008503219711 0.008092222658 0.008073922164 0.008127121745 0.209023478076 0.009080139649 0.007672070017 0.007890857127 0.0 0.0 0.0 0.0 0.0 0.0 0.0 0.0 0.0 0.0 0.0 0.0 0.0 0.0 0.0 0.0 0.0 0.0 0.0 0.0 0.0 0.0 0.0 0.0 0.0 0.0 0.0 0.0 0.0 0.0 0.0 0.0 0.0 0.0 0.0 0.0 0.0 0.0 0.0 0.0 0.0 0.0 0.0 0.0 0.0 0.0 0.0 0.0 0.0 0.0 0.0 0.0 0.0 0.0 0.0 0.0 0.0 0.0 0.0 0.0 0.0 0.0 0.0 0.0 0.0 0.0 0.0 0.0 0.0 0.0 0.0 0.0 0.0 0.0 0.0 0.0 0.0 0.0 0.0 0.0 0.0
0.007292812574 0.007058187447 0.006924025988 0.009687536366 0.007846570646 0.01039938218 0.007649872589 0.006591986569 0.006545509222 0.006981522281 0.007136330955 0.008112724474 0.007684934376 0.007132737189 0.007103095019 0.007701980702 0.00698341806 0.006983396207 0.008100255402 0.00867240395 0.009669718455 0.007935253463 0.007996123689 0.008068255799 0.009080139649 0.60358657542 0.00676108157 0.007322430345 0.0 0.0 0.0 0.0 0.0 0.0 0.0 0.0 0.0 0.0 0.0 0.0 0.0 0.0 0.0 0.0 0.0 0.0 0.0 0.0 0.0 0.0 0.0 0.0 0.0 0.0 0.0 0.0 0.0 0.0 0.0 0.0 0.0 0.0 0.0 0.0 0.0 0.0 0.0 0.0 0.0 0.0 0.0 0.0 0.0 0.0 0.0 0.0 0.0 0.0 0.0 0.0 0.0 0.0 0.0 0.0 0.0 0.0 0.0 0.0 0.0 0.0 0.0 0.0 0.0 0.0 0.0 0.0 0.0 0.0 0.0 0.0 0.0 0.0 0.0 0.0 0.0 0.0 0.0 0.0 0.0
0.008733843522 0.008952512419 0.009088367458 0.007359443957 0.008244005109 0.007139811536 0.008381900605 0.009564491209 0.00960045623 0.009057218877 0.008916767046 0.007977354363 0.008440234808 0.008841949383 0.008917614497 0.008268635467 0.009100107943 0.0090034382 0.008104167134 0.007802997518 0.007231504295 0.008141722952 0.008131571438 0.008178806529 0.007672070017 0.00676108157 0.548558521292 0.008745162428 0.0 0.0 0.0 0.0 0.0 0.0 0.0 0.0 0.0 0.0 0.0 0.0 0.0 0.0 0.0 0.0 0.0 0.0 0.0 0.0 0.0 0.0 0.0 0.0 0.0 0.0 0.0 0.0 0.0 0.0 0.0 0.0 0.0 0.0 0.0 0.0 0.0 0.0 0.0 0.0 0.0 0.0 0.0 0.0 0.0 0.0 0.0 0.0 0.0 0.0 0.0 0.0 0.0 0.0 0.0 0.0 0.0 0.0 0.0 0.0 0.0 0.0 0.0 0.0 0.0 0.0 0.0 0.0 0.0 0.0 0.0 0.0 0.0 0.0 0.0 0.0 0.0 0.0 0.0 0.0 0.0
0.00847489976 0.008575265517 0.008605734603 0.00767976924 0.008196120833 0.007556727664 0.008289902887 0.008832461897 0.008826765041 0.008632261401 0.008572992162 0.008022552607 0.008308612055 0.008489337127 0.008556914892 0.008201944184 0.008643338857 0.008591260772 0.008118831723 0.007950787755 0.007571057291 0.008139013524 0.008124217146 0.008170170205 0.007890857127 0.007322430345 0.008745162428 0.380228913488 0.0 0.0 0.0 0.0 0.0 0.0 0.0 0.0 0.0 0.0 0.0 0.0 0.0 0.0 0.0 0.0 0.0 0.0 0.0 0.0 0.0 0.0 0.0 0.0 0.0 0.0 0.0 0.0 0.0 0.0 0.0 0.0 0.0 0.0 0.0 0.0 0.0 0.0 0.0 0.0 0.0 0.0 0.0 0.0 0.0 0.0 0.0 0.0 0.0 0.0 0.0 0.0 0.0 0.0 0.0 0.0 0.0 0.0 0.0 0.0 0.0 0.0 0.0 0.0 0.0 0.0 0.0 0.0 0.0 0.0 0.0 0.0 0.0 0.0 0.0 0.0 0.0 0.0 0.0 0.0 0.0
0.0 0.0 0.0 0.0 0.0 0.0 0.0 0.0 0.0 0.0 0.0 0.0 0.0 0.0 0.0 0.0 0.0 0.0 0.0 0.0 0.0 0.0 0.0 0.0 0.0 0.0 0.0 0.0 0.397319059838 0.00452657761 0.004584661971 0.004621776628 0.004530526284 0.004600121698 0.004580998683 0.004406305106 0.00456048894 0.004429842869 0.004629737396 0.004513653984 0.004613810567 0.004525595269 0.004535667377 0.004584279038 0.00454184778 0.004629852798 0.004616847076 0.004622244687 0.00458722744 0.004516520516 0.004627744806 0.004566897387 0.004462462523 0.004482869752 0.004618559138 0.004538985236 0.004515864069 0.00454261625 0.004398330963 0.004620050423 0.004442260362 0.0 0.0 0.0 0.0 0.0 0.0 0.0 0.0 0.0 0.0 0.0 0.0 0.0 0.0 0.0 0.0 0.0 0.0 0.0 0.0 0.0 0.0 0.0 0.0 0.0 0.0 0.0 0.0 0.0 0.0 0.0 0.0 0.0 0.0 0.0 0.0 0.0 0.0 0.0 0.0 0.0 0.0 0.0 0.0 0.0 0.0 0.0 0.0
0.0 0.0 0.0 0.0 0.0 0.0 0.0 0.0 0.0 0.0 0.0 0.0 0.0 0.0 0.0 0.0 0.0 0.0 0.0 0.0 0.0 0.0 0.0 0.0 0.0 0.0 0.0 0.0 0.00452657761 0.170135197185 0.004551271098 0.004349157033 0.004798251381 0.004492321807 0.004549416683 0.004891148384 0.004592294382 0.004921048799 0.004310772321 0.004764590851 0.004214399114 0.004697642421 0.004614613249 0.004524535156 0.004623042474 0.004327610686 0.004268675172 0.004209267 0.004554058377 0.004747217639 0.004322529041 0.00453624242 0.004875531063 0.004790831933 0.004424153026 0.00464188713 0.00473934493 0.004617666104 0.004976580012 0.004426107255 0.004892308223 0.0 0.0 0.0 0.0 0.0 0.0 0.0 0.0 0.0 0.0 0.0 0.0 0.0 0.0 0.0 0.0 0.0 0.0 0.0 0.0 0.0 0.0 0.0 0.0 0.0 0.0 0.0 0.0 0.0 0.0 0.0 0.0 0.0 0.0 0.0 0.0 0.0 0.0 0.0 0.0 0.0 0.0 0.0 0.0 0.0 0.0 0.0 0.0
0.0 0.0 0.0 0.0 0.0 0.0 0.0 0.0 0.0 0.0 0.0 0.0 0.0 0.0 0.0 0.0 0.0 0.0 0.0 0.0 0.0 0.0 0.0 0.0 0.0 0.0 0.0 0.0 0.004584661971 0.004551271098 0.443447698879 0.004597394015 0.004537934568 0.004587531004 0.004578337574 0.004498497547 0.004571416488 0.0045055631 0.004603650686 0.004541682018 0.004602065414 0.004557707849 0.00455161968 0.004579032424 0.004561212212 0.004599446635 0.00460308447 0.004606296327 0.004581067854 0.00454681129 0.004601717018 0.004570985947 0.004516670606 0.004531893427 0.004597989134 0.004550734263 0.004545751434 0.00456780518 0.004486045128 0.004596826165 0.004516218985 0.0 0.0 0.0 0.0 0.0 0.0 0.0 0.0 0.0 0.0 0.0 0.0 0.0 0.0 0.0 0.0 0.0 0.0 0.0 0.0 0.0 0.0 0.0 0.0 0.0 0.0 0.0 0.0 0.0 0.0 0.0 0.0 0.0 0.0 0.0 0.0 0.0 0.0 0.0 0.0 0.0 0.0 0.0 0.0 0.0 0.0 0.0 0.0
0.0 0.0 0.0 0.0 0.0 0.0 0.0 0.0 0.0 0.0 0.0 0.0 0.0 0.0 0.0 0.0 0.0 0.0 0.0 0.0 0.0 0.0 0.0 0.0 0.0 0.0 0.0 0.0 0.004621776628 0.004349157033 0.004597394015 0.435678152236 0.004222372037 0.004696906435 0.004622481405 0.004097262525 0.004547098594 0.004095290658 0.005008620776 0.004291417776 0.005179723823 0.004427248043 0.004456613851 0.004625365953 0.004492688187 0.004956500551 0.005091883458 0.005214145736 0.004614234231 0.004327965696 0.004989986833 0.0045901425 0.004145004393 0.004259338121 0.00482667394 0.004425156685 0.004335452786 0.004522795932 0.004005986167 0.004806489058 0.004164815337 0.0 0.0 0.0 0.0 0.0 0.0 0.0 0.0 0.0 0.0 0.0 0.0 0.0 0.0 0.0 0.0 0.0 0.0 0.0 0.0 0.0 0.0 0.0 0.0 0.0 0.0 0.0 0.0 0.0 0.0 0.0 0.0 0.0 0.0 0.0 0.0 0.0 0.0 0.0 0.0 0.0 0.0 0.0 0.0 0.0 0.0 0.0 0.0
0.0 0.0 0.0 0.0 0.0 0.0 0.0 0.0 0.0 0.0 0.0 0.0 0.0 0.0 0.0 0.0 0.0 0.0 0.0 0.0 0.0 0.0 0.0 0.0 0.0 0.0 0.0 0.0 0.004530526284 0.004798251381 0.004537934568 0.004222372037 0.104551235939 0.00443728297 0.004514606457 0.004950459667 0.004548982601 0.005030577145 0.00416207723 0.004855501317 0.004000690482 0.004678332969 0.004643882387 0.004473554122 0.004605589178 0.004205130589 0.004078908761 0.003993780784 0.004517107852 0.004796143937 0.004178550276 0.004499990174 0.005002391756 0.004851074729 0.004321332572 0.004691313364 0.004799825173 0.004562522888 0.005140725776 0.004332786457 0.004955289583 0.0 0.0 0.0 0.0 0.0 0.0 0.0 0.0 0.0 0.0 0.0 0.0 0.0 0.0 0.0 0.0 0.0 0.0 0.0 0.0 0.0 0.0 0.0 0.0 0.0 0.0 0.0 0.0 0.0 0.0 0.0 0.0 0.0 0.0 0.0 0.0 0.0 0.0 0.0 0.0 0.0 0.0 0.0 0.0 0.0 0.0 0.0 0.0
0.0 0.0 0.0 0.0 0.0 0.0 0.0 0.0 0.0 0.0 0.0 0.0 0.0 0.0 0.0 0.0 0.0 0.0 0.0 0.0 0.0 0.0 0.0 0.0 0.0 0.0 0.0 0.0 0.004600121698 0.004492321807 0.004587531004 0.004696906435 0.00443728297 0.371567896928 0.004596579904 0.004367427224 0.004571550888 0.004372681286 0.004724963739 0.004465966314 0.004767538372 0.004523805829 0.004528286384 0.004599487643 0.004545840216 0.004702745854 0.004746793837 0.004780629756 0.004597847247 0.004481743899 0.004714845488 0.004583560122 0.004396622662 0.004448138672 0.004673507586 0.004515861683 0.004484854897 0.004563430217 0.004325263892 0.004664565166 0.004404805393 0.0 0.0 0.0 0.0 0.0 0.0 0.0 0.0 0.0 0.0 0.0 0.0 0.0 0.0 0.0 0.0 0.0 0.0 0.0 0.0 0.0 0.0 0.0 0.0 0.0 0.0 0.0 0.0 0.0 0.0 0.0 0.0 0.0 0.0 0.0 0.0 0.0 0.0 0.0 0.0 0.0 0.0 0.0 0.0 0.0 0.0 0.0 0.0
0.0 0.0 0.0 0.0 0.0 0.0 0.0 0.0 0.0 0.0 0.0 0.0 0.0 0.0 0.0 0.0 0.0 0.0 0.0 0.0 0.0 0.0 0.0 0.0 0.0 0.0 0.0 0.0 0.004580998683 0.004549416683 0.004578337574 0.004622481405 0.004514606457 0.004596579904 0.261748168254 0.004489980255 0.004578510492 0.004498201217 0.004634414737 0.004532644995 0.004650474646 0.004566097277 0.004544900185 0.004583204981 0.004564257269 0.004620712342 0.004645006942 0.004659281984 0.004588927139 0.004542481269 0.004630760162 0.004572209005 0.004504310883 0.004526683511 0.004617984627 0.004542956399 0.00454186652 0.004578452624 0.00447395831 0.004611586029 0.004517383637 0.0 0.0 0.0 0.0 0.0 0.0 0.0 0.0 0.0 0.0 0.0 0.0 0.0 0.0 0.0 0.0 0.0 0.0 0.0 0.0 0.0 0.0 0.0 0.0 0.0 0.0 0.0 0.0 0.0 0.0 0.0 0.0 0.0 0.0 0.0 0.0 0.0 0.0 0.0 0.0 0.0 0.0 0.0 0.0 0.0 0.0 0.0 0.0
0.0 0.0 0.0 0.0 0.0 0.0 0.0 0.0 0.0 0.0 0.0 0.0 0.0 0.0 0.0 0.0 0.0 0.0 0.0 0.0 0.0 0.0 0.0 0.0 0.0 0.0 0.0 0.0 0.004406305106 0.004891148384 0.004498497547 0.004097262525 0.004950459667 0.004367427224 0.004489980255 0.11709713176 0.004625676056 0.005434518579 0.004008064823 0.004966379586 0.003857008606 0.004849416512 0.004727974427 0.004475095554 0.004714948872 0.00405165582 0.0039494604 0.003824523796 0.0044902812 0.00494906734 0.004039264968 0.00453094886 0.005261753863 0.005101104744 0.004220687183 0.004750172487 0.004921505698 0.004707862561 0.005597927086 0.004231930802 0.005355189052 0.0 0.0 0.0 0.0 0.0 0.0 0.0 0.0 0.0 0.0 0.0 0.0 0.0 0.0 0.0 0.0 0.0 0.0 0.0 0.0 0.0 0.0 0.0 0.0 0.0 0.0 0.0 0.0 0.0 0.0 0.0 0.0 0.0 0.0 0.0 0.0 0.0 0.0 0.0 0.0 0.0 0.0 0.0 0.0 0.0 0.0 0.0 0.0
0.0 0.0 0.0 0.0 0.0 0.0 0.0 0.0 0.0 0.0 0.0 0.0 0.0 0.0 0.0 0.0 0.0 0.0 0.0 0.0 0.0 0.0 0.0 0.0 0.0 0.0 0.0 0.0 0.00456048894 0.004592294382 0.004571416488 0.004547098594 0.004548982601 0.004571550888 0.004578510492 0.004625676056 0.358308264881 0.004603844168 0.00453753704 0.004583636716 0.004520601901 0.004618567272 0.004562153814 0.004593297521 0.004595182327 0.004532904062 0.004533076562 0.004507558423 0.004587853782 0.004598131874 0.004542313829 0.004583003088 0.004586604973 0.004600191493 0.004567849481 0.004572669483 0.004586262264 0.004619849748 0.004590564048 0.004570301325 0.004615498141 0.0 0.0 0.0 0.0 0.0 0.0 0.0 0.0 0.0 0.0 0.0 0.0 0.0 0.0 0.0 0.0 0.0 0.0 0.0 0.0 0.0 0.0 0.0 0.0 0.0 0.0 0.0 0.0 0.0 0.0 0.0 0.0 0.0 0.0 0.0 0.0 0.0 0.0 0.0 0.0 0.0 0.0 0.0 0.0 0.0 0.0 0.0 0.0
0.0 0.0 0.0 0.0 0.0 0.0 0.0 0.0 0.0 0.0 0.0 0.0 0.0 0.0 0.0 0.0 0.0 0.0 0.0 0.0 0.0 0.0 0.0 0.0 0.0 0.0 0.0 0.0 0.004429842869 0.004921048799 0.0045055631 0.004095290658 0.005030577145 0.004372681286 0.004498201217 0.005434518579 0.004603844168 0.0924978708259 0.004011792708 0.004985856608 0.003849248583 0.004838824194 0.00470114185 0.004456697996 0.004689943344 0.004053767713 0.003942402056 0.003826390477 0.004496357683 0.004949673679 0.004038356276 0.004504405009 0.005277841364 0.00508598357 0.004224645319 0.004742615815 0.004932878306 0.004669645462 0.005594525715 0.00423180957 0.005340550734 0.0 0.0 0.0 0.0 0.0 0.0 0.0 0.0 0.0 0.0 0.0 0.0 0.0 0.0 0.0 0.0 0.0 0.0 0.0 0.0 0.0 0.0 0.0 0.0 0.0 0.0 0.0 0.0 0.0 0.0 0.0 0.0 0.0 0.0 0.0 0.0 0.0 0.0 0.0 0.0 0.0 0.0 0.0 0.0 0.0 0.0 0.0 0.0
0.0 0.0 0.0 0.0 0.0 0.0 0.0 0.0 0.0 0.0 0.0 0.0 0.0 0.0 0.0 0.0 0.0 0.0 0.0 0.0 0.0 0.0 0.0 0.0 0.0 0.0 0.0 0.0 0.004629737396 0.004310772321 0.004603650686 0.005008620776 0.00416207723 0.004724963739 0.004634414737 0.004008064823 0.00453753704 0.004011792708 0.788801104911 0.004244262305 0.005311987085 0.004400585087 0.004443869962 0.004627864807 0.004477926452 0.005037477509 0.005204346049 0.005352868077 0.004620124447 0.004283188344 0.005074932975 0.004592606021 0.004069356528 0.004203739533 0.00487925947 0.004398319098 0.00429807589 0.004511413721 0.003908411395 0.004850277333 0.00409511789 0.0 0.0 0.0 0.0 0.0 0.0 0.0 0.0 0.0 0.0 0.0 0.0 0.0 0.0 0.0 0.0 0.0 0.0 0.0 0.0 0.0 0.0 0.0 0.0 0.0 0.0 0.0 0.0 0.0 0.0 0.0 0.0 0.0 0.0 0.0 0.0 0.0 0.0 0.0 0.0 0.0 0.0 0.0 0.0 0.0 0.0 0.0 0.0
0.0 0.0 0.0 0.0 0.0 0.0 0.0 0.0 0.0 0.0 0.0 0.0 0.0 0.0 0.0 0.0 0.0 0.0 0.0 0.0 0.0 0.0 0.0 0.0 0.0 0.0 0.0 0.0 0.004513653984 0.004764590851 0.004541682018 0.004291417776 0.004855501317 0.004465966314 0.004532644995 0.004966379586 0.004583636716 0.004985856608 0.004244262305 0.193402089585 0.004129599244 0.004700720655 0.004641622377 0.004507541439 0.00462845979 0.004270311261 0.004191270784 0.004118792151 0.004535197299 0.004773023694 0.004256814327 0.004531704894 0.004935220356 0.004832181246 0.004374678472 0.004670114311 0.004769299327 0.00461139222 0.00506498095 0.004381371793 0.004938737904 0.0 0.0 0.0 0.0 0.0 0.0 0.0 0.0 0.0 0.0 0.0 0.0 0.0 0.0 0.0 0.0 0.0 0.0 0.0 0.0 0.0 0.0 0.0 0.0 0.0 0.0 0.0 0.0 0.0 0.0 0.0 0.0 0.0 0.0 0.0 0.0 0.0 0.0 0.0 0.0 0.0 0.0 0.0 0.0 0.0 0.0 0.0 0.0
0.0 0.0 0.0 0.0 0.0 0.0 0.0 0.0 0.0 0.0 0.0 0.0 0.0 0.0 0.0 0.0 0.0 0.0 0.0 0.0 0.0 0.0 0.0 0.0 0.0 0.0 0.0 0.0 0.004613810567 0.004214399114 0.004602065414 0.005179723823 0.004000690482 0.004767538372 0.004650474646 0.003857008606 0.004520601901 0.003849248583 0.005311987085 0.004129599244 0.708102311426 0.004342873659 0.004414175258 0.004638904387 0.00445169144 0.005210889186 0.005481311058 0.005712143208 0.00462089482 0.004180817151 0.005265549965 0.004605831342 0.003911121342 0.004092334803 0.004976705329 0.004343693126 0.004206372798 0.004494321536 0.003724367892 0.004930454214 0.00395717248 0.0 0.0 0.0 0.0 0.0 0.0 0.0 0.0 0.0 0.0 0.0 0.0 0.0 0.0 0.0 0.0 0.0 0.0 0.0 0.0 0.0 0.0 0.0 0.0 0.0 0.0 0.0 0.0 0.0 0.0 0.0 0.0 0.0 0.0 0.0 0.0 0.0 0.0 0.0 0.0 0.0 0.0 0.0 0.0 0.0 0.0 0.0 0.0
0.0 0.0 0.0 0.0 0.0 0.0 0.0 0.0 0.0 0.0 0.0 0.0 0.0 0.0 0.0 0.0 0.0 0.0 0.0 0.0 0.0 0.0 0.0 0.0 0.0 0.0 0.0 0.0 0.004525595269 0.004697642421 0.004557707849 0.004427248043 0.004678332969 0.004523805829 0.004566097277 0.004849416512 0.004618567272 0.004838824194 0.004400585087 0.004700720655 0.004342873659 0.408507035805 0.004593753095 0.004557416646 0.004628235268 0.004402718841 0.004380205111 0.004333468748 0.004572789773 0.004706561722 0.004410192804 0.004558830517 0.004783234015 0.004742545238 0.004484764818 0.004612082746 0.004691894696 0.00464681554 0.004864652449 0.004483692789 0.004834850954 0.0 0.0 0.0 0.0 0.0 0.0 0.0 0.0 0.0 0.0 0.0 0.0 0.0 0.0 0.0 0.0 0.0 0.0 0.0 0.0 0.0 0.0 0.0 0.0 0.0 0.0 0.0 0.0 0.0 0.0 0.0 0.0 0.0 0.0 0.0 0.0 0.0 0.0 0.0 0.0 0.0 0.0 0.0 0.0 0.0 0.0 0.0 0.0
0.0 0.0 0.0 0.0 0.0 0.0 0.0 0.0 0.0 0.0 0.0 0.0 0.0 0.0 0.0 0.0 0.0 0.0 0.0 0.0 0.0 0.0 0.0 0.0 0.0 0.0 0.0 0.0 0.004535667377 0.004614613249 0.00455161968 0.004456613851 0.004643882387 0.004528286384 0.004544900185 0.004727974427 0.004562153814 0.00470114185 0.004443869962 0.004641622377 0.004414175258 0.004593753095 0.389380566136 0.004543654165 0.004595951688 0.00445653344 0.004432467127 0.004408987149 0.004539900748 0.004625390252 0.004441625538 0.004573682997 0.004681402407 0.004659468305 0.004483588905 0.004626535518 0.004635304885 0.004580624574 0.004735353625 0.004484682025 0.004676206293 0.0 0.0 0.0 0.0 0.0 0.0 0.0 0.0 0.0 0.0 0.0 0.0 0.0 0.0 0.0 0.0 0.0 0.0 0.0 0.0 0.0 0.0 0.0 0.0 0.0 0.0 0.0 0.0 0.0 0.0 0.0 0.0 0.0 0.0 0.0 0.0 0.0 0.0 0.0 0.0 0.0 0.0 0.0 0.0 0.0 0.0 0.0 0.0
0.0 0.0 0.0 0.0 0.0 0.0 0.0 0.0 0.0 0.0 0.0 0.0 0.0 0.0 0.0 0.0 0.0 0.0 0.0 0.0 0.0 0.0 0.0 0.0 0.0 0.0 0.0 0.0 0.004584279038 0.004524535156 0.004579032424 0.004625365953 0.004473554122 0.004599487643 0.004583204981 0.004475095554 0.004593297521 0.004456697996 0.004627864807 0.004507541439 0.004638904387 0.004557416646 0.004543654165 0.186932107588 0.004567717154 0.004624338173 0.004635911591 0.004630744819 0.004590888931 0.004525712664 0.004630001857 0.004591751471 0.004466166624 0.004507129672 0.004620205163 0.004544941339 0.004518493664 0.00458661215 0.00442072314 0.004622370496 0.004477452798 0.0 0.0 0.0 0.0 0.0 0.0 0.0 0.0 0.0 0.0 0.0 0.0 0.0 0.0 0.0 0.0 0.0 0.0 0.0 0.0 0.0 0.0 0.0 0.0 0.0 0.0 0.0 0.0 0.0 0.0 0.0 0.0 0.0 0.0 0.0 0.0 0.0 0.0 0.0 0.0 0.0 0.0 0.0 0.0 0.0 0.0 0.0 0.0
0.0 0.0 0.0 0.0 0.0 0.0 0.0 0.0 0.0 0.0 0.0 0.0 0.0 0.0 0.0 0.0 0.0 0.0 0.0 0.0 0.0 0.0 0.0 0.0 0.0 0.0 0.0 0.0 0.00454184778 0.004623042474 0.004561212212 0.004492688187 0.004605589178 0.004545840216 0.004564257269 0.004714948872 0.004595182327 0.004689943344 0.004477926452 0.00462845979 0.00445169144 0.004628235268 0.004595951688 0.004567717154 0.116194450394 0.004481327853 0.004471767874 0.004443781696 0.004567277218 0.004631746585 0.00448239639 0.004574738871 0.004663327902 0.004653751179 0.004522204259 0.004598507984 0.004626567267 0.004612771981 0.004700603716 0.004522775755 0.004686683892 0.0 0.0 0.0 0.0 0.0 0.0 0.0 0.0 0.0 0.0 0.0 0.0 0.0 0.0 0.0 0.0 0.0 0.0 0.0 0.0 0.0 0.0 0.0 0.0 0.0 0.0 0.0 0.0 0.0 0.0 0.0 0.0 0.0 0.0 0.0 0.0 0.0 0.0 0.0 0.0 0.0 0.0 0.0 0.0 0.0 0.0 0.0 0.0
0.0 0.0 0.0 0.0 0.0 0.0 0.0 0.0 0.0 0.0 0.0 0.0 0.0 0.0 0.0 0.0 0.0 0.0 0.0 0.0 0.0 0.0 0.0 0.0 0.0 0.0 0.0 0.0 0.004629852798 0.004327610686 0.004599446635 0.004956500551 0.004205130589 0.004702745854 0.004620712342 0.00405165582 0.004532904062 0.004053767713 0.005037477509 0.004270311261 0.005210889186 0.004402718841 0.00445653344 0.004624338173 0.004481327853 0.608122787222 0.005119586461 0.005244186927 0.004609483045 0.004304446417 0.005013079087 0.004591275583 0.00411217608 0.004231410393 0.004837245448 0.004418757444 0.004314873375 0.004504199882 0.003960731375 0.004817182526 0.004123359324 0.0 0.0 0.0 0.0 0.0 0.0 0.0 0.0 0.0 0.0 0.0 0.0 0.0 0.0 0.0 0.0 0.0 0.0 0.0 0.0 0.0 0.0 0.0 0.0 0.0 0.0 0.0 0.0 0.0 0.0 0.0 0.0 0.0 0.0 0.0 0.0 0.0 0.0 0.0 0.0 0.0 0.0 0.0 0.0 0.0 0.0 0.0 0.0
0.0 0.0 0.0 0.0 0.0 0.0 0.0 0.0 0.0 0.0 0.0 0.0 0.0 0.0 0.0 0.0 0.0 0.0 0.0 0.0 0.0 0.0 0.0 0.0 0.0 0.0 0.0 0.0 0.004616847076 0.004268675172 0.00460308447 0.005091883458 0.004078908761 0.004746793837 0.004645006942 0.0039494604 0.004533076562 0.003942402056 0.005204346049 0.004191270784 0.005481311058 0.004380205111 0.004432467127 0.004635911591 0.004471767874 0.005119586461 0.360829509805 0.00553342395 0.004623465588 0.004238846171 0.005169164314 0.004601561238 0.00399969028 0.00415798324 0.004927982041 0.004372932973 0.004257509221 0.004515141057 0.003828578532 0.004890740435 0.004039418519 0.0 0.0 0.0 0.0 0.0 0.0 0.0 0.0 0.0 0.0 0.0 0.0 0.0 0.0 0.0 0.0 0.0 0.0 0.0 0.0 0.0 0.0 0.0 0.0 0.0 0.0 0.0 0.0 0.0 0.0 0.0 0.0 0.0 0.0 0.0 0.0 0.0 0.0 0.0 0.0 0.0 0.0 0.0 0.0 0.0 0.0 0.0 0.0
0.0 0.0 0.0 0.0 0.0 0.0 0.0 0.0 0.0 0.0 0.0 0.0 0.0 0.0 0.0 0.0 0.0 0.0 0.0 0.0 0.0 0.0 0.0 0.0 0.0 0.0 0.0 0.0 0.004622244687 0.004209267 0.004606296327 0.005214145736 0.003993780784 0.004780629756 0.004659281984 0.003824523796 0.004507558423 0.003826390477 0.005352868077 0.004118792151 0.005712143208 0.004333468748 0.004408987149 0.004630744819 0.004443781696 0.005244186927 0.00553342395 0.223312816379 0.004626746106 0.004170029824 0.005305842478 0.004595123117 0.003893729344 0.004074518576 0.005001979508 0.004330040737 0.004199188867 0.004488852979 0.003696645295 0.004948551895 0.003938975474 0.0 0.0 0.0 0.0 0.0 0.0 0.0 0.0 0.0 0.0 0.0 0.0 0.0 0.0 0.0 0.0 0.0 0.0 0.0 0.0 0.0 0.0 0.0 0.0 0.0 0.0 0.0 0.0 0.0 0.0 0.0 0.0 0.0 0.0 0.0 0.0 0.0 0.0 0.0 0.0 0.0 0.0 0.0 0.0 0.0 0.0 0.0 0.0
0.0 0.0 0.0 0.0 0.0 0.0 0.0 0.0 0.0 0.0 0.0 0.0 0.0 0.0 0.0 0.0 0.0 0.0 0.0 0.0 0.0 0.0 0.0 0.0 0.0 0.0 0.0 0.0 0.00458722744 0.004554058377 0.004581067854 0.004614234231 0.004517107852 0.004597847247 0.004588927139 0.0044902812 0.004587853782 0.004496357683 0.004620124447 0.004535197299 0.00462089482 0.004572789773 0.004539900748 0.004590888931 0.004567277218 0.004609483045 0.004623465588 0.004626746106 0.186722384661 0.004548442031 0.004620355099 0.004573986501 0.004505084577 0.004528124466 0.004617291259 0.004542917401 0.004542845512 0.004585704142 0.004466536471 0.004613861259 0.004517107317 0.0 0.0 0.0 0.0 0.0 0.0 0.0 0.0 0.0 0.0 0.0 0.0 0.0 0.0 0.0 0.0 0.0 0.0 0.0 0.0 0.0 0.0 0.0 0.0 0.0 0.0 0.0 0.0 0.0 0.0 0.0 0.0 0.0 0.0 0.0 0.0 0.0 0.0 0.0 0.0 0.0 0.0 0.0 0.0 0.0 0.0 0.0 0.0
0.0 0.0 0.0 0.0 0.0 0.0 0.0 0.0 0.0 0.0 0.0 0.0 0.0 0.0 0.0 0.0 0.0 0.0 0.0 0.0 0.0 0.0 0.0 0.0 0.0 0.0 0.0 0.0 0.004516520516 0.004747217639 0.00454681129 0.004327965696 0.004796143937 0.004481743899 0.004542481269 0.00494906734 0.004598131874 0.004949673679 0.004283188344 0.004773023694 0.004180817151 0.004706561722 0.004625390252 0.004525712664 0.004631746585 0.004304446417 0.004238846171 0.004170029824 0.004548442031 0.152226612519 0.00429794356 0.004541368006 0.0048966225 0.004811993496 0.004406365062 0.004650798608 0.004748133051 0.00462753996 0.005006332337 0.004411249828 0.004916408706 0.0 0.0 0.0 0.0 0.0 0.0 0.0 0.0 0.0 0.0 0.0 0.0 0.0 0.0 0.0 0.0 0.0 0.0 0.0 0.0 0.0 0.0 0.0 0.0 0.0 0.0 0.0 0.0 0.0 0.0 0.0 0.0 0.0 0.0 0.0 0.0 0.0 0.0 0.0 0.0 0.0 0.0 0.0 0.0 0.0 0.0 0.0 0.0
0.0 0.0 0.0 0.0 0.0 0.0 0.0 0.0 0.0 0.0 0.0 0.0 0.0 0.0 0.0 0.0 0.0 0.0 0.0 0.0 0.0 0.0 0.0 0.0 0.0 0.0 0.0 0.0 0.004627744806 0.004322529041 0.004601717018 0.004989986833 0.004178550276 0.004714845488 0.004630760162 0.004039264968 0.004542313829 0.004038356276 0.005074932975 0.004256814327 0.005265549965 0.004410192804 0.004441625538 0.004630001857 0.00448239639 0.005013079087 0.005169164314 0.005305842478 0.004620355099 0.00429794356 0.277241453558 0.004590644877 0.00409380126 0.004220543758 0.004864464139 0.004404308095 0.004306715529 0.00451699954 0.003939058264 0.00483981257 0.004117635136 0.0 0.0 0.0 0.0 0.0 0.0 0.0 0.0 0.0 0.0 0.0 0.0 0.0 0.0 0.0 0.0 0.0 0.0 0.0 0.0 0.0 0.0 0.0 0.0 0.0 0.0 0.0 0.0 0.0 0.0 0.0 0.0 0.0 0.0 0.0 0.0 0.0 0.0 0.0 0.0 0.0 0.0 0.0 0.0 0.0 0.0 0.0 0.0
0.0 0.0 0.0 0.0 0.0 0.0 0.0 0.0 0.0 0.0 0.0 0.0 0.0 0.0 0.0 0.0 0.0 0.0 0.0 0.0 0.0 0.0 0.0 0.0 0.0 0.0 0.0 0.0 0.004566897387 0.00453624242 0.004570985947 0.0045901425 0.004499990174 0.004583560122 0.004572209005 0.00453094886 0.004583003088 0.004504405009 0.004592606021 0.004531704894 0.004605831342 0.004558830517 0.004573682997 0.004591751471 0.004574738871 0.004591275583 0.004601561238 0.004595123117 0.004573986501 0.004541368006 0.004590644877 0.364727074845 0.004506379237 0.004538724081 0.004586927721 0.004566165138 0.004541370807 0.004582716356 0.004485376681 0.004588992502 0.00451403557 0.0 0.0 0.0 0.0 0.0 0.0 0.0 0.0 0.0 0.0 0.0 0.0 0.0 0.0 0.0 0.0 0.0 0.0 0.0 0.0 0.0 0.0 0.0 0.0 0.0 0.0 0.0 0.0 0.0 0.0 0.0 0.0 0.0 0.0 0.0 0.0 0.0 0.0 0.0 0.0 0.0 0.0 0.0 0.0 0.0 0.0 0.0 0.0
