77 77
0.394712745457 0.01289973219 0.01274148202 0.01269033517 0.01294217335 0.0126500242 0.01272935179 0.01291903099 0.01295182441 0.01313598132 0.01298949449 0.01296566051 0.01288156487 0.01288563306 0.01284181102 0.01262825199 0.0127882224 0.01285508931 0.01284724059 0.01279886568 0.01275807115 0.0 0.0 0.0 0.0 0.0 0.0 0.0 0.0 0.0 0.0 0.0 0.0 0.0 0.0 0.0 0.0 0.0 0.0 0.0 0.0 0.0 0.0 0.0 0.0 0.0 0.0 0.0 0.0 0.0 0.0 0.0 0.0 0.0 0.0 0.0 0.0 0.0 0.0 0.0 0.0 0.0 0.0 0.0 0.0 0.0 0.0 0.0 0.0 0.0 0.0 0.0 0.0 0.0 0.0 0.0 0.0
0.01289973219 0.369419529696 0.01324259597 0.01323772923 0.01302300257 0.01314670779 0.01321745972 0.01293286616 0.01276844102 0.01247714303 0.01283023349 0.01295784458 0.01291368876 0.01263356827 0.01212770256 0.0132297983 0.01303329343 0.01297894518 0.01281139325 0.01272402631 0.01287666953 0.0 0.0 0.0 0.0 0.0 0.0 0.0 0.0 0.0 0.0 0.0 0.0 0.0 0.0 0.0 0.0 0.0 0.0 0.0 0.0 0.0 0.0 0.0 0.0 0.0 0.0 0.0 0.0 0.0 0.0 0.0 0.0 0.0 0.0 0.0 0.0 0.0 0.0 0.0 0.0 0.0 0.0 0.0 0.0 0.0 0.0 0.0 0.0 0.0 0.0 0.0 0.0 0.0 0.0 0.0 0.0
0.01274148202 0.01324259597 0.512508361267 0.01411415545 0.01318635886 0.01391873189 0.01399709535 0.01295666136 0.01247589715 0.01157592975 0.01261995508 0.01293267155 0.01292597052 0.01218925565 0.01094044051 0.01427341341 0.01341278235 0.01315225167 0.01260934996 0.0124932796 0.01288125598 0.0 0.0 0.0 0.0 0.0 0.0 0.0 0.0 0.0 0.0 0.0 0.0 0.0 0.0 0.0 0.0 0.0 0.0 0.0 0.0 0.0 0.0 0.0 0.0 0.0 0.0 0.0 0.0 0.0 0.0 0.0 0.0 0.0 0.0 0.0 0.0 0.0 0.0 0.0 0.0 0.0 0.0 0.0 0.0 0.0 0.0 0.0 0.0 0.0 0.0 0.0 0.0 0.0 0.0 0.0 0.0
0.01269033517 0.01323772923 0.01411415545 0.864846889491 0.01316750586 0.01399065369 0.01405613938 0.01293645674 0.01244733181 0.0114648366 0.01257697127 0.01289618582 0.01291526426 0.01217750587 0.01088852232 0.01430898368 0.01344734787 0.01316006249 0.01263015749 0.01252586179 0.01293250208 0.0 0.0 0.0 0.0 0.0 0.0 0.0 0.0 0.0 0.0 0.0 0.0 0.0 0.0 0.0 0.0 0.0 0.0 0.0 0.0 0.0 0.0 0.0 0.0 0.0 0.0 0.0 0.0 0.0 0.0 0.0 0.0 0.0 0.0 0.0 0.0 0.0 0.0 0.0 0.0 0.0 0.0 0.0 0.0 0.0 0.0 0.0 0.0 0.0 0.0 0.0 0.0 0.0 0.0 0.0 0.0
0.01294217335 0.01302300257 0.01318635886 0.01316750586 0.478863870685 0.01310571944 0.01315674292 0.01294413147 0.01276175917 0.01247607758 0.01284628454 0.01294549177 0.01290321733 0.01262561037 0.01207154972 0.01316356253 0.01303247897 0.01299258943 0.01278729069 0.01271629825 0.0128125246 0.0 0.0 0.0 0.0 0.0 0.0 0.0 0.0 0.0 0.0 0.0 0.0 0.0 0.0 0.0 0.0 0.0 0.0 0.0 0.0 0.0 0.0 0.0 0.0 0.0 0.0 0.0 0.0 0.0 0.0 0.0 0.0 0.0 0.0 0.0 0.0 0.0 0.0 0.0 0.0 0.0 0.0 0.0 0.0 0.0 0.0 0.0 0.0 0.0 0.0 0.0 0.0 0.0 0.0 0.0 0.0
0.0126500242 0.01314670779 0.01391873189 0.01399065369 0.01310571944 1.54676772945 0.01389133085 0.01289219804 0.01244459119 0.01145622867 0.01253240687 0.01279140181 0.01285149493 0.01224876435 0.01108431721 0.01420631191 0.01341231779 0.01314014966 0.01274022204 0.01264733802 0.01301055587 0.0 0.0 0.0 0.0 0.0 0.0 0.0 0.0 0.0 0.0 0.0 0.0 0.0 0.0 0.0 0.0 0.0 0.0 0.0 0.0 0.0 0.0 0.0 0.0 0.0 0.0 0.0 0.0 0.0 0.0 0.0 0.0 0.0 0.0 0.0 0.0 0.0 0.0 0.0 0.0 0.0 0.0 0.0 0.0 0.0 0.0 0.0 0.0 0.0 0.0 0.0 0.0 0.0 0.0 0.0 0.0
0.01272935179 0.01321745972 0.01399709535 0.01405613938 0.01315674292 0.01389133085 0.519309908416 0.01293398149 0.01247719037 0.0115685663 0.01260447154 0.01289947287 0.0129045574 0.01221745028 0.01100970294 0.0141645351 0.01340499536 0.01314625674 0.01265552351 0.01254461283 0.01292825592 0.0 0.0 0.0 0.0 0.0 0.0 0.0 0.0 0.0 0.0 0.0 0.0 0.0 0.0 0.0 0.0 0.0 0.0 0.0 0.0 0.0 0.0 0.0 0.0 0.0 0.0 0.0 0.0 0.0 0.0 0.0 0.0 0.0 0.0 0.0 0.0 0.0 0.0 0.0 0.0 0.0 0.0 0.0 0.0 0.0 0.0 0.0 0.0 0.0 0.0 0.0 0.0 0.0 0.0 0.0 0.0
0.01291903099 0.01293286616 0.01295666136 0.01293645674 0.01294413147 0.01289219804 0.01293398149 0.53485890208 0.01287252022 0.01277488444 0.01290936273 0.01294086096 0.01292060758 0.01281342201 0.01259521697 0.01291525751 0.01290956334 0.01291367062 0.01283457569 0.01282837012 0.01284372174 0.0 0.0 0.0 0.0 0.0 0.0 0.0 0.0 0.0 0.0 0.0 0.0 0.0 0.0 0.0 0.0 0.0 0.0 0.0 0.0 0.0 0.0 0.0 0.0 0.0 0.0 0.0 0.0 0.0 0.0 0.0 0.0 0.0 0.0 0.0 0.0 0.0 0.0 0.0 0.0 0.0 0.0 0.0 0.0 0.0 0.0 0.0 0.0 0.0 0.0 0.0 0.0 0.0 0.0 0.0 0.0
0.01295182441 0.01276844102 0.01247589715 0.01244733181 0.01276175917 0.01244459119 0.01247719037 0.01287252022 0.335939349115 0.01339842994 0.01302500673 0.01291759884 0.01289809713 0.01314591769 0.0135171958 0.01236583452 0.01265830337 0.01276481539 0.01292649962 0.01297593272 0.01282350167 0.0 0.0 0.0 0.0 0.0 0.0 0.0 0.0 0.0 0.0 0.0 0.0 0.0 0.0 0.0 0.0 0.0 0.0 0.0 0.0 0.0 0.0 0.0 0.0 0.0 0.0 0.0 0.0 0.0 0.0 0.0 0.0 0.0 0.0 0.0 0.0 0.0 0.0 0.0 0.0 0.0 0.0 0.0 0.0 0.0 0.0 0.0 0.0 0.0 0.0 0.0 0.0 0.0 0.0 0.0 0.0
0.01313598132 0.01247714303 0.01157592975 0.0114648366 0.01247607758 0.01145622867 0.0115685663 0.01277488444 0.01339842994 0.557825879276 0.01331086254 0.01299764278 0.0128277605 0.01364921022 0.01571236192 0.01126202568 0.01209986672 0.01240639406 0.01294066758 0.01299360213 0.01254884373 0.0 0.0 0.0 0.0 0.0 0.0 0.0 0.0 0.0 0.0 0.0 0.0 0.0 0.0 0.0 0.0 0.0 0.0 0.0 0.0 0.0 0.0 0.0 0.0 0.0 0.0 0.0 0.0 0.0 0.0 0.0 0.0 0.0 0.0 0.0 0.0 0.0 0.0 0.0 0.0 0.0 0.0 0.0 0.0 0.0 0.0 0.0 0.0 0.0 0.0 0.0 0.0 0.0 0.0 0.0 0.0
0.01298949449 0.01283023349 0.01261995508 0.01257697127 0.01284628454 0.01253240687 0.01260447154 0.01290936273 0.01302500673 0.01331086254 0.274813377678 0.0129766029 0.01291842722 0.01302504282 0.01319592945 0.01249437094 0.0127221659 0.01280400249 0.01285117126 0.01287949262 0.01276741412 0.0 0.0 0.0 0.0 0.0 0.0 0.0 0.0 0.0 0.0 0.0 0.0 0.0 0.0 0.0 0.0 0.0 0.0 0.0 0.0 0.0 0.0 0.0 0.0 0.0 0.0 0.0 0.0 0.0 0.0 0.0 0.0 0.0 0.0 0.0 0.0 0.0 0.0 0.0 0.0 0.0 0.0 0.0 0.0 0.0 0.0 0.0 0.0 0.0 0.0 0.0 0.0 0.0 0.0 0.0 0.0
0.01296566051 0.01295784458 0.01293267155 0.01289618582 0.01294549177 0.01279140181 0.01289947287 0.01294086096 0.01291759884 0.01299764278 0.0129766029 0.399342344187 0.01294041643 0.01282590104 0.01268688563 0.0128169193 0.01285839577 0.01288237955 0.0128081791 0.01277174213 0.01279278372 0.0 0.0 0.0 0.0 0.0 0.0 0.0 0.0 0.0 0.0 0.0 0.0 0.0 0.0 0.0 0.0 0.0 0.0 0.0 0.0 0.0 0.0 0.0 0.0 0.0 0.0 0.0 0.0 0.0 0.0 0.0 0.0 0.0 0.0 0.0 0.0 0.0 0.0 0.0 0.0 0.0 0.0 0.0 0.0 0.0 0.0 0.0 0.0 0.0 0.0 0.0 0.0 0.0 0.0 0.0 0.0
0.01288156487 0.01291368876 0.01292597052 0.01291526426 0.01290321733 0.01285149493 0.0129045574 0.01292060758 0.01289809713 0.0128277605 0.01291842722 0.01294041643 0.422219691071 0.0128722534 0.01274917661 0.01288109384 0.0128994679 0.01290595518 0.01283382593 0.01287026679 0.01286741447 0.0 0.0 0.0 0.0 0.0 0.0 0.0 0.0 0.0 0.0 0.0 0.0 0.0 0.0 0.0 0.0 0.0 0.0 0.0 0.0 0.0 0.0 0.0 0.0 0.0 0.0 0.0 0.0 0.0 0.0 0.0 0.0 0.0 0.0 0.0 0.0 0.0 0.0 0.0 0.0 0.0 0.0 0.0 0.0 0.0 0.0 0.0 0.0 0.0 0.0 0.0 0.0 0.0 0.0 0.0 0.0
0.01288563306 0.01263356827 0.01218925565 0.01217750587 0.01262561037 0.01224876435 0.01221745028 0.01281342201 0.01314591769 0.01364921022 0.01302504282 0.01282590104 0.0128722534 0.455236157589 0.01425151835 0.01209429632 0.01253578688 0.01268745584 0.01302819434 0.01315061124 0.01289215163 0.0 0.0 0.0 0.0 0.0 0.0 0.0 0.0 0.0 0.0 0.0 0.0 0.0 0.0 0.0 0.0 0.0 0.0 0.0 0.0 0.0 0.0 0.0 0.0 0.0 0.0 0.0 0.0 0.0 0.0 0.0 0.0 0.0 0.0 0.0 0.0 0.0 0.0 0.0 0.0 0.0 0.0 0.0 0.0 0.0 0.0 0.0 0.0 0.0 0.0 0.0 0.0 0.0 0.0 0.0 0.0
0.01284181102 0.01212770256 0.01094044051 0.01088852232 0.01207154972 0.01108431721 0.01100970294 0.01259521697 0.0135171958 0.01571236192 0.01319592945 0.01268688563 0.01274917661 0.01425151835 0.912833113092 0.01071248985 0.01183498195 0.01223317435 0.01331368499 0.01356431293 0.01290178429 0.0 0.0 0.0 0.0 0.0 0.0 0.0 0.0 0.0 0.0 0.0 0.0 0.0 0.0 0.0 0.0 0.0 0.0 0.0 0.0 0.0 0.0 0.0 0.0 0.0 0.0 0.0 0.0 0.0 0.0 0.0 0.0 0.0 0.0 0.0 0.0 0.0 0.0 0.0 0.0 0.0 0.0 0.0 0.0 0.0 0.0 0.0 0.0 0.0 0.0 0.0 0.0 0.0 0.0 0.0 0.0
0.01262825199 0.0132297983 0.01427341341 0.01430898368 0.01316356253 0.01420631191 0.0141645351 0.01291525751 0.01236583452 0.01126202568 0.01249437094 0.0128169193 0.01288109384 0.01209429632 0.01071248985 0.869445437719 0.01352640483 0.01318749884 0.01260857353 0.01251037761 0.01295070869 0.0 0.0 0.0 0.0 0.0 0.0 0.0 0.0 0.0 0.0 0.0 0.0 0.0 0.0 0.0 0.0 0.0 0.0 0.0 0.0 0.0 0.0 0.0 0.0 0.0 0.0 0.0 0.0 0.0 0.0 0.0 0.0 0.0 0.0 0.0 0.0 0.0 0.0 0.0 0.0 0.0 0.0 0.0 0.0 0.0 0.0 0.0 0.0 0.0 0.0 0.0 0.0 0.0 0.0 0.0 0.0
0.0127882224 0.01303329343 0.01341278235 0.01344734787 0.01303247897 0.01341231779 0.01340499536 0.01290956334 0.01265830337 0.01209986672 0.0127221659 0.01285839577 0.0128994679 0.01253578688 0.01183498195 0.01352640483 0.74834993989 0.01304628868 0.01276605903 0.01274899972 0.01292878921 0.0 0.0 0.0 0.0 0.0 0.0 0.0 0.0 0.0 0.0 0.0 0.0 0.0 0.0 0.0 0.0 0.0 0.0 0.0 0.0 0.0 0.0 0.0 0.0 0.0 0.0 0.0 0.0 0.0 0.0 0.0 0.0 0.0 0.0 0.0 0.0 0.0 0.0 0.0 0.0 0.0 0.0 0.0 0.0 0.0 0.0 0.0 0.0 0.0 0.0 0.0 0.0 0.0 0.0 0.0 0.0
0.01285508931 0.01297894518 0.01315225167 0.01316006249 0.01299258943 0.01314014966 0.01314625674 0.01291367062 0.01276481539 0.01240639406 0.01280400249 0.01288237955 0.01290595518 0.01268745584 0.01223317435 0.01318749884 0.01304628868 0.6625841005 0.01283019059 0.0128146012 0.01291328648 0.0 0.0 0.0 0.0 0.0 0.0 0.0 0.0 0.0 0.0 0.0 0.0 0.0 0.0 0.0 0.0 0.0 0.0 0.0 0.0 0.0 0.0 0.0 0.0 0.0 0.0 0.0 0.0 0.0 0.0 0.0 0.0 0.0 0.0 0.0 0.0 0.0 0.0 0.0 0.0 0.0 0.0 0.0 0.0 0.0 0.0 0.0 0.0 0.0 0.0 0.0 0.0 0.0 0.0 0.0 0.0
0.01284724059 0.01281139325 0.01260934996 0.01263015749 0.01278729069 0.01274022204 0.01265552351 0.01283457569 0.01292649962 0.01294066758 0.01285117126 0.0128081791 0.01283382593 0.01302819434 0.01331368499 0.01260857353 0.01276605903 0.01283019059 0.32753234548 0.01304798336 0.0130236512 0.0 0.0 0.0 0.0 0.0 0.0 0.0 0.0 0.0 0.0 0.0 0.0 0.0 0.0 0.0 0.0 0.0 0.0 0.0 0.0 0.0 0.0 0.0 0.0 0.0 0.0 0.0 0.0 0.0 0.0 0.0 0.0 0.0 0.0 0.0 0.0 0.0 0.0 0.0 0.0 0.0 0.0 0.0 0.0 0.0 0.0 0.0 0.0 0.0 0.0 0.0 0.0 0.0 0.0 0.0 0.0
0.01279886568 0.01272402631 0.0124932796 0.01252586179 0.01271629825 0.01264733802 0.01254461283 0.01282837012 0.01297593272 0.01299360213 0.01287949262 0.01277174213 0.01287026679 0.01315061124 0.01356431293 0.01251037761 0.01274899972 0.0128146012 0.01304798336 0.408092354189 0.01302577487 0.0 0.0 0.0 0.0 0.0 0.0 0.0 0.0 0.0 0.0 0.0 0.0 0.0 0.0 0.0 0.0 0.0 0.0 0.0 0.0 0.0 0.0 0.0 0.0 0.0 0.0 0.0 0.0 0.0 0.0 0.0 0.0 0.0 0.0 0.0 0.0 0.0 0.0 0.0 0.0 0.0 0.0 0.0 0.0 0.0 0.0 0.0 0.0 0.0 0.0 0.0 0.0 0.0 0.0 0.0 0.0
0.01275807115 0.01287666953 0.01288125598 0.01293250208 0.0128125246 0.01301055587 0.01292825592 0.01284372174 0.01282350167 0.01254884373 0.01276741412 0.01279278372 0.01286741447 0.01289215163 0.01290178429 0.01295070869 0.01292878921 0.01291328648 0.0130236512 0.01302577487 0.470445437918 0.0 0.0 0.0 0.0 0.0 0.0 0.0 0.0 0.0 0.0 0.0 0.0 0.0 0.0 0.0 0.0 0.0 0.0 0.0 0.0 0.0 0.0 0.0 0.0 0.0 0.0 0.0 0.0 0.0 0.0 0.0 0.0 0.0 0.0 0.0 0.0 0.0 0.0 0.0 0.0 0.0 0.0 0.0 0.0 0.0 0.0 0.0 0.0 0.0 0.0 0.0 0.0 0.0 0.0 0.0 0.0
0.0 0.0 0.0 0.0 0.0 0.0 0.0 0.0 0.0 0.0 0.0 0.0 0.0 0.0 0.0 0.0 0.0 0.0 0.0 0.0 0.0 0.512020947391 0.007620457232 0.007585604795 0.007327551501 0.007252318471 0.007181428472 0.007603296984 0.007306371407 0.007756090834 0.008187650273 0.008169406053 0.007439546627 0.007943770485 0.007939327487 0.007763925575 0.008356609225 0.007468443608 0.008176291255 0.007217090043 0.007580531563 0.007477957321 0.007741603426 0.007635520765 0.0 0.0 0.0 0.0 0.0 0.0 0.0 0.0 0.0 0.0 0.0 0.0 0.0 0.0 0.0 0.0 0.0 0.0 0.0 0.0 0.0 0.0 0.0 0.0 0.0 0.0 0.0 0.0 0.0 0.0 0.0 0.0 0.0
0.0 0.0 0.0 0.0 0.0 0.0 0.0 0.0 0.0 0.0 0.0 0.0 0.0 0.0 0.0 0.0 0.0 0.0 0.0 0.0 0.0 0.007620457232 0.36376859331 0.007713412902 0.007723166081 0.007710532585 0.007683843797 0.007687467063 0.007709202256 0.007700451263 0.007499673479 0.007531459169 0.00771186864 0.007632449116 0.007595254846 0.00765035678 0.007472290171 0.007717016612 0.007483522018 0.007712781852 0.007689555518 0.007693044795 0.007581212803 0.007659763121 0.0 0.0 0.0 0.0 0.0 0.0 0.0 0.0 0.0 0.0 0.0 0.0 0.0 0.0 0.0 0.0 0.0 0.0 0.0 0.0 0.0 0.0 0.0 0.0 0.0 0.0 0.0 0.0 0.0 0.0 0.0 0.0 0.0
0.0 0.0 0.0 0.0 0.0 0.0 0.0 0.0 0.0 0.0 0.0 0.0 0.0 0.0 0.0 0.0 0.0 0.0 0.0 0.0 0.0 0.007585604795 0.007713412902 1.09896883607 0.007783088003 0.007790161231 0.007790194441 0.007692534315 0.007762530106 0.007675619897 0.007422370073 0.007460971708 0.007742326209 0.007598566696 0.007559610218 0.007633916074 0.007362212254 0.00773005981 0.007416996095 0.007787218971 0.007696100602 0.007729124653 0.007579637318 0.007680584621 0.0 0.0 0.0 0.0 0.0 0.0 0.0 0.0 0.0 0.0 0.0 0.0 0.0 0.0 0.0 0.0 0.0 0.0 0.0 0.0 0.0 0.0 0.0 0.0 0.0 0.0 0.0 0.0 0.0 0.0 0.0 0.0 0.0
0.0 0.0 0.0 0.0 0.0 0.0 0.0 0.0 0.0 0.0 0.0 0.0 0.0 0.0 0.0 0.0 0.0 0.0 0.0 0.0 0.0 0.007327551501 0.007723166081 0.007783088003 1.40777737239 0.008524686349 0.00871867444 0.007749156637 0.008372346883 0.007567900948 0.006712692147 0.006781716302 0.008080483317 0.007333372727 0.007154368816 0.007352764092 0.006382824975 0.007983751941 0.006627784858 0.008592668585 0.007676246294 0.008021563299 0.007313990634 0.007618712489 0.0 0.0 0.0 0.0 0.0 0.0 0.0 0.0 0.0 0.0 0.0 0.0 0.0 0.0 0.0 0.0 0.0 0.0 0.0 0.0 0.0 0.0 0.0 0.0 0.0 0.0 0.0 0.0 0.0 0.0 0.0 0.0 0.0
0.0 0.0 0.0 0.0 0.0 0.0 0.0 0.0 0.0 0.0 0.0 0.0 0.0 0.0 0.0 0.0 0.0 0.0 0.0 0.0 0.0 0.007252318471 0.007710532585 0.007790161231 0.008524686349 0.606996308248 0.008964090899 0.00772327162 0.008486356951 0.007536985857 0.006528433348 0.006658859806 0.008121412942 0.007239687087 0.007065274018 0.007346057816 0.006183117228 0.008005381625 0.006510236843 0.008797161805 0.007715102955 0.008121964259 0.007235827342 0.007680844842 0.0 0.0 0.0 0.0 0.0 0.0 0.0 0.0 0.0 0.0 0.0 0.0 0.0 0.0 0.0 0.0 0.0 0.0 0.0 0.0 0.0 0.0 0.0 0.0 0.0 0.0 0.0 0.0 0.0 0.0 0.0 0.0 0.0
0.0 0.0 0.0 0.0 0.0 0.0 0.0 0.0 0.0 0.0 0.0 0.0 0.0 0.0 0.0 0.0 0.0 0.0 0.0 0.0 0.0 0.007181428472 0.007683843797 0.007790194441 0.00871867444 0.008964090899 0.430925447287 0.007729004334 0.008682091727 0.007490088748 0.006312488649 0.006457450698 0.008214413423 0.007150555497 0.006943217734 0.007254883847 0.005894312034 0.008068116276 0.006284164329 0.009069979153 0.007701392632 0.008224001361 0.007159184459 0.007673469707 0.0 0.0 0.0 0.0 0.0 0.0 0.0 0.0 0.0 0.0 0.0 0.0 0.0 0.0 0.0 0.0 0.0 0.0 0.0 0.0 0.0 0.0 0.0 0.0 0.0 0.0 0.0 0.0 0.0 0.0 0.0 0.0 0.0
0.0 0.0 0.0 0.0 0.0 0.0 0.0 0.0 0.0 0.0 0.0 0.0 0.0 0.0 0.0 0.0 0.0 0.0 0.0 0.0 0.0 0.007603296984 0.007687467063 0.007692534315 0.007749156637 0.00772327162 0.007729004334 0.337469566311 0.00773159412 0.007660953529 0.007511904694 0.007508376097 0.007724071244 0.007619319013 0.007588726576 0.007615096198 0.007456568039 0.007717392208 0.007473028208 0.007727733257 0.007668126175 0.007693076776 0.007630240697 0.007647233848 0.0 0.0 0.0 0.0 0.0 0.0 0.0 0.0 0.0 0.0 0.0 0.0 0.0 0.0 0.0 0.0 0.0 0.0 0.0 0.0 0.0 0.0 0.0 0.0 0.0 0.0 0.0 0.0 0.0 0.0 0.0 0.0 0.0
0.0 0.0 0.0 0.0 0.0 0.0 0.0 0.0 0.0 0.0 0.0 0.0 0.0 0.0 0.0 0.0 0.0 0.0 0.0 0.0 0.0 0.007306371407 0.007709202256 0.007762530106 0.008372346883 0.008486356951 0.008682091727 0.00773159412 0.448979279611 0.00755818421 0.006725090137 0.006807664264 0.008054493645 0.007311280552 0.007165185941 0.0073826157 0.006414829482 0.007970514457 0.006672765795 0.008560252506 0.007699639983 0.008018582858 0.007330072189 0.00764965536 0.0 0.0 0.0 0.0 0.0 0.0 0.0 0.0 0.0 0.0 0.0 0.0 0.0 0.0 0.0 0.0 0.0 0.0 0.0 0.0 0.0 0.0 0.0 0.0 0.0 0.0 0.0 0.0 0.0 0.0 0.0 0.0 0.0
0.0 0.0 0.0 0.0 0.0 0.0 0.0 0.0 0.0 0.0 0.0 0.0 0.0 0.0 0.0 0.0 0.0 0.0 0.0 0.0 0.0 0.007756090834 0.007700451263 0.007675619897 0.007567900948 0.007536985857 0.007490088748 0.007660953529 0.00755818421 0.579896688871 0.007737137039 0.007754303829 0.007612742352 0.007738709618 0.00772034872 0.007697719626 0.007790966016 0.00762874917 0.007728273426 0.007526206208 0.007657165944 0.007615658812 0.007637477022 0.007656694141 0.0 0.0 0.0 0.0 0.0 0.0 0.0 0.0 0.0 0.0 0.0 0.0 0.0 0.0 0.0 0.0 0.0 0.0 0.0 0.0 0.0 0.0 0.0 0.0 0.0 0.0 0.0 0.0 0.0 0.0 0.0 0.0 0.0
0.0 0.0 0.0 0.0 0.0 0.0 0.0 0.0 0.0 0.0 0.0 0.0 0.0 0.0 0.0 0.0 0.0 0.0 0.0 0.0 0.0 0.008187650273 0.007499673479 0.007422370073 0.006712692147 0.006528433348 0.006312488649 0.007511904694 0.006725090137 0.007737137039 0.161606786117 0.008925291771 0.007073438858 0.008151465329 0.008346114277 0.007956628901 0.009530718307 0.007178382933 0.009122394625 0.006448513263 0.007507626122 0.007127632464 0.008112105577 0.00758674333 0.0 0.0 0.0 0.0 0.0 0.0 0.0 0.0 0.0 0.0 0.0 0.0 0.0 0.0 0.0 0.0 0.0 0.0 0.0 0.0 0.0 0.0 0.0 0.0 0.0 0.0 0.0 0.0 0.0 0.0 0.0 0.0 0.0
0.0 0.0 0.0 0.0 0.0 0.0 0.0 0.0 0.0 0.0 0.0 0.0 0.0 0.0 0.0 0.0 0.0 0.0 0.0 0.0 0.0 0.008169406053 0.007531459169 0.007460971708 0.006781716302 0.006658859806 0.006457450698 0.007508376097 0.006807664264 0.007754303829 0.008925291771 0.285543296909 0.007118321889 0.008102437154 0.008290579882 0.007973796612 0.009345466587 0.007211470429 0.009028986382 0.006577536221 0.007545766788 0.007202042049 0.008022040847 0.007642205399 0.0 0.0 0.0 0.0 0.0 0.0 0.0 0.0 0.0 0.0 0.0 0.0 0.0 0.0 0.0 0.0 0.0 0.0 0.0 0.0 0.0 0.0 0.0 0.0 0.0 0.0 0.0 0.0 0.0 0.0 0.0 0.0 0.0
0.0 0.0 0.0 0.0 0.0 0.0 0.0 0.0 0.0 0.0 0.0 0.0 0.0 0.0 0.0 0.0 0.0 0.0 0.0 0.0 0.0 0.007439546627 0.00771186864 0.007742326209 0.008080483317 0.008121412942 0.008214413423 0.007724071244 0.008054493645 0.007612742352 0.007073438858 0.007118321889 0.600930466542 0.007452919131 0.007359475248 0.007496148747 0.006870531413 0.007862752074 0.007025848858 0.008158298524 0.00769609139 0.007871718559 0.007472288335 0.007656274234 0.0 0.0 0.0 0.0 0.0 0.0 0.0 0.0 0.0 0.0 0.0 0.0 0.0 0.0 0.0 0.0 0.0 0.0 0.0 0.0 0.0 0.0 0.0 0.0 0.0 0.0 0.0 0.0 0.0 0.0 0.0 0.0 0.0
0.0 0.0 0.0 0.0 0.0 0.0 0.0 0.0 0.0 0.0 0.0 0.0 0.0 0.0 0.0 0.0 0.0 0.0 0.0 0.0 0.0 0.007943770485 0.007632449116 0.007598566696 0.007333372727 0.007239687087 0.007150555497 0.007619319013 0.007311280552 0.007738709618 0.008151465329 0.008102437154 0.007452919131 0.969002297325 0.007913498748 0.007752457918 0.008297496553 0.007491794688 0.008103686443 0.007205938654 0.007593527761 0.007465602325 0.007769350335 0.007617947382 0.0 0.0 0.0 0.0 0.0 0.0 0.0 0.0 0.0 0.0 0.0 0.0 0.0 0.0 0.0 0.0 0.0 0.0 0.0 0.0 0.0 0.0 0.0 0.0 0.0 0.0 0.0 0.0 0.0 0.0 0.0 0.0 0.0
0.0 0.0 0.0 0.0 0.0 0.0 0.0 0.0 0.0 0.0 0.0 0.0 0.0 0.0 0.0 0.0 0.0 0.0 0.0 0.0 0.0 0.007939327487 0.007595254846 0.007559610218 0.007154368816 0.007065274018 0.006943217734 0.007588726576 0.007165185941 0.00772034872 0.008346114277 0.008290579882 0.007359475248 0.007913498748 0.332526917848 0.007838265199 0.008580694494 0.007413950499 0.008390582046 0.007015813279 0.007599908623 0.007391456276 0.007879208932 0.007649656778 0.0 0.0 0.0 0.0 0.0 0.0 0.0 0.0 0.0 0.0 0.0 0.0 0.0 0.0 0.0 0.0 0.0 0.0 0.0 0.0 0.0 0.0 0.0 0.0 0.0 0.0 0.0 0.0 0.0 0.0 0.0 0.0 0.0
0.0 0.0 0.0 0.0 0.0 0.0 0.0 0.0 0.0 0.0 0.0 0.0 0.0 0.0 0.0 0.0 0.0 0.0 0.0 0.0 0.0 0.007763925575 0.00765035678 0.007633916074 0.007352764092 0.007346057816 0.007254883847 0.007615096198 0.0073826157 0.007697719626 0.007956628901 0.007973796612 0.007496148747 0.007752457918 0.007838265199 0.873087366345 0.008088219149 0.007530760989 0.008057755502 0.007305474741 0.007673917069 0.007532176005 0.007762964064 0.007707909358 0.0 0.0 0.0 0.0 0.0 0.0 0.0 0.0 0.0 0.0 0.0 0.0 0.0 0.0 0.0 0.0 0.0 0.0 0.0 0.0 0.0 0.0 0.0 0.0 0.0 0.0 0.0 0.0 0.0 0.0 0.0 0.0 0.0
0.0 0.0 0.0 0.0 0.0 0.0 0.0 0.0 0.0 0.0 0.0 0.0 0.0 0.0 0.0 0.0 0.0 0.0 0.0 0.0 0.0 0.008356609225 0.007472290171 0.007362212254 0.006382824975 0.006183117228 0.005894312034 0.007456568039 0.006414829482 0.007790966016 0.009530718307 0.009345466587 0.006870531413 0.008297496553 0.008580694494 0.008088219149 0.454903339939 0.007011669135 0.009668339627 0.006070152145 0.007478937472 0.006975351776 0.008227962324 0.007597761835 0.0 0.0 0.0 0.0 0.0 0.0 0.0 0.0 0.0 0.0 0.0 0.0 0.0 0.0 0.0 0.0 0.0 0.0 0.0 0.0 0.0 0.0 0.0 0.0 0.0 0.0 0.0 0.0 0.0 0.0 0.0 0.0 0.0
0.0 0.0 0.0 0.0 0.0 0.0 0.0 0.0 0.0 0.0 0.0 0.0 0.0 0.0 0.0 0.0 0.0 0.0 0.0 0.0 0.0 0.007468443608 0.007717016612 0.00773005981 0.007983751941 0.008005381625 0.008068116276 0.007717392208 0.007970514457 0.00762874917 0.007178382933 0.007211470429 0.007862752074 0.007491794688 0.007413950499 0.007530760989 0.007011669135 0.455611312598 0.007126746269 0.008036942138 0.007694370712 0.007816675145 0.007508344608 0.007648190045 0.0 0.0 0.0 0.0 0.0 0.0 0.0 0.0 0.0 0.0 0.0 0.0 0.0 0.0 0.0 0.0 0.0 0.0 0.0 0.0 0.0 0.0 0.0 0.0 0.0 0.0 0.0 0.0 0.0 0.0 0.0 0.0 0.0
0.0 0.0 0.0 0.0 0.0 0.0 0.0 0.0 0.0 0.0 0.0 0.0 0.0 0.0 0.0 0.0 0.0 0.0 0.0 0.0 0.0 0.008176291255 0.007483522018 0.007416996095 0.006627784858 0.006510236843 0.006284164329 0.007473028208 0.006672765795 0.007728273426 0.009122394625 0.009028986382 0.007025848858 0.008103686443 0.008390582046 0.008057755502 0.009668339627 0.007126746269 0.283574841893 0.006407983174 0.007546240533 0.007135724237 0.008136674119 0.007676299179 0.0 0.0 0.0 0.0 0.0 0.0 0.0 0.0 0.0 0.0 0.0 0.0 0.0 0.0 0.0 0.0 0.0 0.0 0.0 0.0 0.0 0.0 0.0 0.0 0.0 0.0 0.0 0.0 0.0 0.0 0.0 0.0 0.0
0.0 0.0 0.0 0.0 0.0 0.0 0.0 0.0 0.0 0.0 0.0 0.0 0.0 0.0 0.0 0.0 0.0 0.0 0.0 0.0 0.0 0.007217090043 0.007712781852 0.007787218971 0.008592668585 0.008797161805 0.009069979153 0.007727733257 0.008560252506 0.007526206208 0.006448513263 0.006577536221 0.008158298524 0.007205938654 0.007015813279 0.007305474741 0.006070152145 0.008036942138 0.006407983174 0.766312914143 0.007710158736 0.008150781223 0.007199196382 0.007661681701 0.0 0.0 0.0 0.0 0.0 0.0 0.0 0.0 0.0 0.0 0.0 0.0 0.0 0.0 0.0 0.0 0.0 0.0 0.0 0.0 0.0 0.0 0.0 0.0 0.0 0.0 0.0 0.0 0.0 0.0 0.0 0.0 0.0
0.0 0.0 0.0 0.0 0.0 0.0 0.0 0.0 0.0 0.0 0.0 0.0 0.0 0.0 0.0 0.0 0.0 0.0 0.0 0.0 0.0 0.007580531563 0.007689555518 0.007696100602 0.007676246294 0.007715102955 0.007701392632 0.007668126175 0.007699639983 0.007657165944 0.007507626122 0.007545766788 0.00769609139 0.007593527761 0.007599908623 0.007673917069 0.007478937472 0.007694370712 0.007546240533 0.007710158736 0.548106463025 0.007698057916 0.007628427387 0.00769864053 0.0 0.0 0.0 0.0 0.0 0.0 0.0 0.0 0.0 0.0 0.0 0.0 0.0 0.0 0.0 0.0 0.0 0.0 0.0 0.0 0.0 0.0 0.0 0.0 0.0 0.0 0.0 0.0 0.0 0.0 0.0 0.0 0.0
0.0 0.0 0.0 0.0 0.0 0.0 0.0 0.0 0.0 0.0 0.0 0.0 0.0 0.0 0.0 0.0 0.0 0.0 0.0 0.0 0.0 0.007477957321 0.007693044795 0.007729124653 0.008021563299 0.008121964259 0.008224001361 0.007693076776 0.008018582858 0.007615658812 0.007127632464 0.007202042049 0.007871718559 0.007465602325 0.007391456276 0.007532176005 0.006975351776 0.007816675145 0.007135724237 0.008150781223 0.007698057916 0.476401443095 0.007466630351 0.007688702085 0.0 0.0 0.0 0.0 0.0 0.0 0.0 0.0 0.0 0.0 0.0 0.0 0.0 0.0 0.0 0.0 0.0 0.0 0.0 0.0 0.0 0.0 0.0 0.0 0.0 0.0 0.0 0.0 0.0 0.0 0.0 0.0 0.0
0.0 0.0 0.0 0.0 0.0 0.0 0.0 0.0 0.0 0.0 0.0 0.0 0.0 0.0 0.0 0.0 0.0 0.0 0.0 0.0 0.0 0.007741603426 0.007581212803 0.007579637318 0.007313990634 0.007235827342 0.007159184459 0.007630240697 0.007330072189 0.007637477022 0.008112105577 0.008022040847 0.007472288335 0.007769350335 0.007879208932 0.007762964064 0.008227962324 0.007508344608 0.008136674119 0.007199196382 0.007628427387 0.007466630351 0.791086153144 0.007656417809 0.0 0.0 0.0 0.0 0.0 0.0 0.0 0.0 0.0 0.0 0.0 0.0 0.0 0.0 0.0 0.0 0.0 0.0 0.0 0.0 0.0 0.0 0.0 0.0 0.0 0.0 0.0 0.0 0.0 0.0 0.0 0.0 0.0
0.0 0.0 0.0 0.0 0.0 0.0 0.0 0.0 0.0 0.0 0.0 0.0 0.0 0.0 0.0 0.0 0.0 0.0 0.0 0.0 0.0 0.007635520765 0.007659763121 0.007680584621 0.007618712489 0.007680844842 0.007673469707 0.007647233848 0.00764965536 0.007656694141 0.00758674333 0.007642205399 0.007656274234 0.007617947382 0.007649656778 0.007707909358 0.007597761835 0.007648190045 0.007676299179 0.007661681701 0.00769864053 0.007688702085 0.007656417809 0.668023828113 0.0 0.0 0.0 0.0 0.0 0.0 0.0 0.0 0.0 0.0 0.0 0.0 0.0 0.0 0.0 0.0 0.0 0.0 0.0 0.0 0.0 0.0 0.0 0.0 0.0 0.0 0.0 0.0 0.0 0.0 0.0 0.0 0.0
0.0 0.0 0.0 0.0 0.0 0.0 0.0 0.0 0.0 0.0 0.0 0.0 0.0 0.0 0.0 0.0 0.0 0.0 0.0 0.0 0.0 0.0 0.0 0.0 0.0 0.0 0.0 0.0 0.0 0.0 0.0 0.0 0.0 0.0 0.0 0.0 0.0 0.0 0.0 0.0 0.0 0.0 0.0 0.0 0.177279631597 0.004315344536 0.00421376446 0.004099985603 0.004214814776 0.004091400917 0.00424012375 0.004181468796 0.004149551598 0.004303075231 0.004379301131 0.004068599736 0.004315875072 0.004235365785 0.004210489627 0.004250690391 0.004144092179 0.00423647454 0.004208808027 0.004204837532 0.004064691191 0.004194744591 0.004150037844 0.0 0.0 0.0 0.0 0.0 0.0 0.0 0.0 0.0 0.0
0.0 0.0 0.0 0.0 0.0 0.0 0.0 0.0 0.0 0.0 0.0 0.0 0.0 0.0 0.0 0.0 0.0 0.0 0.0 0.0 0.0 0.0 0.0 0.0 0.0 0.0 0.0 0.0 0.0 0.0 0.0 0.0 0.0 0.0 0.0 0.0 0.0 0.0 0.0 0.0 0.0 0.0 0.0 0.0 0.004315344536 0.125132792351 0.00423732682 0.003876941466 0.004143485481 0.003888079367 0.004364502257 0.00422134772 0.004030644095 0.00449574104 0.004582045428 0.0038668674 0.004296337978 0.004186704038 0.00432160831 0.004441826979 0.004075668744 0.004277949182 0.004156398224 0.004210078788 0.003810995896 0.004339247472 0.004133033749 0.0 0.0 0.0 0.0 0.0 0.0 0.0 0.0 0.0 0.0
0.0 0.0 0.0 0.0 0.0 0.0 0.0 0.0 0.0 0.0 0.0 0.0 0.0 0.0 0.0 0.0 0.0 0.0 0.0 0.0 0.0 0.0 0.0 0.0 0.0 0.0 0.0 0.0 0.0 0.0 0.0 0.0 0.0 0.0 0.0 0.0 0.0 0.0 0.0 0.0 0.0 0.0 0.0 0.0 0.00421376446 0.00423732682 0.156789865467 0.004101697325 0.004194083044 0.004099487065 0.004232296356 0.004189105288 0.004144217795 0.004230325372 0.004240126092 0.004095545672 0.004210526612 0.004185959297 0.004226029085 0.004216235775 0.004163172082 0.004212949323 0.00417190947 0.004190527102 0.004074535113 0.004212426762 0.004156251101 0.0 0.0 0.0 0.0 0.0 0.0 0.0 0.0 0.0 0.0
0.0 0.0 0.0 0.0 0.0 0.0 0.0 0.0 0.0 0.0 0.0 0.0 0.0 0.0 0.0 0.0 0.0 0.0 0.0 0.0 0.0 0.0 0.0 0.0 0.0 0.0 0.0 0.0 0.0 0.0 0.0 0.0 0.0 0.0 0.0 0.0 0.0 0.0 0.0 0.0 0.0 0.0 0.0 0.0 0.004099985603 0.003876941466 0.004101697325 0.419201809814 0.004262787551 0.004665111343 0.003884368815 0.004093098577 0.004418207207 0.003756738762 0.003670714419 0.004708446932 0.004096654518 0.004166667184 0.003954372229 0.003758704002 0.004340498525 0.004054720771 0.00419281942 0.004093668822 0.004813980766 0.003891456776 0.004129706465 0.0 0.0 0.0 0.0 0.0 0.0 0.0 0.0 0.0 0.0
0.0 0.0 0.0 0.0 0.0 0.0 0.0 0.0 0.0 0.0 0.0 0.0 0.0 0.0 0.0 0.0 0.0 0.0 0.0 0.0 0.0 0.0 0.0 0.0 0.0 0.0 0.0 0.0 0.0 0.0 0.0 0.0 0.0 0.0 0.0 0.0 0.0 0.0 0.0 0.0 0.0 0.0 0.0 0.0 0.004214814776 0.004143485481 0.004194083044 0.004262787551 0.404313206529 0.004254524185 0.004126250715 0.004166427103 0.004231887626 0.004120784517 0.004103466727 0.004252161146 0.004194829285 0.004218610692 0.004141246738 0.004081052522 0.004223431717 0.004180465212 0.004208835126 0.00417417916 0.004259470745 0.004138328626 0.004184225328 0.0 0.0 0.0 0.0 0.0 0.0 0.0 0.0 0.0 0.0
0.0 0.0 0.0 0.0 0.0 0.0 0.0 0.0 0.0 0.0 0.0 0.0 0.0 0.0 0.0 0.0 0.0 0.0 0.0 0.0 0.0 0.0 0.0 0.0 0.0 0.0 0.0 0.0 0.0 0.0 0.0 0.0 0.0 0.0 0.0 0.0 0.0 0.0 0.0 0.0 0.0 0.0 0.0 0.0 0.004091400917 0.003888079367 0.004099487065 0.004665111343 0.004254524185 0.298665811894 0.003911931249 0.004107149153 0.004387602181 0.003797180482 0.00370696343 0.004629165676 0.004090100714 0.004177981427 0.003975660472 0.003800081642 0.004319580152 0.004065824443 0.004203501182 0.004116434427 0.004715594 0.003939527918 0.004172532971 0.0 0.0 0.0 0.0 0.0 0.0 0.0 0.0 0.0 0.0
0.0 0.0 0.0 0.0 0.0 0.0 0.0 0.0 0.0 0.0 0.0 0.0 0.0 0.0 0.0 0.0 0.0 0.0 0.0 0.0 0.0 0.0 0.0 0.0 0.0 0.0 0.0 0.0 0.0 0.0 0.0 0.0 0.0 0.0 0.0 0.0 0.0 0.0 0.0 0.0 0.0 0.0 0.0 0.0 0.00424012375 0.004364502257 0.004232296356 0.003884368815 0.004126250715 0.003911931249 0.18626927361 0.004209053331 0.004036880989 0.004437173046 0.004507946462 0.003898635667 0.004235561125 0.004162162749 0.004306880217 0.004452654584 0.004068002429 0.004229537234 0.004146857436 0.004208412152 0.003852380261 0.004308662154 0.004169716916 0.0 0.0 0.0 0.0 0.0 0.0 0.0 0.0 0.0 0.0
0.0 0.0 0.0 0.0 0.0 0.0 0.0 0.0 0.0 0.0 0.0 0.0 0.0 0.0 0.0 0.0 0.0 0.0 0.0 0.0 0.0 0.0 0.0 0.0 0.0 0.0 0.0 0.0 0.0 0.0 0.0 0.0 0.0 0.0 0.0 0.0 0.0 0.0 0.0 0.0 0.0 0.0 0.0 0.0 0.004181468796 0.00422134772 0.004189105288 0.004093098577 0.004166427103 0.004107149153 0.004209053331 0.344256513243 0.004139440501 0.004242268991 0.00424400761 0.004098644485 0.004189087351 0.00417972414 0.004212599122 0.004228437049 0.004156976549 0.004200655803 0.004174629435 0.004190153473 0.004082493672 0.004226130116 0.004178336619 0.0 0.0 0.0 0.0 0.0 0.0 0.0 0.0 0.0 0.0
0.0 0.0 0.0 0.0 0.0 0.0 0.0 0.0 0.0 0.0 0.0 0.0 0.0 0.0 0.0 0.0 0.0 0.0 0.0 0.0 0.0 0.0 0.0 0.0 0.0 0.0 0.0 0.0 0.0 0.0 0.0 0.0 0.0 0.0 0.0 0.0 0.0 0.0 0.0 0.0 0.0 0.0 0.0 0.0 0.004149551598 0.004030644095 0.004144217795 0.004418207207 0.004231887626 0.004387602181 0.004036880989 0.004139440501 0.147781857079 0.003965253836 0.003929973434 0.004405324652 0.00414850985 0.004185797717 0.004065525261 0.003972212002 0.004260518259 0.004120722614 0.004200718798 0.004144700062 0.004444536878 0.004031340774 0.004170901674 0.0 0.0 0.0 0.0 0.0 0.0 0.0 0.0 0.0 0.0
0.0 0.0 0.0 0.0 0.0 0.0 0.0 0.0 0.0 0.0 0.0 0.0 0.0 0.0 0.0 0.0 0.0 0.0 0.0 0.0 0.0 0.0 0.0 0.0 0.0 0.0 0.0 0.0 0.0 0.0 0.0 0.0 0.0 0.0 0.0 0.0 0.0 0.0 0.0 0.0 0.0 0.0 0.0 0.0 0.004303075231 0.00449574104 0.004230325372 0.003756738762 0.004120784517 0.003797180482 0.004437173046 0.004242268991 0.003965253836 0.182276621899 0.00473297036 0.003769051607 0.004280448974 0.004199814461 0.004366816411 0.004562545454 0.004031466519 0.00429970481 0.004154931649 0.004229064086 0.003690868927 0.004447229485 0.004182496687 0.0 0.0 0.0 0.0 0.0 0.0 0.0 0.0 0.0 0.0
0.0 0.0 0.0 0.0 0.0 0.0 0.0 0.0 0.0 0.0 0.0 0.0 0.0 0.0 0.0 0.0 0.0 0.0 0.0 0.0 0.0 0.0 0.0 0.0 0.0 0.0 0.0 0.0 0.0 0.0 0.0 0.0 0.0 0.0 0.0 0.0 0.0 0.0 0.0 0.0 0.0 0.0 0.0 0.0 0.004379301131 0.004582045428 0.004240126092 0.003670714419 0.004103466727 0.00370696343 0.004507946462 0.00424400761 0.003929973434 0.00473297036 0.220153257768 0.003674236533 0.004338617454 0.004202262433 0.004395945643 0.004684092618 0.003990228084 0.004310165505 0.004150312386 0.004225720641 0.003591489552 0.004458400486 0.004165985552 0.0 0.0 0.0 0.0 0.0 0.0 0.0 0.0 0.0 0.0
0.0 0.0 0.0 0.0 0.0 0.0 0.0 0.0 0.0 0.0 0.0 0.0 0.0 0.0 0.0 0.0 0.0 0.0 0.0 0.0 0.0 0.0 0.0 0.0 0.0 0.0 0.0 0.0 0.0 0.0 0.0 0.0 0.0 0.0 0.0 0.0 0.0 0.0 0.0 0.0 0.0 0.0 0.0 0.0 0.004068599736 0.0038668674 0.004095545672 0.004708446932 0.004252161146 0.004629165676 0.003898635667 0.004098644485 0.004405324652 0.003769051607 0.003674236533 0.772898578382 0.004071240818 0.004165410853 0.003961053754 0.003777362135 0.004333049718 0.00405259147 0.004193330531 0.004100399548 0.004759678636 0.003922265213 0.004162499727 0.0 0.0 0.0 0.0 0.0 0.0 0.0 0.0 0.0 0.0
0.0 0.0 0.0 0.0 0.0 0.0 0.0 0.0 0.0 0.0 0.0 0.0 0.0 0.0 0.0 0.0 0.0 0.0 0.0 0.0 0.0 0.0 0.0 0.0 0.0 0.0 0.0 0.0 0.0 0.0 0.0 0.0 0.0 0.0 0.0 0.0 0.0 0.0 0.0 0.0 0.0 0.0 0.0 0.0 0.004315875072 0.004296337978 0.004210526612 0.004096654518 0.004194829285 0.004090100714 0.004235561125 0.004189087351 0.00414850985 0.004280448974 0.004338617454 0.004071240818 0.203435559881 0.004219161833 0.004217705373 0.004232101832 0.00414983911 0.004233703261 0.004199960026 0.004205868893 0.004066192343 0.00419619034 0.004145307589 0.0 0.0 0.0 0.0 0.0 0.0 0.0 0.0 0.0 0.0
0.0 0.0 0.0 0.0 0.0 0.0 0.0 0.0 0.0 0.0 0.0 0.0 0.0 0.0 0.0 0.0 0.0 0.0 0.0 0.0 0.0 0.0 0.0 0.0 0.0 0.0 0.0 0.0 0.0 0.0 0.0 0.0 0.0 0.0 0.0 0.0 0.0 0.0 0.0 0.0 0.0 0.0 0.0 0.0 0.004235365785 0.004186704038 0.004185959297 0.004166667184 0.004218610692 0.004177981427 0.004162162749 0.00417972414 0.004185797717 0.004199814461 0.004202262433 0.004165410853 0.004219161833 0.225744089478 0.004167561384 0.00415909016 0.004181353595 0.004202852035 0.004223515724 0.004209902357 0.004171153514 0.004186512562 0.004215519678 0.0 0.0 0.0 0.0 0.0 0.0 0.0 0.0 0.0 0.0
0.0 0.0 0.0 0.0 0.0 0.0 0.0 0.0 0.0 0.0 0.0 0.0 0.0 0.0 0.0 0.0 0.0 0.0 0.0 0.0 0.0 0.0 0.0 0.0 0.0 0.0 0.0 0.0 0.0 0.0 0.0 0.0 0.0 0.0 0.0 0.0 0.0 0.0 0.0 0.0 0.0 0.0 0.0 0.0 0.004210489627 0.00432160831 0.004226029085 0.003954372229 0.004141246738 0.003975660472 0.004306880217 0.004212599122 0.004065525261 0.004366816411 0.004395945643 0.003961053754 0.004217705373 0.004167561384 0.252664406016 0.004345268984 0.00411044468 0.004247971291 0.004150802807 0.004205744893 0.003916660691 0.004320022706 0.004161103388 0.0 0.0 0.0 0.0 0.0 0.0 0.0 0.0 0.0 0.0
0.0 0.0 0.0 0.0 0.0 0.0 0.0 0.0 0.0 0.0 0.0 0.0 0.0 0.0 0.0 0.0 0.0 0.0 0.0 0.0 0.0 0.0 0.0 0.0 0.0 0.0 0.0 0.0 0.0 0.0 0.0 0.0 0.0 0.0 0.0 0.0 0.0 0.0 0.0 0.0 0.0 0.0 0.0 0.0 0.004250690391 0.004441826979 0.004216235775 0.003758704002 0.004081052522 0.003800081642 0.004452654584 0.004228437049 0.003972212002 0.004562545454 0.004684092618 0.003777362135 0.004232101832 0.00415909016 0.004345268984 0.298587255669 0.004016503085 0.004239225367 0.004134331254 0.00421531001 0.003720101062 0.004386337908 0.004194939166 0.0 0.0 0.0 0.0 0.0 0.0 0.0 0.0 0.0 0.0
0.0 0.0 0.0 0.0 0.0 0.0 0.0 0.0 0.0 0.0 0.0 0.0 0.0 0.0 0.0 0.0 0.0 0.0 0.0 0.0 0.0 0.0 0.0 0.0 0.0 0.0 0.0 0.0 0.0 0.0 0.0 0.0 0.0 0.0 0.0 0.0 0.0 0.0 0.0 0.0 0.0 0.0 0.0 0.0 0.004144092179 0.004075668744 0.004163172082 0.004340498525 0.004223431717 0.004319580152 0.004068002429 0.004156976549 0.004260518259 0.004031466519 0.003990228084 0.004333049718 0.00414983911 0.004181353595 0.00411044468 0.004016503085 0.229618290837 0.004151957245 0.004190585362 0.00415269932 0.004347648317 0.004097213403 0.004167025492 0.0 0.0 0.0 0.0 0.0 0.0 0.0 0.0 0.0 0.0
0.0 0.0 0.0 0.0 0.0 0.0 0.0 0.0 0.0 0.0 0.0 0.0 0.0 0.0 0.0 0.0 0.0 0.0 0.0 0.0 0.0 0.0 0.0 0.0 0.0 0.0 0.0 0.0 0.0 0.0 0.0 0.0 0.0 0.0 0.0 0.0 0.0 0.0 0.0 0.0 0.0 0.0 0.0 0.0 0.00423647454 0.004277949182 0.004212949323 0.004054720771 0.004180465212 0.004065824443 0.004229537234 0.004200655803 0.004120722614 0.00429970481 0.004310165505 0.00405259147 0.004233703261 0.004202852035 0.004247971291 0.004239225367 0.004151957245 0.18900162776 0.004184157537 0.004204897286 0.004021705977 0.004273696357 0.004167672077 0.0 0.0 0.0 0.0 0.0 0.0 0.0 0.0 0.0 0.0
0.0 0.0 0.0 0.0 0.0 0.0 0.0 0.0 0.0 0.0 0.0 0.0 0.0 0.0 0.0 0.0 0.0 0.0 0.0 0.0 0.0 0.0 0.0 0.0 0.0 0.0 0.0 0.0 0.0 0.0 0.0 0.0 0.0 0.0 0.0 0.0 0.0 0.0 0.0 0.0 0.0 0.0 0.0 0.0 0.004208808027 0.004156398224 0.00417190947 0.00419281942 0.004208835126 0.004203501182 0.004146857436 0.004174629435 0.004200718798 0.004154931649 0.004150312386 0.004193330531 0.004199960026 0.004223515724 0.004150802807 0.004134331254 0.004190585362 0.004184157537 0.260657519524 0.004199506738 0.004205805235 0.004158617166 0.004211203818 0.0 0.0 0.0 0.0 0.0 0.0 0.0 0.0 0.0 0.0
0.0 0.0 0.0 0.0 0.0 0.0 0.0 0.0 0.0 0.0 0.0 0.0 0.0 0.0 0.0 0.0 0.0 0.0 0.0 0.0 0.0 0.0 0.0 0.0 0.0 0.0 0.0 0.0 0.0 0.0 0.0 0.0 0.0 0.0 0.0 0.0 0.0 0.0 0.0 0.0 0.0 0.0 0.0 0.0 0.004204837532 0.004210078788 0.004190527102 0.004093668822 0.00417417916 0.004116434427 0.004208412152 0.004190153473 0.004144700062 0.004229064086 0.004225720641 0.004100399548 0.004205868893 0.004209902357 0.004205744893 0.00421531001 0.00415269932 0.004204897286 0.004199506738 0.388568660734 0.004099799452 0.004222608587 0.00421225642 0.0 0.0 0.0 0.0 0.0 0.0 0.0 0.0 0.0 0.0
0.0 0.0 0.0 0.0 0.0 0.0 0.0 0.0 0.0 0.0 0.0 0.0 0.0 0.0 0.0 0.0 0.0 0.0 0.0 0.0 0.0 0.0 0.0 0.0 0.0 0.0 0.0 0.0 0.0 0.0 0.0 0.0 0.0 0.0 0.0 0.0 0.0 0.0 0.0 0.0 0.0 0.0 0.0 0.0 0.004064691191 0.003810995896 0.004074535113 0.004813980766 0.004259470745 0.004715594 0.003852380261 0.004082493672 0.004444536878 0.003690868927 0.003591489552 0.004759678636 0.004066192343 0.004171153514 0.003916660691 0.003720101062 0.004347648317 0.004021705977 0.004205805235 0.004099799452 0.740398453919 0.003860116791 0.004175838744 0.0 0.0 0.0 0.0 0.0 0.0 0.0 0.0 0.0 0.0
0.0 0.0 0.0 0.0 0.0 0.0 0.0 0.0 0.0 0.0 0.0 0.0 0.0 0.0 0.0 0.0 0.0 0.0 0.0 0.0 0.0 0.0 0.0 0.0 0.0 0.0 0.0 0.0 0.0 0.0 0.0 0.0 0.0 0.0 0.0 0.0 0.0 0.0 0.0 0.0 0.0 0.0 0.0 0.0 0.004194744591 0.004339247472 0.004212426762 0.003891456776 0.004138328626 0.003939527918 0.004308662154 0.004226130116 0.004031340774 0.004447229485 0.004458400486 0.003922265213 0.00419619034 0.004186512562 0.004320022706 0.004386337908 0.004097213403 0.004273696357 0.004158617166 0.004222608587 0.003860116791 0.296297054454 0.004216563691 0.0 0.0 0.0 0.0 0.0 0.0 0.0 0.0 0.0 0.0
0.0 0.0 0.0 0.0 0.0 0.0 0.0 0.0 0.0 0.0 0.0 0.0 0.0 0.0 0.0 0.0 0.0 0.0 0.0 0.0 0.0 0.0 0.0 0.0 0.0 0.0 0.0 0.0 0.0 0.0 0.0 0.0 0.0 0.0 0.0 0.0 0.0 0.0 0.0 0.0 0.0 0.0 0.0 0.0 0.004150037844 0.004133033749 0.004156251101 0.004129706465 0.004184225328 0.004172532971 0.004169716916 0.004178336619 0.004170901674 0.004182496687 0.004165985552 0.004162499727 0.004145307589 0.004215519678 0.004161103388 0.004194939166 0.004167025492 0.004167672077 0.004211203818 0.00421225642 0.004175838744 0.004216563691 0.386491206912 0.0 0.0 0.0 0.0 0.0 0.0 0.0 0.0 0.0 0.0
0.0 0.0 0.0 0.0 0.0 0.0 0.0 0.0 0.0 0.0 0.0 0.0 0.0 0.0 0.0 0.0 0.0 0.0 0.0 0.0 0.0 0.0 0.0 0.0 0.0 0.0 0.0 0.0 0.0 0.0 0.0 0.0 0.0 0.0 0.0 0.0 0.0 0.0 0.0 0.0 0.0 0.0 0.0 0.0 0.0 0.0 0.0 0.0 0.0 0.0 0.0 0.0 0.0 0.0 0.0 0.0 0.0 0.0 0.0 0.0 0.0 0.0 0.0 0.0 0.0 0.0 0.0 0.432054755377 0.0156902776 0.01587354712 0.01608995209 0.01579162245 0.01581736351 0.01603663416 0.01561363598 0.01559179018 0.01588803974
0.0 0.0 0.0 0.0 0.0 0.0 0.0 0.0 0.0 0.0 0.0 0.0 0.0 0.0 0.0 0.0 0.0 0.0 0.0 0.0 0.0 0.0 0.0 0.0 0.0 0.0 0.0 0.0 0.0 0.0 0.0 0.0 0.0 0.0 0.0 0.0 0.0 0.0 0.0 0.0 0.0 0.0 0.0 0.0 0.0 0.0 0.0 0.0 0.0 0.0 0.0 0.0 0.0 0.0 0.0 0.0 0.0 0.0 0.0 0.0 0.0 0.0 0.0 0.0 0.0 0.0 0.0 0.0156902776 0.916689068103 0.01556096022 0.01467860006 0.01601086682 0.01587910859 0.01456053916 0.01671820073 0.01683223889 0.01544096797
0.0 0.0 0.0 0.0 0.0 0.0 0.0 0.0 0.0 0.0 0.0 0.0 0.0 0.0 0.0 0.0 0.0 0.0 0.0 0.0 0.0 0.0 0.0 0.0 0.0 0.0 0.0 0.0 0.0 0.0 0.0 0.0 0.0 0.0 0.0 0.0 0.0 0.0 0.0 0.0 0.0 0.0 0.0 0.0 0.0 0.0 0.0 0.0 0.0 0.0 0.0 0.0 0.0 0.0 0.0 0.0 0.0 0.0 0.0 0.0 0.0 0.0 0.0 0.0 0.0 0.0 0.0 0.01587354712 0.01556096022 0.357857777916 0.01651148632 0.01568434756 0.01578027326 0.01665001822 0.01518739944 0.01514383 0.01608704115
0.0 0.0 0.0 0.0 0.0 0.0 0.0 0.0 0.0 0.0 0.0 0.0 0.0 0.0 0.0 0.0 0.0 0.0 0.0 0.0 0.0 0.0 0.0 0.0 0.0 0.0 0.0 0.0 0.0 0.0 0.0 0.0 0.0 0.0 0.0 0.0 0.0 0.0 0.0 0.0 0.0 0.0 0.0 0.0 0.0 0.0 0.0 0.0 0.0 0.0 0.0 0.0 0.0 0.0 0.0 0.0 0.0 0.0 0.0 0.0 0.0 0.0 0.0 0.0 0.0 0.0 0.0 0.01608995209 0.01467860006 0.01651148632 0.29473079978 0.01516214256 0.01555452998 0.02014387601 0.01337892032 0.01319043306 0.01688856473
0.0 0.0 0.0 0.0 0.0 0.0 0.0 0.0 0.0 0.0 0.0 0.0 0.0 0.0 0.0 0.0 0.0 0.0 0.0 0.0 0.0 0.0 0.0 0.0 0.0 0.0 0.0 0.0 0.0 0.0 0.0 0.0 0.0 0.0 0.0 0.0 0.0 0.0 0.0 0.0 0.0 0.0 0.0 0.0 0.0 0.0 0.0 0.0 0.0 0.0 0.0 0.0 0.0 0.0 0.0 0.0 0.0 0.0 0.0 0.0 0.0 0.0 0.0 0.0 0.0 0.0 0.0 0.01579162245 0.01601086682 0.01568434756 0.01516214256 0.515871604945 0.01589305476 0.01497206049 0.01626483662 0.01629184949 0.01560823677
0.0 0.0 0.0 0.0 0.0 0.0 0.0 0.0 0.0 0.0 0.0 0.0 0.0 0.0 0.0 0.0 0.0 0.0 0.0 0.0 0.0 0.0 0.0 0.0 0.0 0.0 0.0 0.0 0.0 0.0 0.0 0.0 0.0 0.0 0.0 0.0 0.0 0.0 0.0 0.0 0.0 0.0 0.0 0.0 0.0 0.0 0.0 0.0 0.0 0.0 0.0 0.0 0.0 0.0 0.0 0.0 0.0 0.0 0.0 0.0 0.0 0.0 0.0 0.0 0.0 0.0 0.0 0.01581736351 0.01587910859 0.01578027326 0.01555452998 0.01589305476 0.703361576994 0.01546677119 0.01594827619 0.01595929188 0.01574311352
0.0 0.0 0.0 0.0 0.0 0.0 0.0 0.0 0.0 0.0 0.0 0.0 0.0 0.0 0.0 0.0 0.0 0.0 0.0 0.0 0.0 0.0 0.0 0.0 0.0 0.0 0.0 0.0 0.0 0.0 0.0 0.0 0.0 0.0 0.0 0.0 0.0 0.0 0.0 0.0 0.0 0.0 0.0 0.0 0.0 0.0 0.0 0.0 0.0 0.0 0.0 0.0 0.0 0.0 0.0 0.0 0.0 0.0 0.0 0.0 0.0 0.0 0.0 0.0 0.0 0.0 0.0 0.01603663416 0.01456053916 0.01665001822 0.02014387601 0.01497206049 0.01546677119 0.17430366624 0.01294888593 0.01276166636 0.01713445175
0.0 0.0 0.0 0.0 0.0 0.0 0.0 0.0 0.0 0.0 0.0 0.0 0.0 0.0 0.0 0.0 0.0 0.0 0.0 0.0 0.0 0.0 0.0 0.0 0.0 0.0 0.0 0.0 0.0 0.0 0.0 0.0 0.0 0.0 0.0 0.0 0.0 0.0 0.0 0.0 0.0 0.0 0.0 0.0 0.0 0.0 0.0 0.0 0.0 0.0 0.0 0.0 0.0 0.0 0.0 0.0 0.0 0.0 0.0 0.0 0.0 0.0 0.0 0.0 0.0 0.0 0.0 0.01561363598 0.01671820073 0.01518739944 0.01337892032 0.01626483662 0.01594827619 0.01294888593 1.02847820062 0.01824323035 0.01490034794
