74 74
0.543045115316 0.02003808112 0.02077096529 0.02089392937 0.02000237928 0.02009212301 0.020853952 0.02039332171 0.02034455111 0.01973037499 0.0197148226 0.0203571401 0.02064140249 0.02087500178 0.02026619828 0.01993115964 0.02054487942 0.0 0.0 0.0 0.0 0.0 0.0 0.0 0.0 0.0 0.0 0.0 0.0 0.0 0.0 0.0 0.0 0.0 0.0 0.0 0.0 0.0 0.0 0.0 0.0 0.0 0.0 0.0 0.0 0.0 0.0 0.0 0.0 0.0 0.0 0.0 0.0 0.0 0.0 0.0 0.0 0.0 0.0 0.0 0.0 0.0 0.0 0.0 0.0 0.0 0.0 0.0 0.0 0.0 0.0 0.0 0.0 0.0
0.02003808112 0.724119199177 0.02011382798 0.01921513027 0.02187429158 0.02174049096 0.01983355698 0.02076091653 0.02123369397 0.02232139881 0.02227533982 0.02128729223 0.02022861738 0.0190134482 0.02099670024 0.02164728379 0.01998775783 0.0 0.0 0.0 0.0 0.0 0.0 0.0 0.0 0.0 0.0 0.0 0.0 0.0 0.0 0.0 0.0 0.0 0.0 0.0 0.0 0.0 0.0 0.0 0.0 0.0 0.0 0.0 0.0 0.0 0.0 0.0 0.0 0.0 0.0 0.0 0.0 0.0 0.0 0.0 0.0 0.0 0.0 0.0 0.0 0.0 0.0 0.0 0.0 0.0 0.0 0.0 0.0 0.0 0.0 0.0 0.0 0.0
0.02077096529 0.02011382798 0.508670322406 0.02083843862 0.02003644922 0.02004101164 0.02075691545 0.02048459537 0.02028250463 0.01983169773 0.01977531193 0.02028612317 0.02066767346 0.02093798286 0.02036776164 0.0200368789 0.02072312316 0.0 0.0 0.0 0.0 0.0 0.0 0.0 0.0 0.0 0.0 0.0 0.0 0.0 0.0 0.0 0.0 0.0 0.0 0.0 0.0 0.0 0.0 0.0 0.0 0.0 0.0 0.0 0.0 0.0 0.0 0.0 0.0 0.0 0.0 0.0 0.0 0.0 0.0 0.0 0.0 0.0 0.0 0.0 0.0 0.0 0.0 0.0 0.0 0.0 0.0 0.0 0.0 0.0 0.0 0.0 0.0 0.0
0.02089392937 0.01921513027 0.02083843862 0.333227055509 0.01908575974 0.01900292561 0.02130685792 0.02030651659 0.01956542948 0.01849735803 0.01837992292 0.01949152587 0.02065306119 0.02223752352 0.01984130945 0.0190021257 0.02089577152 0.0 0.0 0.0 0.0 0.0 0.0 0.0 0.0 0.0 0.0 0.0 0.0 0.0 0.0 0.0 0.0 0.0 0.0 0.0 0.0 0.0 0.0 0.0 0.0 0.0 0.0 0.0 0.0 0.0 0.0 0.0 0.0 0.0 0.0 0.0 0.0 0.0 0.0 0.0 0.0 0.0 0.0 0.0 0.0 0.0 0.0 0.0 0.0 0.0 0.0 0.0 0.0 0.0 0.0 0.0 0.0 0.0
0.02000237928 0.02187429158 0.02003644922 0.01908575974 0.585061600752 0.02203461525 0.01981546754 0.02106785938 0.02140658037 0.02280700943 0.02257940472 0.02136065886 0.02000102178 0.0188196704 0.02113892132 0.02175198134 0.01966434739 0.0 0.0 0.0 0.0 0.0 0.0 0.0 0.0 0.0 0.0 0.0 0.0 0.0 0.0 0.0 0.0 0.0 0.0 0.0 0.0 0.0 0.0 0.0 0.0 0.0 0.0 0.0 0.0 0.0 0.0 0.0 0.0 0.0 0.0 0.0 0.0 0.0 0.0 0.0 0.0 0.0 0.0 0.0 0.0 0.0 0.0 0.0 0.0 0.0 0.0 0.0 0.0 0.0 0.0 0.0 0.0 0.0
0.02009212301 0.02174049096 0.02004101164 0.01900292561 0.02203461525 0.811126228233 0.01975016449 0.02068971083 0.02140160891 0.02257070027 0.02263658454 0.02142600467 0.02013334087 0.01874800904 0.02096011815 0.02181397435 0.01979690727 0.0 0.0 0.0 0.0 0.0 0.0 0.0 0.0 0.0 0.0 0.0 0.0 0.0 0.0 0.0 0.0 0.0 0.0 0.0 0.0 0.0 0.0 0.0 0.0 0.0 0.0 0.0 0.0 0.0 0.0 0.0 0.0 0.0 0.0 0.0 0.0 0.0 0.0 0.0 0.0 0.0 0.0 0.0 0.0 0.0 0.0 0.0 0.0 0.0 0.0 0.0 0.0 0.0 0.0 0.0 0.0 0.0
0.020853952 0.01983355698 0.02075691545 0.02130685792 0.01981546754 0.01975016449 0.40159262605 0.02048850715 0.02007429101 0.01948775189 0.0193543514 0.02003175275 0.02059726851 0.02135077901 0.02020632934 0.0196973075 0.02064241743 0.0 0.0 0.0 0.0 0.0 0.0 0.0 0.0 0.0 0.0 0.0 0.0 0.0 0.0 0.0 0.0 0.0 0.0 0.0 0.0 0.0 0.0 0.0 0.0 0.0 0.0 0.0 0.0 0.0 0.0 0.0 0.0 0.0 0.0 0.0 0.0 0.0 0.0 0.0 0.0 0.0 0.0 0.0 0.0 0.0 0.0 0.0 0.0 0.0 0.0 0.0 0.0 0.0 0.0 0.0 0.0 0.0
0.02039332171 0.02076091653 0.02048459537 0.02030651659 0.02106785938 0.02068971083 0.02048850715 0.451408203997 0.02064878551 0.02096415485 0.02067806376 0.02058330346 0.02036294806 0.020316697 0.0207502179 0.02060099289 0.02031050005 0.0 0.0 0.0 0.0 0.0 0.0 0.0 0.0 0.0 0.0 0.0 0.0 0.0 0.0 0.0 0.0 0.0 0.0 0.0 0.0 0.0 0.0 0.0 0.0 0.0 0.0 0.0 0.0 0.0 0.0 0.0 0.0 0.0 0.0 0.0 0.0 0.0 0.0 0.0 0.0 0.0 0.0 0.0 0.0 0.0 0.0 0.0 0.0 0.0 0.0 0.0 0.0 0.0 0.0 0.0 0.0 0.0
0.02034455111 0.02123369397 0.02028250463 0.01956542948 0.02140658037 0.02140160891 0.02007429101 0.02064878551 0.698829005808 0.02165793539 0.02166477106 0.02111023189 0.02033706016 0.01939755324 0.02081079101 0.02122845788 0.02007458623 0.0 0.0 0.0 0.0 0.0 0.0 0.0 0.0 0.0 0.0 0.0 0.0 0.0 0.0 0.0 0.0 0.0 0.0 0.0 0.0 0.0 0.0 0.0 0.0 0.0 0.0 0.0 0.0 0.0 0.0 0.0 0.0 0.0 0.0 0.0 0.0 0.0 0.0 0.0 0.0 0.0 0.0 0.0 0.0 0.0 0.0 0.0 0.0 0.0 0.0 0.0 0.0 0.0 0.0 0.0 0.0 0.0
0.01973037499 0.02232139881 0.01983169773 0.01849735803 0.02280700943 0.02257070027 0.01948775189 0.02096415485 0.02165793539 6.05775592009 0.02485375522 0.02162009401 0.01992508233 0.01821901975 0.02115731613 0.02226680041 0.01950823776 0.0 0.0 0.0 0.0 0.0 0.0 0.0 0.0 0.0 0.0 0.0 0.0 0.0 0.0 0.0 0.0 0.0 0.0 0.0 0.0 0.0 0.0 0.0 0.0 0.0 0.0 0.0 0.0 0.0 0.0 0.0 0.0 0.0 0.0 0.0 0.0 0.0 0.0 0.0 0.0 0.0 0.0 0.0 0.0 0.0 0.0 0.0 0.0 0.0 0.0 0.0 0.0 0.0 0.0 0.0 0.0 0.0
0.0197148226 0.02227533982 0.01977531193 0.01837992292 0.02257940472 0.02263658454 0.0193543514 0.02067806376 0.02166477106 0.02485375522 5.42780814386 0.02173180837 0.0199920355 0.01810988824 0.02113593147 0.02250375196 0.01959621947 0.0 0.0 0.0 0.0 0.0 0.0 0.0 0.0 0.0 0.0 0.0 0.0 0.0 0.0 0.0 0.0 0.0 0.0 0.0 0.0 0.0 0.0 0.0 0.0 0.0 0.0 0.0 0.0 0.0 0.0 0.0 0.0 0.0 0.0 0.0 0.0 0.0 0.0 0.0 0.0 0.0 0.0 0.0 0.0 0.0 0.0 0.0 0.0 0.0 0.0 0.0 0.0 0.0 0.0 0.0 0.0 0.0
0.0203571401 0.02128729223 0.02028612317 0.01949152587 0.02136065886 0.02142600467 0.02003175275 0.02058330346 0.02111023189 0.02162009401 0.02173180837 1.21065695054 0.0203962275 0.01931330481 0.02082519947 0.02130185674 0.02013761656 0.0 0.0 0.0 0.0 0.0 0.0 0.0 0.0 0.0 0.0 0.0 0.0 0.0 0.0 0.0 0.0 0.0 0.0 0.0 0.0 0.0 0.0 0.0 0.0 0.0 0.0 0.0 0.0 0.0 0.0 0.0 0.0 0.0 0.0 0.0 0.0 0.0 0.0 0.0 0.0 0.0 0.0 0.0 0.0 0.0 0.0 0.0 0.0 0.0 0.0 0.0 0.0 0.0 0.0 0.0 0.0 0.0
0.02064140249 0.02022861738 0.02066767346 0.02065306119 0.02000102178 0.02013334087 0.02059726851 0.02036294806 0.02033706016 0.01992508233 0.0199920355 0.0203962275 0.517638229095 0.02073882442 0.02044639463 0.02024413281 0.02085816727 0.0 0.0 0.0 0.0 0.0 0.0 0.0 0.0 0.0 0.0 0.0 0.0 0.0 0.0 0.0 0.0 0.0 0.0 0.0 0.0 0.0 0.0 0.0 0.0 0.0 0.0 0.0 0.0 0.0 0.0 0.0 0.0 0.0 0.0 0.0 0.0 0.0 0.0 0.0 0.0 0.0 0.0 0.0 0.0 0.0 0.0 0.0 0.0 0.0 0.0 0.0 0.0 0.0 0.0 0.0 0.0 0.0
0.02087500178 0.0190134482 0.02093798286 0.02223752352 0.0188196704 0.01874800904 0.02135077901 0.020316697 0.01939755324 0.01821901975 0.01810988824 0.01931330481 0.02073882442 0.322503642423 0.01986313465 0.01890118487 0.0211589819 0.0 0.0 0.0 0.0 0.0 0.0 0.0 0.0 0.0 0.0 0.0 0.0 0.0 0.0 0.0 0.0 0.0 0.0 0.0 0.0 0.0 0.0 0.0 0.0 0.0 0.0 0.0 0.0 0.0 0.0 0.0 0.0 0.0 0.0 0.0 0.0 0.0 0.0 0.0 0.0 0.0 0.0 0.0 0.0 0.0 0.0 0.0 0.0 0.0 0.0 0.0 0.0 0.0 0.0 0.0 0.0 0.0
0.02026619828 0.02099670024 0.02036776164 0.01984130945 0.02113892132 0.02096011815 0.02020632934 0.0207502179 0.02081079101 0.02115731613 0.02113593147 0.02082519947 0.02044639463 0.01986313465 0.550787617039 0.02102407406 0.0203807967 0.0 0.0 0.0 0.0 0.0 0.0 0.0 0.0 0.0 0.0 0.0 0.0 0.0 0.0 0.0 0.0 0.0 0.0 0.0 0.0 0.0 0.0 0.0 0.0 0.0 0.0 0.0 0.0 0.0 0.0 0.0 0.0 0.0 0.0 0.0 0.0 0.0 0.0 0.0 0.0 0.0 0.0 0.0 0.0 0.0 0.0 0.0 0.0 0.0 0.0 0.0 0.0 0.0 0.0 0.0 0.0 0.0
0.01993115964 0.02164728379 0.0200368789 0.0190021257 0.02175198134 0.02181397435 0.0196973075 0.02060099289 0.02122845788 0.02226680041 0.02250375196 0.02130185674 0.02024413281 0.01890118487 0.02102407406 1.06372136257 0.0200757668 0.0 0.0 0.0 0.0 0.0 0.0 0.0 0.0 0.0 0.0 0.0 0.0 0.0 0.0 0.0 0.0 0.0 0.0 0.0 0.0 0.0 0.0 0.0 0.0 0.0 0.0 0.0 0.0 0.0 0.0 0.0 0.0 0.0 0.0 0.0 0.0 0.0 0.0 0.0 0.0 0.0 0.0 0.0 0.0 0.0 0.0 0.0 0.0 0.0 0.0 0.0 0.0 0.0 0.0 0.0 0.0 0.0
0.02054487942 0.01998775783 0.02072312316 0.02089577152 0.01966434739 0.01979690727 0.02064241743 0.02031050005 0.02007458623 0.01950823776 0.01959621947 0.02013761656 0.02085816727 0.0211589819 0.0203807967 0.0200757668 0.742872764987 0.0 0.0 0.0 0.0 0.0 0.0 0.0 0.0 0.0 0.0 0.0 0.0 0.0 0.0 0.0 0.0 0.0 0.0 0.0 0.0 0.0 0.0 0.0 0.0 0.0 0.0 0.0 0.0 0.0 0.0 0.0 0.0 0.0 0.0 0.0 0.0 0.0 0.0 0.0 0.0 0.0 0.0 0.0 0.0 0.0 0.0 0.0 0.0 0.0 0.0 0.0 0.0 0.0 0.0 0.0 0.0 0.0
0.0 0.0 0.0 0.0 0.0 0.0 0.0 0.0 0.0 0.0 0.0 0.0 0.0 0.0 0.0 0.0 0.0 2.03999873139 0.01328343554 0.01322464425 0.01321234792 0.01323936171 0.01323580747 0.01306839285 0.01324494473 0.01321884393 0.01321844021 0.013102813 0.01317997969 0.01324631373 0.0131673483 0.01318657736 0.01322685321 0.01322490607 0.0131484823 0.01312131363 0.01321001371 0.01318407697 0.01317554767 0.0 0.0 0.0 0.0 0.0 0.0 0.0 0.0 0.0 0.0 0.0 0.0 0.0 0.0 0.0 0.0 0.0 0.0 0.0 0.0 0.0 0.0 0.0 0.0 0.0 0.0 0.0 0.0 0.0 0.0 0.0 0.0 0.0 0.0 0.0
0.0 0.0 0.0 0.0 0.0 0.0 0.0 0.0 0.0 0.0 0.0 0.0 0.0 0.0 0.0 0.0 0.0 0.01328343554 1.61612977226 0.01369387729 0.01321074722 0.01347813872 0.01355401417 0.01358059935 0.01311512096 0.01319058764 0.01360066586 0.01344905888 0.01295893369 0.01348568153 0.01288822139 0.01243281368 0.013284683 0.01364457098 0.01347311009 0.01359228968 0.01343906086 0.01344637354 0.01352355784 0.0 0.0 0.0 0.0 0.0 0.0 0.0 0.0 0.0 0.0 0.0 0.0 0.0 0.0 0.0 0.0 0.0 0.0 0.0 0.0 0.0 0.0 0.0 0.0 0.0 0.0 0.0 0.0 0.0 0.0 0.0 0.0 0.0 0.0 0.0
0.0 0.0 0.0 0.0 0.0 0.0 0.0 0.0 0.0 0.0 0.0 0.0 0.0 0.0 0.0 0.0 0.0 0.01322464425 0.01369387729 1.44761354397 0.01311939762 0.01355810709 0.01397051191 0.01487399435 0.01267086939 0.01293492755 0.01411559329 0.0145149295 0.01236137687 0.01361013906 0.01234475737 0.01122660194 0.01316379395 0.01426228595 0.01416790205 0.01465543029 0.01363290928 0.01400398916 0.01420477196 0.0 0.0 0.0 0.0 0.0 0.0 0.0 0.0 0.0 0.0 0.0 0.0 0.0 0.0 0.0 0.0 0.0 0.0 0.0 0.0 0.0 0.0 0.0 0.0 0.0 0.0 0.0 0.0 0.0 0.0 0.0 0.0 0.0 0.0 0.0
0.0 0.0 0.0 0.0 0.0 0.0 0.0 0.0 0.0 0.0 0.0 0.0 0.0 0.0 0.0 0.0 0.0 0.01321234792 0.01321074722 0.01311939762 0.703800974984 0.01316131274 0.01306689439 0.01258550325 0.01330544897 0.01329563163 0.01306179629 0.01276992899 0.01333621434 0.01319316526 0.01332648209 0.0133208601 0.01323470445 0.01297817902 0.01294581309 0.01280868172 0.01309995779 0.01303671617 0.01298294809 0.0 0.0 0.0 0.0 0.0 0.0 0.0 0.0 0.0 0.0 0.0 0.0 0.0 0.0 0.0 0.0 0.0 0.0 0.0 0.0 0.0 0.0 0.0 0.0 0.0 0.0 0.0 0.0 0.0 0.0 0.0 0.0 0.0 0.0 0.0
0.0 0.0 0.0 0.0 0.0 0.0 0.0 0.0 0.0 0.0 0.0 0.0 0.0 0.0 0.0 0.0 0.0 0.01323936171 0.01347813872 0.01355810709 0.01316131274 0.362205106394 0.01349433933 0.01362274755 0.01304638384 0.01313750327 0.01351446862 0.01346896843 0.01291440979 0.0133876881 0.01288279506 0.01242953592 0.01323513468 0.01356506296 0.0134679551 0.01361920396 0.01341106433 0.01341839564 0.01352129298 0.0 0.0 0.0 0.0 0.0 0.0 0.0 0.0 0.0 0.0 0.0 0.0 0.0 0.0 0.0 0.0 0.0 0.0 0.0 0.0 0.0 0.0 0.0 0.0 0.0 0.0 0.0 0.0 0.0 0.0 0.0 0.0 0.0 0.0 0.0
0.0 0.0 0.0 0.0 0.0 0.0 0.0 0.0 0.0 0.0 0.0 0.0 0.0 0.0 0.0 0.0 0.0 0.01323580747 0.01355401417 0.01397051191 0.01306689439 0.01349433933 0.375089154546 0.01476749826 0.01276214421 0.01291355101 0.01394488715 0.01442078805 0.0124186574 0.01351173975 0.01243383675 0.01173680658 0.0131722812 0.01415179449 0.01408527147 0.01448570342 0.01360336313 0.01391099033 0.01408091732 0.0 0.0 0.0 0.0 0.0 0.0 0.0 0.0 0.0 0.0 0.0 0.0 0.0 0.0 0.0 0.0 0.0 0.0 0.0 0.0 0.0 0.0 0.0 0.0 0.0 0.0 0.0 0.0 0.0 0.0 0.0 0.0 0.0 0.0 0.0
0.0 0.0 0.0 0.0 0.0 0.0 0.0 0.0 0.0 0.0 0.0 0.0 0.0 0.0 0.0 0.0 0.0 0.01306839285 0.01358059935 0.01487399435 0.01258550325 0.01362274755 0.01476749826 0.466060235238 0.01187148462 0.01217128513 0.01497327808 0.01765074173 0.01113024129 0.01359530641 0.0112121866 0.009841671565 0.01280271177 0.01574147887 0.0158624035 0.01725389054 0.014038074 0.01517270634 0.01556432208 0.0 0.0 0.0 0.0 0.0 0.0 0.0 0.0 0.0 0.0 0.0 0.0 0.0 0.0 0.0 0.0 0.0 0.0 0.0 0.0 0.0 0.0 0.0 0.0 0.0 0.0 0.0 0.0 0.0 0.0 0.0 0.0 0.0 0.0 0.0
0.0 0.0 0.0 0.0 0.0 0.0 0.0 0.0 0.0 0.0 0.0 0.0 0.0 0.0 0.0 0.0 0.0 0.01324494473 0.01311512096 0.01267086939 0.01330544897 0.01304638384 0.01276214421 0.01187148462 0.396832008584 0.01343191235 0.01268290254 0.01218764593 0.01380128039 0.01305355718 0.01374619124 0.01437713725 0.01325928263 0.01257670337 0.01247827149 0.01212139793 0.01292423166 0.01265426199 0.01250247386 0.0 0.0 0.0 0.0 0.0 0.0 0.0 0.0 0.0 0.0 0.0 0.0 0.0 0.0 0.0 0.0 0.0 0.0 0.0 0.0 0.0 0.0 0.0 0.0 0.0 0.0 0.0 0.0 0.0 0.0 0.0 0.0 0.0 0.0 0.0
0.0 0.0 0.0 0.0 0.0 0.0 0.0 0.0 0.0 0.0 0.0 0.0 0.0 0.0 0.0 0.0 0.0 0.01321884393 0.01319058764 0.01293492755 0.01329563163 0.01313750327 0.01291355101 0.01217128513 0.01343191235 0.951207833254 0.01289171527 0.01240135515 0.01356843211 0.013135997 0.01351887871 0.01364230444 0.01325654613 0.012757718 0.01269749341 0.0124664379 0.01303631355 0.01282891126 0.01275186362 0.0 0.0 0.0 0.0 0.0 0.0 0.0 0.0 0.0 0.0 0.0 0.0 0.0 0.0 0.0 0.0 0.0 0.0 0.0 0.0 0.0 0.0 0.0 0.0 0.0 0.0 0.0 0.0 0.0 0.0 0.0 0.0 0.0 0.0 0.0
0.0 0.0 0.0 0.0 0.0 0.0 0.0 0.0 0.0 0.0 0.0 0.0 0.0 0.0 0.0 0.0 0.0 0.01321844021 0.01360066586 0.01411559329 0.01306179629 0.01351446862 0.01394488715 0.01497327808 0.01268290254 0.01289171527 0.572173073035 0.01458110643 0.01234504722 0.01354215022 0.01235284598 0.01146454136 0.01314827503 0.01425399182 0.01418958409 0.01466421206 0.01362938906 0.01399942364 0.01418891206 0.0 0.0 0.0 0.0 0.0 0.0 0.0 0.0 0.0 0.0 0.0 0.0 0.0 0.0 0.0 0.0 0.0 0.0 0.0 0.0 0.0 0.0 0.0 0.0 0.0 0.0 0.0 0.0 0.0 0.0 0.0 0.0 0.0 0.0 0.0
0.0 0.0 0.0 0.0 0.0 0.0 0.0 0.0 0.0 0.0 0.0 0.0 0.0 0.0 0.0 0.0 0.0 0.013102813 0.01344905888 0.0145149295 0.01276992899 0.01346896843 0.01442078805 0.01765074173 0.01218764593 0.01240135515 0.01458110643 0.627219000173 0.01154779283 0.01352236196 0.01164791341 0.01066230479 0.01290187961 0.01516311842 0.01530487848 0.01629203257 0.01381868036 0.01480168625 0.01506280505 0.0 0.0 0.0 0.0 0.0 0.0 0.0 0.0 0.0 0.0 0.0 0.0 0.0 0.0 0.0 0.0 0.0 0.0 0.0 0.0 0.0 0.0 0.0 0.0 0.0 0.0 0.0 0.0 0.0 0.0 0.0 0.0 0.0 0.0 0.0
0.0 0.0 0.0 0.0 0.0 0.0 0.0 0.0 0.0 0.0 0.0 0.0 0.0 0.0 0.0 0.0 0.0 0.01317997969 0.01295893369 0.01236137687 0.01333621434 0.01291440979 0.0124186574 0.01113024129 0.01380128039 0.01356843211 0.01234504722 0.01154779283 1.70453520886 0.01288255186 0.01414344062 0.01501347413 0.01322673672 0.01210544105 0.01203114839 0.01153859224 0.01272306917 0.01227309542 0.012077058 0.0 0.0 0.0 0.0 0.0 0.0 0.0 0.0 0.0 0.0 0.0 0.0 0.0 0.0 0.0 0.0 0.0 0.0 0.0 0.0 0.0 0.0 0.0 0.0 0.0 0.0 0.0 0.0 0.0 0.0 0.0 0.0 0.0 0.0 0.0
0.0 0.0 0.0 0.0 0.0 0.0 0.0 0.0 0.0 0.0 0.0 0.0 0.0 0.0 0.0 0.0 0.0 0.01324631373 0.01348568153 0.01361013906 0.01319316526 0.0133876881 0.01351173975 0.01359530641 0.01305355718 0.013135997 0.01354215022 0.01352236196 0.01288255186 0.483365865892 0.01286902093 0.01245713985 0.01325024444 0.01359242147 0.01351116322 0.0136231298 0.01339726164 0.01347448599 0.01354378423 0.0 0.0 0.0 0.0 0.0 0.0 0.0 0.0 0.0 0.0 0.0 0.0 0.0 0.0 0.0 0.0 0.0 0.0 0.0 0.0 0.0 0.0 0.0 0.0 0.0 0.0 0.0 0.0 0.0 0.0 0.0 0.0 0.0 0.0 0.0
0.0 0.0 0.0 0.0 0.0 0.0 0.0 0.0 0.0 0.0 0.0 0.0 0.0 0.0 0.0 0.0 0.0 0.0131673483 0.01288822139 0.01234475737 0.01332648209 0.01288279506 0.01243383675 0.0112121866 0.01374619124 0.01351887871 0.01235284598 0.01164791341 0.01414344062 0.01286902093 0.60529647075 0.01492730354 0.01322330161 0.01212731345 0.01209152994 0.01160830122 0.01272870261 0.01232325523 0.01212865888 0.0 0.0 0.0 0.0 0.0 0.0 0.0 0.0 0.0 0.0 0.0 0.0 0.0 0.0 0.0 0.0 0.0 0.0 0.0 0.0 0.0 0.0 0.0 0.0 0.0 0.0 0.0 0.0 0.0 0.0 0.0 0.0 0.0 0.0 0.0
0.0 0.0 0.0 0.0 0.0 0.0 0.0 0.0 0.0 0.0 0.0 0.0 0.0 0.0 0.0 0.0 0.0 0.01318657736 0.01243281368 0.01122660194 0.0133208601 0.01242953592 0.01173680658 0.009841671565 0.01437713725 0.01364230444 0.01146454136 0.01066230479 0.01501347413 0.01245713985 0.01492730354 14.0611961401 0.01320651096 0.01124201478 0.01119898739 0.01018715874 0.01220712396 0.01161278316 0.01114470719 0.0 0.0 0.0 0.0 0.0 0.0 0.0 0.0 0.0 0.0 0.0 0.0 0.0 0.0 0.0 0.0 0.0 0.0 0.0 0.0 0.0 0.0 0.0 0.0 0.0 0.0 0.0 0.0 0.0 0.0 0.0 0.0 0.0 0.0 0.0
0.0 0.0 0.0 0.0 0.0 0.0 0.0 0.0 0.0 0.0 0.0 0.0 0.0 0.0 0.0 0.0 0.0 0.01322685321 0.013284683 0.01316379395 0.01323470445 0.01323513468 0.0131722812 0.01280271177 0.01325928263 0.01325654613 0.01314827503 0.01290187961 0.01322673672 0.01325024444 0.01322330161 0.01320651096 0.990309441664 0.01311005457 0.01306606498 0.01296633005 0.01320683989 0.01311181301 0.01310036186 0.0 0.0 0.0 0.0 0.0 0.0 0.0 0.0 0.0 0.0 0.0 0.0 0.0 0.0 0.0 0.0 0.0 0.0 0.0 0.0 0.0 0.0 0.0 0.0 0.0 0.0 0.0 0.0 0.0 0.0 0.0 0.0 0.0 0.0 0.0
0.0 0.0 0.0 0.0 0.0 0.0 0.0 0.0 0.0 0.0 0.0 0.0 0.0 0.0 0.0 0.0 0.0 0.01322490607 0.01364457098 0.01426228595 0.01297817902 0.01356506296 0.01415179449 0.01574147887 0.01257670337 0.012757718 0.01425399182 0.01516311842 0.01210544105 0.01359242147 0.01212731345 0.01124201478 0.01311005457 0.349381986293 0.01452315159 0.01516330518 0.01374452702 0.01426059865 0.01448361634 0.0 0.0 0.0 0.0 0.0 0.0 0.0 0.0 0.0 0.0 0.0 0.0 0.0 0.0 0.0 0.0 0.0 0.0 0.0 0.0 0.0 0.0 0.0 0.0 0.0 0.0 0.0 0.0 0.0 0.0 0.0 0.0 0.0 0.0 0.0
0.0 0.0 0.0 0.0 0.0 0.0 0.0 0.0 0.0 0.0 0.0 0.0 0.0 0.0 0.0 0.0 0.0 0.0131484823 0.01347311009 0.01416790205 0.01294581309 0.0134679551 0.01408527147 0.0158624035 0.01247827149 0.01269749341 0.01418958409 0.01530487848 0.01203114839 0.01351116322 0.01209152994 0.01119898739 0.01306606498 0.01452315159 0.342489726193 0.01523546864 0.01369841913 0.01429408464 0.01450806976 0.0 0.0 0.0 0.0 0.0 0.0 0.0 0.0 0.0 0.0 0.0 0.0 0.0 0.0 0.0 0.0 0.0 0.0 0.0 0.0 0.0 0.0 0.0 0.0 0.0 0.0 0.0 0.0 0.0 0.0 0.0 0.0 0.0 0.0 0.0
0.0 0.0 0.0 0.0 0.0 0.0 0.0 0.0 0.0 0.0 0.0 0.0 0.0 0.0 0.0 0.0 0.0 0.01312131363 0.01359228968 0.01465543029 0.01280868172 0.01361920396 0.01448570342 0.01725389054 0.01212139793 0.0124664379 0.01466421206 0.01629203257 0.01153859224 0.0136231298 0.01160830122 0.01018715874 0.01296633005 0.01516330518 0.01523546864 0.777629564667 0.01394143122 0.01475712562 0.01515554196 0.0 0.0 0.0 0.0 0.0 0.0 0.0 0.0 0.0 0.0 0.0 0.0 0.0 0.0 0.0 0.0 0.0 0.0 0.0 0.0 0.0 0.0 0.0 0.0 0.0 0.0 0.0 0.0 0.0 0.0 0.0 0.0 0.0 0.0 0.0
0.0 0.0 0.0 0.0 0.0 0.0 0.0 0.0 0.0 0.0 0.0 0.0 0.0 0.0 0.0 0.0 0.0 0.01321001371 0.01343906086 0.01363290928 0.01309995779 0.01341106433 0.01360336313 0.014038074 0.01292423166 0.01303631355 0.01362938906 0.01381868036 0.01272306917 0.01339726164 0.01272870261 0.01220712396 0.01320683989 0.01374452702 0.01369841913 0.01394143122 0.503292702963 0.01358391515 0.01371725529 0.0 0.0 0.0 0.0 0.0 0.0 0.0 0.0 0.0 0.0 0.0 0.0 0.0 0.0 0.0 0.0 0.0 0.0 0.0 0.0 0.0 0.0 0.0 0.0 0.0 0.0 0.0 0.0 0.0 0.0 0.0 0.0 0.0 0.0 0.0
0.0 0.0 0.0 0.0 0.0 0.0 0.0 0.0 0.0 0.0 0.0 0.0 0.0 0.0 0.0 0.0 0.0 0.01318407697 0.01344637354 0.01400398916 0.01303671617 0.01341839564 0.01391099033 0.01517270634 0.01265426199 0.01282891126 0.01399942364 0.01480168625 0.01227309542 0.01347448599 0.01232325523 0.01161278316 0.01311181301 0.01426059865 0.01429408464 0.01475712562 0.01358391515 0.440122842546 0.01423802194 0.0 0.0 0.0 0.0 0.0 0.0 0.0 0.0 0.0 0.0 0.0 0.0 0.0 0.0 0.0 0.0 0.0 0.0 0.0 0.0 0.0 0.0 0.0 0.0 0.0 0.0 0.0 0.0 0.0 0.0 0.0 0.0 0.0 0.0 0.0
0.0 0.0 0.0 0.0 0.0 0.0 0.0 0.0 0.0 0.0 0.0 0.0 0.0 0.0 0.0 0.0 0.0 0.01317554767 0.01352355784 0.01420477196 0.01298294809 0.01352129298 0.01408091732 0.01556432208 0.01250247386 0.01275186362 0.01418891206 0.01506280505 0.012077058 0.01354378423 0.01212865888 0.01114470719 0.01310036186 0.01448361634 0.01450806976 0.01515554196 0.01371725529 0.01423802194 0.830374787379 0.0 0.0 0.0 0.0 0.0 0.0 0.0 0.0 0.0 0.0 0.0 0.0 0.0 0.0 0.0 0.0 0.0 0.0 0.0 0.0 0.0 0.0 0.0 0.0 0.0 0.0 0.0 0.0 0.0 0.0 0.0 0.0 0.0 0.0 0.0
0.0 0.0 0.0 0.0 0.0 0.0 0.0 0.0 0.0 0.0 0.0 0.0 0.0 0.0 0.0 0.0 0.0 0.0 0.0 0.0 0.0 0.0 0.0 0.0 0.0 0.0 0.0 0.0 0.0 0.0 0.0 0.0 0.0 0.0 0.0 0.0 0.0 0.0 0.0 0.593913565371 0.02060397523 0.01455673703 0.01619158377 0.015307443 0.01784723138 0.01486509635 0.01300221742 0.01661986558 0.01740777606 0.01755648362 0.01469338505 0.01352694566 0.01215690642 0.01295412932 0.016115277 0.01570679327 0.01353638733 0.01787180519 0.01557541836 0.0140004806 0.01343383752 0.01405969044 0.01467039305 0.0 0.0 0.0 0.0 0.0 0.0 0.0 0.0 0.0 0.0 0.0
0.0 0.0 0.0 0.0 0.0 0.0 0.0 0.0 0.0 0.0 0.0 0.0 0.0 0.0 0.0 0.0 0.0 0.0 0.0 0.0 0.0 0.0 0.0 0.0 0.0 0.0 0.0 0.0 0.0 0.0 0.0 0.0 0.0 0.0 0.0 0.0 0.0 0.0 0.0 0.02060397523 0.385221589469 0.01450015173 0.01738204073 0.01579557426 0.02115061259 0.01506121983 0.01200776337 0.01831331129 0.01993251072 0.02061499762 0.01473985692 0.0128232064 0.01071499171 0.01195222068 0.01731509842 0.01656915618 0.01286523203 0.02105019092 0.01629573565 0.01367660117 0.01268586904 0.01383460723 0.01469201387 0.0 0.0 0.0 0.0 0.0 0.0 0.0 0.0 0.0 0.0 0.0
0.0 0.0 0.0 0.0 0.0 0.0 0.0 0.0 0.0 0.0 0.0 0.0 0.0 0.0 0.0 0.0 0.0 0.0 0.0 0.0 0.0 0.0 0.0 0.0 0.0 0.0 0.0 0.0 0.0 0.0 0.0 0.0 0.0 0.0 0.0 0.0 0.0 0.0 0.0 0.01455673703 0.01450015173 0.618469122375 0.01455699168 0.01455534348 0.01452330677 0.01454545457 0.01436477901 0.01455844016 0.01456188243 0.01454128031 0.01452083311 0.01444511291 0.01426380343 0.01435137468 0.01455813349 0.01455974781 0.01444549262 0.01454872971 0.01455579407 0.01444886283 0.01442160042 0.01438737608 0.01453351431 0.0 0.0 0.0 0.0 0.0 0.0 0.0 0.0 0.0 0.0 0.0
0.0 0.0 0.0 0.0 0.0 0.0 0.0 0.0 0.0 0.0 0.0 0.0 0.0 0.0 0.0 0.0 0.0 0.0 0.0 0.0 0.0 0.0 0.0 0.0 0.0 0.0 0.0 0.0 0.0 0.0 0.0 0.0 0.0 0.0 0.0 0.0 0.0 0.0 0.0 0.01619158377 0.01738204073 0.01455699168 0.45924275226 0.01499868404 0.01636977363 0.01472537114 0.01348001067 0.01574897783 0.01609235356 0.0161174276 0.01459410581 0.01386743693 0.01288131137 0.01346973618 0.0154645939 0.01525384199 0.0138933495 0.01631389096 0.01518914378 0.01421223758 0.01383435817 0.01427344702 0.01463427103 0.0 0.0 0.0 0.0 0.0 0.0 0.0 0.0 0.0 0.0 0.0
0.0 0.0 0.0 0.0 0.0 0.0 0.0 0.0 0.0 0.0 0.0 0.0 0.0 0.0 0.0 0.0 0.0 0.0 0.0 0.0 0.0 0.0 0.0 0.0 0.0 0.0 0.0 0.0 0.0 0.0 0.0 0.0 0.0 0.0 0.0 0.0 0.0 0.0 0.0 0.015307443 0.01579557426 0.01455534348 0.01499868404 0.563368664636 0.01526159591 0.01465368222 0.01405196434 0.01500565473 0.0152333185 0.01517187581 0.01461213945 0.0142310795 0.01375041792 0.01402630996 0.01499127988 0.01482306529 0.0142294689 0.01530221962 0.01479961506 0.01438934166 0.01419132775 0.01434258408 0.01461181097 0.0 0.0 0.0 0.0 0.0 0.0 0.0 0.0 0.0 0.0 0.0
0.0 0.0 0.0 0.0 0.0 0.0 0.0 0.0 0.0 0.0 0.0 0.0 0.0 0.0 0.0 0.0 0.0 0.0 0.0 0.0 0.0 0.0 0.0 0.0 0.0 0.0 0.0 0.0 0.0 0.0 0.0 0.0 0.0 0.0 0.0 0.0 0.0 0.0 0.0 0.01784723138 0.02115061259 0.01452330677 0.01636977363 0.01526159591 0.266490049267 0.0147884648 0.01267600923 0.01701540698 0.01764720658 0.01809562504 0.0145046899 0.01334312256 0.01181651609 0.01269016051 0.01620902428 0.01594202862 0.01336897587 0.01827145503 0.01576646487 0.01387447525 0.01331863811 0.01408065763 0.01458568824 0.0 0.0 0.0 0.0 0.0 0.0 0.0 0.0 0.0 0.0 0.0
0.0 0.0 0.0 0.0 0.0 0.0 0.0 0.0 0.0 0.0 0.0 0.0 0.0 0.0 0.0 0.0 0.0 0.0 0.0 0.0 0.0 0.0 0.0 0.0 0.0 0.0 0.0 0.0 0.0 0.0 0.0 0.0 0.0 0.0 0.0 0.0 0.0 0.0 0.0 0.01486509635 0.01506121983 0.01454545457 0.01472537114 0.01465368222 0.0147884648 0.409657732334 0.01426617533 0.01469443911 0.01481668545 0.01475205913 0.01457603599 0.01438199145 0.01410542008 0.01425036837 0.01474077467 0.01463184894 0.01436805274 0.01483437945 0.01462118681 0.01445241178 0.01435051072 0.01440921737 0.01456687641 0.0 0.0 0.0 0.0 0.0 0.0 0.0 0.0 0.0 0.0 0.0
0.0 0.0 0.0 0.0 0.0 0.0 0.0 0.0 0.0 0.0 0.0 0.0 0.0 0.0 0.0 0.0 0.0 0.0 0.0 0.0 0.0 0.0 0.0 0.0 0.0 0.0 0.0 0.0 0.0 0.0 0.0 0.0 0.0 0.0 0.0 0.0 0.0 0.0 0.0 0.01300221742 0.01200776337 0.01436477901 0.01348001067 0.01405196434 0.01267600923 0.01426617533 2.66133807198 0.01316449505 0.01301877393 0.01288981188 0.01449193417 0.01515117753 0.01637592739 0.01568585016 0.01363987559 0.01365371971 0.01512092894 0.01280089797 0.0137226332 0.01482991759 0.01516672072 0.0146888498 0.01437637908 0.0 0.0 0.0 0.0 0.0 0.0 0.0 0.0 0.0 0.0 0.0
0.0 0.0 0.0 0.0 0.0 0.0 0.0 0.0 0.0 0.0 0.0 0.0 0.0 0.0 0.0 0.0 0.0 0.0 0.0 0.0 0.0 0.0 0.0 0.0 0.0 0.0 0.0 0.0 0.0 0.0 0.0 0.0 0.0 0.0 0.0 0.0 0.0 0.0 0.0 0.01661986558 0.01831331129 0.01455844016 0.01574897783 0.01500565473 0.01701540698 0.01469443911 0.01316449505 0.446360621253 0.0165666794 0.01681825447 0.01449971292 0.01364952809 0.01246884768 0.0131687616 0.01559174286 0.01550591412 0.01368473001 0.01691893984 0.01540995053 0.01399195765 0.01360093441 0.01408205372 0.01454470859 0.0 0.0 0.0 0.0 0.0 0.0 0.0 0.0 0.0 0.0 0.0
0.0 0.0 0.0 0.0 0.0 0.0 0.0 0.0 0.0 0.0 0.0 0.0 0.0 0.0 0.0 0.0 0.0 0.0 0.0 0.0 0.0 0.0 0.0 0.0 0.0 0.0 0.0 0.0 0.0 0.0 0.0 0.0 0.0 0.0 0.0 0.0 0.0 0.0 0.0 0.01740777606 0.01993251072 0.01456188243 0.01609235356 0.0152333185 0.01764720658 0.01481668545 0.01301877393 0.0165666794 0.249189257203 0.01737222669 0.01463158548 0.01354457977 0.01218015043 0.01298558211 0.01599740116 0.01569598875 0.01357142923 0.01765480298 0.01556280106 0.01399611697 0.01345985151 0.01406393094 0.01464849261 0.0 0.0 0.0 0.0 0.0 0.0 0.0 0.0 0.0 0.0 0.0
0.0 0.0 0.0 0.0 0.0 0.0 0.0 0.0 0.0 0.0 0.0 0.0 0.0 0.0 0.0 0.0 0.0 0.0 0.0 0.0 0.0 0.0 0.0 0.0 0.0 0.0 0.0 0.0 0.0 0.0 0.0 0.0 0.0 0.0 0.0 0.0 0.0 0.0 0.0 0.01755648362 0.02061499762 0.01454128031 0.0161174276 0.01517187581 0.01809562504 0.01475205913 0.01288981188 0.01681825447 0.01737222669 0.414406826182 0.01452156974 0.01347072667 0.01210207962 0.01287407098 0.01597284953 0.01580194245 0.01347799752 0.01791613052 0.01566419127 0.01385443512 0.01340094522 0.01396386658 0.0145545865 0.0 0.0 0.0 0.0 0.0 0.0 0.0 0.0 0.0 0.0 0.0
0.0 0.0 0.0 0.0 0.0 0.0 0.0 0.0 0.0 0.0 0.0 0.0 0.0 0.0 0.0 0.0 0.0 0.0 0.0 0.0 0.0 0.0 0.0 0.0 0.0 0.0 0.0 0.0 0.0 0.0 0.0 0.0 0.0 0.0 0.0 0.0 0.0 0.0 0.0 0.01469338505 0.01473985692 0.01452083311 0.01459410581 0.01461213945 0.0145046899 0.01457603599 0.01449193417 0.01449971292 0.01463158548 0.01452156974 0.510021841805 0.01449045072 0.0143700434 0.01444637086 0.01462715293 0.0144902663 0.0144829444 0.01460594417 0.01449252144 0.01453220836 0.0144437909 0.01442497437 0.01457654352 0.0 0.0 0.0 0.0 0.0 0.0 0.0 0.0 0.0 0.0 0.0
0.0 0.0 0.0 0.0 0.0 0.0 0.0 0.0 0.0 0.0 0.0 0.0 0.0 0.0 0.0 0.0 0.0 0.0 0.0 0.0 0.0 0.0 0.0 0.0 0.0 0.0 0.0 0.0 0.0 0.0 0.0 0.0 0.0 0.0 0.0 0.0 0.0 0.0 0.0 0.01352694566 0.0128232064 0.01444511291 0.01386743693 0.0142310795 0.01334312256 0.01438199145 0.01515117753 0.01364952809 0.01354457977 0.01347072667 0.01449045072 2.0681902337 0.01549726251 0.01514814159 0.01396914717 0.01399461279 0.01486475117 0.01339395484 0.014033404 0.01470915279 0.01493103204 0.01462891594 0.01444511345 0.0 0.0 0.0 0.0 0.0 0.0 0.0 0.0 0.0 0.0 0.0
0.0 0.0 0.0 0.0 0.0 0.0 0.0 0.0 0.0 0.0 0.0 0.0 0.0 0.0 0.0 0.0 0.0 0.0 0.0 0.0 0.0 0.0 0.0 0.0 0.0 0.0 0.0 0.0 0.0 0.0 0.0 0.0 0.0 0.0 0.0 0.0 0.0 0.0 0.0 0.01215690642 0.01071499171 0.01426380343 0.01288131137 0.01375041792 0.01181651609 0.01410542008 0.01637592739 0.01246884768 0.01218015043 0.01210207962 0.0143700434 0.01549726251 2.17650348149 0.01641611461 0.01315822577 0.01321337921 0.01536969789 0.01189316274 0.01332116195 0.01495082549 0.01557759721 0.01485972417 0.01422521238 0.0 0.0 0.0 0.0 0.0 0.0 0.0 0.0 0.0 0.0 0.0
0.0 0.0 0.0 0.0 0.0 0.0 0.0 0.0 0.0 0.0 0.0 0.0 0.0 0.0 0.0 0.0 0.0 0.0 0.0 0.0 0.0 0.0 0.0 0.0 0.0 0.0 0.0 0.0 0.0 0.0 0.0 0.0 0.0 0.0 0.0 0.0 0.0 0.0 0.0 0.01295412932 0.01195222068 0.01435137468 0.01346973618 0.01402630996 0.01269016051 0.01425036837 0.01568585016 0.0131687616 0.01298558211 0.01287407098 0.01444637086 0.01514814159 0.01641611461 1.22607148798 0.01363377895 0.01366203311 0.01510256795 0.01276826568 0.01372596279 0.01484808773 0.01517946949 0.01477301417 0.01436154305 0.0 0.0 0.0 0.0 0.0 0.0 0.0 0.0 0.0 0.0 0.0
0.0 0.0 0.0 0.0 0.0 0.0 0.0 0.0 0.0 0.0 0.0 0.0 0.0 0.0 0.0 0.0 0.0 0.0 0.0 0.0 0.0 0.0 0.0 0.0 0.0 0.0 0.0 0.0 0.0 0.0 0.0 0.0 0.0 0.0 0.0 0.0 0.0 0.0 0.0 0.016115277 0.01731509842 0.01455813349 0.0154645939 0.01499127988 0.01620902428 0.01474077467 0.01363987559 0.01559174286 0.01599740116 0.01597284953 0.01462715293 0.01396914717 0.01315822577 0.01363377895 0.731987939275 0.01516627739 0.01396144092 0.01619560114 0.01510055567 0.01425759425 0.01392706664 0.01428805748 0.01464882453 0.0 0.0 0.0 0.0 0.0 0.0 0.0 0.0 0.0 0.0 0.0
0.0 0.0 0.0 0.0 0.0 0.0 0.0 0.0 0.0 0.0 0.0 0.0 0.0 0.0 0.0 0.0 0.0 0.0 0.0 0.0 0.0 0.0 0.0 0.0 0.0 0.0 0.0 0.0 0.0 0.0 0.0 0.0 0.0 0.0 0.0 0.0 0.0 0.0 0.0 0.01570679327 0.01656915618 0.01455974781 0.01525384199 0.01482306529 0.01594202862 0.01463184894 0.01365371971 0.01550591412 0.01569598875 0.01580194245 0.0144902663 0.01399461279 0.01321337921 0.01366203311 0.01516627739 0.441518251013 0.01400520821 0.01587343851 0.01508494784 0.01419287339 0.0139641891 0.01424584955 0.01455139516 0.0 0.0 0.0 0.0 0.0 0.0 0.0 0.0 0.0 0.0 0.0
0.0 0.0 0.0 0.0 0.0 0.0 0.0 0.0 0.0 0.0 0.0 0.0 0.0 0.0 0.0 0.0 0.0 0.0 0.0 0.0 0.0 0.0 0.0 0.0 0.0 0.0 0.0 0.0 0.0 0.0 0.0 0.0 0.0 0.0 0.0 0.0 0.0 0.0 0.0 0.01353638733 0.01286523203 0.01444549262 0.0138933495 0.0142294689 0.01336897587 0.01436805274 0.01512092894 0.01368473001 0.01357142923 0.01347799752 0.0144829444 0.01486475117 0.01536969789 0.01510256795 0.01396144092 0.01400520821 6.55753402359 0.01342570881 0.01405581425 0.01472793876 0.01488842163 0.01466688782 0.01445864474 0.0 0.0 0.0 0.0 0.0 0.0 0.0 0.0 0.0 0.0 0.0
0.0 0.0 0.0 0.0 0.0 0.0 0.0 0.0 0.0 0.0 0.0 0.0 0.0 0.0 0.0 0.0 0.0 0.0 0.0 0.0 0.0 0.0 0.0 0.0 0.0 0.0 0.0 0.0 0.0 0.0 0.0 0.0 0.0 0.0 0.0 0.0 0.0 0.0 0.0 0.01787180519 0.02105019092 0.01454872971 0.01631389096 0.01530221962 0.01827145503 0.01483437945 0.01280089797 0.01691893984 0.01765480298 0.01791613052 0.01460594417 0.01339395484 0.01189316274 0.01276826568 0.01619560114 0.01587343851 0.01342570881 0.302192227736 0.01571607404 0.01390708638 0.0133140774 0.01400219977 0.0146287059 0.0 0.0 0.0 0.0 0.0 0.0 0.0 0.0 0.0 0.0 0.0
0.0 0.0 0.0 0.0 0.0 0.0 0.0 0.0 0.0 0.0 0.0 0.0 0.0 0.0 0.0 0.0 0.0 0.0 0.0 0.0 0.0 0.0 0.0 0.0 0.0 0.0 0.0 0.0 0.0 0.0 0.0 0.0 0.0 0.0 0.0 0.0 0.0 0.0 0.0 0.01557541836 0.01629573565 0.01455579407 0.01518914378 0.01479961506 0.01576646487 0.01462118681 0.0137226332 0.01540995053 0.01556280106 0.01566419127 0.01449252144 0.014033404 0.01332116195 0.01372596279 0.01510055567 0.01508494784 0.01405581425 0.01571607404 0.732170271842 0.01422431484 0.01401266093 0.01428119213 0.01455047961 0.0 0.0 0.0 0.0 0.0 0.0 0.0 0.0 0.0 0.0 0.0
0.0 0.0 0.0 0.0 0.0 0.0 0.0 0.0 0.0 0.0 0.0 0.0 0.0 0.0 0.0 0.0 0.0 0.0 0.0 0.0 0.0 0.0 0.0 0.0 0.0 0.0 0.0 0.0 0.0 0.0 0.0 0.0 0.0 0.0 0.0 0.0 0.0 0.0 0.0 0.0140004806 0.01367660117 0.01444886283 0.01421223758 0.01438934166 0.01387447525 0.01445241178 0.01482991759 0.01399195765 0.01399611697 0.01385443512 0.01453220836 0.01470915279 0.01495082549 0.01484808773 0.01425759425 0.01419287339 0.01472793876 0.01390708638 0.01422431484 0.903052325574 0.01473833923 0.01478142118 0.01453930429 0.0 0.0 0.0 0.0 0.0 0.0 0.0 0.0 0.0 0.0 0.0
0.0 0.0 0.0 0.0 0.0 0.0 0.0 0.0 0.0 0.0 0.0 0.0 0.0 0.0 0.0 0.0 0.0 0.0 0.0 0.0 0.0 0.0 0.0 0.0 0.0 0.0 0.0 0.0 0.0 0.0 0.0 0.0 0.0 0.0 0.0 0.0 0.0 0.0 0.0 0.01343383752 0.01268586904 0.01442160042 0.01383435817 0.01419132775 0.01331863811 0.01435051072 0.01516672072 0.01360093441 0.01345985151 0.01340094522 0.0144437909 0.01493103204 0.01557759721 0.01517946949 0.01392706664 0.0139641891 0.01488842163 0.0133140774 0.01401266093 0.01473833923 0.578386756462 0.01474877567 0.01442444984 0.0 0.0 0.0 0.0 0.0 0.0 0.0 0.0 0.0 0.0 0.0
0.0 0.0 0.0 0.0 0.0 0.0 0.0 0.0 0.0 0.0 0.0 0.0 0.0 0.0 0.0 0.0 0.0 0.0 0.0 0.0 0.0 0.0 0.0 0.0 0.0 0.0 0.0 0.0 0.0 0.0 0.0 0.0 0.0 0.0 0.0 0.0 0.0 0.0 0.0 0.01405969044 0.01383460723 0.01438737608 0.01427344702 0.01434258408 0.01408065763 0.01440921737 0.0146888498 0.01408205372 0.01406393094 0.01396386658 0.01442497437 0.01462891594 0.01485972417 0.01477301417 0.01428805748 0.01424584955 0.01466688782 0.01400219977 0.01428119213 0.01478142118 0.01474877567 2.9552241573 0.01448217396 0.0 0.0 0.0 0.0 0.0 0.0 0.0 0.0 0.0 0.0 0.0
0.0 0.0 0.0 0.0 0.0 0.0 0.0 0.0 0.0 0.0 0.0 0.0 0.0 0.0 0.0 0.0 0.0 0.0 0.0 0.0 0.0 0.0 0.0 0.0 0.0 0.0 0.0 0.0 0.0 0.0 0.0 0.0 0.0 0.0 0.0 0.0 0.0 0.0 0.0 0.01467039305 0.01469201387 0.01453351431 0.01463427103 0.01461181097 0.01458568824 0.01456687641 0.01437637908 0.01454470859 0.01464849261 0.0145545865 0.01457654352 0.01444511345 0.01422521238 0.01436154305 0.01464882453 0.01455139516 0.01445864474 0.0146287059 0.01455047961 0.01453930429 0.01442444984 0.01448217396 1.00569074112 0.0 0.0 0.0 0.0 0.0 0.0 0.0 0.0 0.0 0.0 0.0
0.0 0.0 0.0 0.0 0.0 0.0 0.0 0.0 0.0 0.0 0.0 0.0 0.0 0.0 0.0 0.0 0.0 0.0 0.0 0.0 0.0 0.0 0.0 0.0 0.0 0.0 0.0 0.0 0.0 0.0 0.0 0.0 0.0 0.0 0.0 0.0 0.0 0.0 0.0 0.0 0.0 0.0 0.0 0.0 0.0 0.0 0.0 0.0 0.0 0.0 0.0 0.0 0.0 0.0 0.0 0.0 0.0 0.0 0.0 0.0 0.0 0.0 0.0 0.160521686588 0.01007733994 0.01989445117 0.01963855454 0.01953648809 0.01897216315 0.0157186755 0.01660908068 0.01887504969 0.0158717508 0.01705931817
0.0 0.0 0.0 0.0 0.0 0.0 0.0 0.0 0.0 0.0 0.0 0.0 0.0 0.0 0.0 0.0 0.0 0.0 0.0 0.0 0.0 0.0 0.0 0.0 0.0 0.0 0.0 0.0 0.0 0.0 0.0 0.0 0.0 0.0 0.0 0.0 0.0 0.0 0.0 0.0 0.0 0.0 0.0 0.0 0.0 0.0 0.0 0.0 0.0 0.0 0.0 0.0 0.0 0.0 0.0 0.0 0.0 0.0 0.0 0.0 0.0 0.0 0.0 0.01007733994 4.51851433334 0.01757353466 0.01779747842 0.01804511261 0.01898453358 0.0235301386 0.02251838656 0.01896236835 0.02334347437 0.02144504988
0.0 0.0 0.0 0.0 0.0 0.0 0.0 0.0 0.0 0.0 0.0 0.0 0.0 0.0 0.0 0.0 0.0 0.0 0.0 0.0 0.0 0.0 0.0 0.0 0.0 0.0 0.0 0.0 0.0 0.0 0.0 0.0 0.0 0.0 0.0 0.0 0.0 0.0 0.0 0.0 0.0 0.0 0.0 0.0 0.0 0.0 0.0 0.0 0.0 0.0 0.0 0.0 0.0 0.0 0.0 0.0 0.0 0.0 0.0 0.0 0.0 0.0 0.0 0.01989445117 0.01757353466 0.24365031972 0.01921465994 0.01914663717 0.01907783224 0.018202364 0.01851671523 0.01898370421 0.0182659481 0.01862339202
0.0 0.0 0.0 0.0 0.0 0.0 0.0 0.0 0.0 0.0 0.0 0.0 0.0 0.0 0.0 0.0 0.0 0.0 0.0 0.0 0.0 0.0 0.0 0.0 0.0 0.0 0.0 0.0 0.0 0.0 0.0 0.0 0.0 0.0 0.0 0.0 0.0 0.0 0.0 0.0 0.0 0.0 0.0 0.0 0.0 0.0 0.0 0.0 0.0 0.0 0.0 0.0 0.0 0.0 0.0 0.0 0.0 0.0 0.0 0.0 0.0 0.0 0.0 0.01963855454 0.01779747842 0.01921465994 0.226411374887 0.01915144189 0.01906771535 0.01834995898 0.01860892084 0.01896672319 0.01841489579 0.01871357338
0.0 0.0 0.0 0.0 0.0 0.0 0.0 0.0 0.0 0.0 0.0 0.0 0.0 0.0 0.0 0.0 0.0 0.0 0.0 0.0 0.0 0.0 0.0 0.0 0.0 0.0 0.0 0.0 0.0 0.0 0.0 0.0 0.0 0.0 0.0 0.0 0.0 0.0 0.0 0.0 0.0 0.0 0.0 0.0 0.0 0.0 0.0 0.0 0.0 0.0 0.0 0.0 0.0 0.0 0.0 0.0 0.0 0.0 0.0 0.0 0.0 0.0 0.0 0.01953648809 0.01804511261 0.01914663717 0.01915144189 0.250143383869 0.01905913485 0.01855510602 0.01874472231 0.01889818695 0.01862864025 0.01879681262
0.0 0.0 0.0 0.0 0.0 0.0 0.0 0.0 0.0 0.0 0.0 0.0 0.0 0.0 0.0 0.0 0.0 0.0 0.0 0.0 0.0 0.0 0.0 0.0 0.0 0.0 0.0 0.0 0.0 0.0 0.0 0.0 0.0 0.0 0.0 0.0 0.0 0.0 0.0 0.0 0.0 0.0 0.0 0.0 0.0 0.0 0.0 0.0 0.0 0.0 0.0 0.0 0.0 0.0 0.0 0.0 0.0 0.0 0.0 0.0 0.0 0.0 0.0 0.01897216315 0.01898453358 0.01907783224 0.01906771535 0.01905913485 0.228388399373 0.0187525362 0.018908764 0.01895774395 0.01879775653 0.01890518713
0.0 0.0 0.0 0.0 0.0 0.0 0.0 0.0 0.0 0.0 0.0 0.0 0.0 0.0 0.0 0.0 0.0 0.0 0.0 0.0 0.0 0.0 0.0 0.0 0.0 0.0 0.0 0.0 0.0 0.0 0.0 0.0 0.0 0.0 0.0 0.0 0.0 0.0 0.0 0.0 0.0 0.0 0.0 0.0 0.0 0.0 0.0 0.0 0.0 0.0 0.0 0.0 0.0 0.0 0.0 0.0 0.0 0.0 0.0 0.0 0.0 0.0 0.0 0.0157186755 0.0235301386 0.018202364 0.01834995898 0.01855510602 0.0187525362 3.72257119518 0.02026443766 0.0188211036 0.02088753564 0.01991849924
0.0 0.0 0.0 0.0 0.0 0.0 0.0 0.0 0.0 0.0 0.0 0.0 0.0 0.0 0.0 0.0 0.0 0.0 0.0 0.0 0.0 0.0 0.0 0.0 0.0 0.0 0.0 0.0 0.0 0.0 0.0 0.0 0.0 0.0 0.0 0.0 0.0 0.0 0.0 0.0 0.0 0.0 0.0 0.0 0.0 0.0 0.0 0.0 0.0 0.0 0.0 0.0 0.0 0.0 0.0 0.0 0.0 0.0 0.0 0.0 0.0 0.0 0.0 0.01660908068 0.02251838656 0.01851671523 0.01860892084 0.01874472231 0.018908764 0.02026443766 0.363641697087 0.0188868594 0.02023310358 0.01964644255
0.0 0.0 0.0 0.0 0.0 0.0 0.0 0.0 0.0 0.0 0.0 0.0 0.0 0.0 0.0 0.0 0.0 0.0 0.0 0.0 0.0 0.0 0.0 0.0 0.0 0.0 0.0 0.0 0.0 0.0 0.0 0.0 0.0 0.0 0.0 0.0 0.0 0.0 0.0 0.0 0.0 0.0 0.0 0.0 0.0 0.0 0.0 0.0 0.0 0.0 0.0 0.0 0.0 0.0 0.0 0.0 0.0 0.0 0.0 0.0 0.0 0.0 0.0 0.01887504969 0.01896236835 0.01898370421 0.01896672319 0.01889818695 0.01895774395 0.0188211036 0.0188868594 0.510172240399 0.01882628321 0.01892342752
0.0 0.0 0.0 0.0 0.0 0.0 0.0 0.0 0.0 0.0 0.0 0.0 0.0 0.0 0.0 0.0 0.0 0.0 0.0 0.0 0.0 0.0 0.0 0.0 0.0 0.0 0.0 0.0 0.0 0.0 0.0 0.0 0.0 0.0 0.0 0.0 0.0 0.0 0.0 0.0 0.0 0.0 0.0 0.0 0.0 0.0 0.0 0.0 0.0 0.0 0.0 0.0 0.0 0.0 0.0 0.0 0.0 0.0 0.0 0.0 0.0 0.0 0.0 0.0158717508 0.02334347437 0.0182659481 0.01841489579 0.01862864025 0.01879775653 0.02088753564 0.02023310358 0.01882628321 1.12556655333 0.0199001234
0.0 0.0 0.0 0.0 0.0 0.0 0.0 0.0 0.0 0.0 0.0 0.0 0.0 0.0 0.0 0.0 0.0 0.0 0.0 0.0 0.0 0.0 0.0 0.0 0.0 0.0 0.0 0.0 0.0 0.0 0.0 0.0 0.0 0.0 0.0 0.0 0.0 0.0 0.0 0.0 0.0 0.0 0.0 0.0 0.0 0.0 0.0 0.0 0.0 0.0 0.0 0.0 0.0 0.0 0.0 0.0 0.0 0.0 0.0 0.0 0.0 0.0 0.0 0.01705931817 0.02144504988 0.01862339202 0.01871357338 0.01879681262 0.01890518713 0.01991849924 0.01964644255 0.01892342752 0.0199001234 0.511186444749
