70 70
0.167600338658 0.007803151705 0.008640760905 0.007603695955 0.007076529116 0.007091626357 0.00733108582 0.00743487349 0.008107247528 0.007724753515 0.007479566159 0.007454985851 0.007757795271 0.007278109923 0.007346239015 0.007959884181 0.008209762202 0.008649379405 0.0 0.0 0.0 0.0 0.0 0.0 0.0 0.0 0.0 0.0 0.0 0.0 0.0 0.0 0.0 0.0 0.0 0.0 0.0 0.0 0.0 0.0 0.0 0.0 0.0 0.0 0.0 0.0 0.0 0.0 0.0 0.0 0.0 0.0 0.0 0.0 0.0 0.0 0.0 0.0 0.0 0.0 0.0 0.0 0.0 0.0 0.0 0.0 0.0 0.0 0.0 0.0
0.007803151705 0.277311923058 0.007754944262 0.007914759185 0.008075108698 0.008059114356 0.008021589418 0.008004373956 0.007825740126 0.007961190591 0.00806455466 0.008044441152 0.007931184328 0.008031238149 0.00804661383 0.007920293576 0.007808835439 0.007740831685 0.0 0.0 0.0 0.0 0.0 0.0 0.0 0.0 0.0 0.0 0.0 0.0 0.0 0.0 0.0 0.0 0.0 0.0 0.0 0.0 0.0 0.0 0.0 0.0 0.0 0.0 0.0 0.0 0.0 0.0 0.0 0.0 0.0 0.0 0.0 0.0 0.0 0.0 0.0 0.0 0.0 0.0 0.0 0.0 0.0 0.0 0.0 0.0 0.0 0.0 0.0 0.0
0.008640760905 0.007754944262 0.170926026967 0.007640519549 0.006907566371 0.006991499086 0.007259510638 0.007382732368 0.008106944411 0.007671290576 0.007358448816 0.007353421337 0.007726848044 0.007198310174 0.007237577209 0.007932875695 0.00822045253 0.008740617235 0.0 0.0 0.0 0.0 0.0 0.0 0.0 0.0 0.0 0.0 0.0 0.0 0.0 0.0 0.0 0.0 0.0 0.0 0.0 0.0 0.0 0.0 0.0 0.0 0.0 0.0 0.0 0.0 0.0 0.0 0.0 0.0 0.0 0.0 0.0 0.0 0.0 0.0 0.0 0.0 0.0 0.0 0.0 0.0 0.0 0.0 0.0 0.0 0.0 0.0 0.0 0.0
0.007603695955 0.007914759185 0.007640519549 0.321482641655 0.008169288312 0.008294441065 0.008177352421 0.008150698152 0.00773580193 0.007931481624 0.00797479898 0.008030234502 0.00793653495 0.008202307253 0.008092008862 0.007815966788 0.007705602501 0.007508694461 0.0 0.0 0.0 0.0 0.0 0.0 0.0 0.0 0.0 0.0 0.0 0.0 0.0 0.0 0.0 0.0 0.0 0.0 0.0 0.0 0.0 0.0 0.0 0.0 0.0 0.0 0.0 0.0 0.0 0.0 0.0 0.0 0.0 0.0 0.0 0.0 0.0 0.0 0.0 0.0 0.0 0.0 0.0 0.0 0.0 0.0 0.0 0.0 0.0 0.0 0.0 0.0
0.007076529116 0.008075108698 0.006907566371 0.008169288312 2.300048422 0.009497711205 0.008871837924 0.008596906526 0.007583671839 0.008183735787 0.008730225326 0.008744604356 0.00803688362 0.008986243769 0.00892888235 0.007813361279 0.00752655378 0.006765238099 0.0 0.0 0.0 0.0 0.0 0.0 0.0 0.0 0.0 0.0 0.0 0.0 0.0 0.0 0.0 0.0 0.0 0.0 0.0 0.0 0.0 0.0 0.0 0.0 0.0 0.0 0.0 0.0 0.0 0.0 0.0 0.0 0.0 0.0 0.0 0.0 0.0 0.0 0.0 0.0 0.0 0.0 0.0 0.0 0.0 0.0 0.0 0.0 0.0 0.0 0.0 0.0
0.007091626357 0.008059114356 0.006991499086 0.008294441065 0.009497711205 1.45613199165 0.008851821904 0.008629760928 0.007592029679 0.008145763698 0.00862881549 0.00865037387 0.008075365128 0.008959474026 0.008850629062 0.007796286012 0.007488077205 0.006903437631 0.0 0.0 0.0 0.0 0.0 0.0 0.0 0.0 0.0 0.0 0.0 0.0 0.0 0.0 0.0 0.0 0.0 0.0 0.0 0.0 0.0 0.0 0.0 0.0 0.0 0.0 0.0 0.0 0.0 0.0 0.0 0.0 0.0 0.0 0.0 0.0 0.0 0.0 0.0 0.0 0.0 0.0 0.0 0.0 0.0 0.0 0.0 0.0 0.0 0.0 0.0 0.0
0.00733108582 0.008021589418 0.007259510638 0.008177352421 0.008871837924 0.008851821904 0.403766334866 0.008395014713 0.007669051494 0.008071008286 0.008380963711 0.008398493295 0.008016445763 0.008593440381 0.008529840243 0.007830358629 0.007598410556 0.007198269167 0.0 0.0 0.0 0.0 0.0 0.0 0.0 0.0 0.0 0.0 0.0 0.0 0.0 0.0 0.0 0.0 0.0 0.0 0.0 0.0 0.0 0.0 0.0 0.0 0.0 0.0 0.0 0.0 0.0 0.0 0.0 0.0 0.0 0.0 0.0 0.0 0.0 0.0 0.0 0.0 0.0 0.0 0.0 0.0 0.0 0.0 0.0 0.0 0.0 0.0 0.0 0.0
0.00743487349 0.008004373956 0.007382732368 0.008150698152 0.008596906526 0.008629760928 0.008395014713 0.337985955668 0.00770862056 0.008032655322 0.008265093409 0.008281551677 0.008001111196 0.008445058633 0.008379837176 0.007843069383 0.007642183999 0.007337073164 0.0 0.0 0.0 0.0 0.0 0.0 0.0 0.0 0.0 0.0 0.0 0.0 0.0 0.0 0.0 0.0 0.0 0.0 0.0 0.0 0.0 0.0 0.0 0.0 0.0 0.0 0.0 0.0 0.0 0.0 0.0 0.0 0.0 0.0 0.0 0.0 0.0 0.0 0.0 0.0 0.0 0.0 0.0 0.0 0.0 0.0 0.0 0.0 0.0 0.0 0.0 0.0
0.008107247528 0.007825740126 0.008106944411 0.00773580193 0.007583671839 0.007592029679 0.007669051494 0.00770862056 0.187551527637 0.007987160017 0.007815561094 0.007784493435 0.008048290566 0.007622535913 0.007743129933 0.008048277522 0.008180161221 0.008454568013 0.0 0.0 0.0 0.0 0.0 0.0 0.0 0.0 0.0 0.0 0.0 0.0 0.0 0.0 0.0 0.0 0.0 0.0 0.0 0.0 0.0 0.0 0.0 0.0 0.0 0.0 0.0 0.0 0.0 0.0 0.0 0.0 0.0 0.0 0.0 0.0 0.0 0.0 0.0 0.0 0.0 0.0 0.0 0.0 0.0 0.0 0.0 0.0 0.0 0.0 0.0 0.0
0.007724753515 0.007961190591 0.007671290576 0.007931481624 0.008183735787 0.008145763698 0.008071008286 0.008032655322 0.007987160017 0.233764227794 0.008122381712 0.008104460093 0.008053365326 0.008068124865 0.008127439611 0.007976020086 0.007878826873 0.007837291748 0.0 0.0 0.0 0.0 0.0 0.0 0.0 0.0 0.0 0.0 0.0 0.0 0.0 0.0 0.0 0.0 0.0 0.0 0.0 0.0 0.0 0.0 0.0 0.0 0.0 0.0 0.0 0.0 0.0 0.0 0.0 0.0 0.0 0.0 0.0 0.0 0.0 0.0 0.0 0.0 0.0 0.0 0.0 0.0 0.0 0.0 0.0 0.0 0.0 0.0 0.0 0.0
0.007479566159 0.00806455466 0.007358448816 0.00797479898 0.008730225326 0.00862881549 0.008380963711 0.008265093409 0.007815561094 0.008122381712 0.277429773549 0.008402044039 0.008062230451 0.008420176198 0.008473064674 0.007935569412 0.007713330592 0.007458586377 0.0 0.0 0.0 0.0 0.0 0.0 0.0 0.0 0.0 0.0 0.0 0.0 0.0 0.0 0.0 0.0 0.0 0.0 0.0 0.0 0.0 0.0 0.0 0.0 0.0 0.0 0.0 0.0 0.0 0.0 0.0 0.0 0.0 0.0 0.0 0.0 0.0 0.0 0.0 0.0 0.0 0.0 0.0 0.0 0.0 0.0 0.0 0.0 0.0 0.0 0.0 0.0
0.007454985851 0.008044441152 0.007353421337 0.008030234502 0.008744604356 0.00865037387 0.008398493295 0.008281551677 0.007784493435 0.008104460093 0.008402044039 0.392340235629 0.008043641326 0.008441439028 0.008458305419 0.007905838424 0.007692139743 0.007398484669 0.0 0.0 0.0 0.0 0.0 0.0 0.0 0.0 0.0 0.0 0.0 0.0 0.0 0.0 0.0 0.0 0.0 0.0 0.0 0.0 0.0 0.0 0.0 0.0 0.0 0.0 0.0 0.0 0.0 0.0 0.0 0.0 0.0 0.0 0.0 0.0 0.0 0.0 0.0 0.0 0.0 0.0 0.0 0.0 0.0 0.0 0.0 0.0 0.0 0.0 0.0 0.0
0.007757795271 0.007931184328 0.007726848044 0.00793653495 0.00803688362 0.008075365128 0.008016445763 0.008001111196 0.008048290566 0.008053365326 0.008062230451 0.008043641326 0.294118915243 0.008002886484 0.008065275185 0.007984147586 0.007919038935 0.007931575631 0.0 0.0 0.0 0.0 0.0 0.0 0.0 0.0 0.0 0.0 0.0 0.0 0.0 0.0 0.0 0.0 0.0 0.0 0.0 0.0 0.0 0.0 0.0 0.0 0.0 0.0 0.0 0.0 0.0 0.0 0.0 0.0 0.0 0.0 0.0 0.0 0.0 0.0 0.0 0.0 0.0 0.0 0.0 0.0 0.0 0.0 0.0 0.0 0.0 0.0 0.0 0.0
0.007278109923 0.008031238149 0.007198310174 0.008202307253 0.008986243769 0.008959474026 0.008593440381 0.008445058633 0.007622535913 0.008068124865 0.008420176198 0.008441439028 0.008002886484 1.19412518045 0.008592042421 0.007811653503 0.007562382355 0.007103373758 0.0 0.0 0.0 0.0 0.0 0.0 0.0 0.0 0.0 0.0 0.0 0.0 0.0 0.0 0.0 0.0 0.0 0.0 0.0 0.0 0.0 0.0 0.0 0.0 0.0 0.0 0.0 0.0 0.0 0.0 0.0 0.0 0.0 0.0 0.0 0.0 0.0 0.0 0.0 0.0 0.0 0.0 0.0 0.0 0.0 0.0 0.0 0.0 0.0 0.0 0.0 0.0
0.007346239015 0.00804661383 0.007237577209 0.008092008862 0.00892888235 0.008850629062 0.008529840243 0.008379837176 0.007743129933 0.008127439611 0.008473064674 0.008458305419 0.008065275185 0.008592042421 0.425091764189 0.007885176302 0.007642869444 0.007267683498 0.0 0.0 0.0 0.0 0.0 0.0 0.0 0.0 0.0 0.0 0.0 0.0 0.0 0.0 0.0 0.0 0.0 0.0 0.0 0.0 0.0 0.0 0.0 0.0 0.0 0.0 0.0 0.0 0.0 0.0 0.0 0.0 0.0 0.0 0.0 0.0 0.0 0.0 0.0 0.0 0.0 0.0 0.0 0.0 0.0 0.0 0.0 0.0 0.0 0.0 0.0 0.0
0.007959884181 0.007920293576 0.007932875695 0.007815966788 0.007813361279 0.007796286012 0.007830358629 0.007843069383 0.008048277522 0.007976020086 0.007935569412 0.007905838424 0.007984147586 0.007811653503 0.007885176302 0.29700853697 0.007991169181 0.008096979726 0.0 0.0 0.0 0.0 0.0 0.0 0.0 0.0 0.0 0.0 0.0 0.0 0.0 0.0 0.0 0.0 0.0 0.0 0.0 0.0 0.0 0.0 0.0 0.0 0.0 0.0 0.0 0.0 0.0 0.0 0.0 0.0 0.0 0.0 0.0 0.0 0.0 0.0 0.0 0.0 0.0 0.0 0.0 0.0 0.0 0.0 0.0 0.0 0.0 0.0 0.0 0.0
0.008209762202 0.007808835439 0.00822045253 0.007705602501 0.00752655378 0.007488077205 0.007598410556 0.007642183999 0.008180161221 0.007878826873 0.007713330592 0.007692139743 0.007919038935 0.007562382355 0.007642869444 0.007991169181 0.210429756462 0.008393978485 0.0 0.0 0.0 0.0 0.0 0.0 0.0 0.0 0.0 0.0 0.0 0.0 0.0 0.0 0.0 0.0 0.0 0.0 0.0 0.0 0.0 0.0 0.0 0.0 0.0 0.0 0.0 0.0 0.0 0.0 0.0 0.0 0.0 0.0 0.0 0.0 0.0 0.0 0.0 0.0 0.0 0.0 0.0 0.0 0.0 0.0 0.0 0.0 0.0 0.0 0.0 0.0
0.008649379405 0.007740831685 0.008740617235 0.007508694461 0.006765238099 0.006903437631 0.007198269167 0.007337073164 0.008454568013 0.007837291748 0.007458586377 0.007398484669 0.007931575631 0.007103373758 0.007267683498 0.008096979726 0.008393978485 0.368366048633 0.0 0.0 0.0 0.0 0.0 0.0 0.0 0.0 0.0 0.0 0.0 0.0 0.0 0.0 0.0 0.0 0.0 0.0 0.0 0.0 0.0 0.0 0.0 0.0 0.0 0.0 0.0 0.0 0.0 0.0 0.0 0.0 0.0 0.0 0.0 0.0 0.0 0.0 0.0 0.0 0.0 0.0 0.0 0.0 0.0 0.0 0.0 0.0 0.0 0.0 0.0 0.0
0.0 0.0 0.0 0.0 0.0 0.0 0.0 0.0 0.0 0.0 0.0 0.0 0.0 0.0 0.0 0.0 0.0 0.0 0.499433061255 0.005566428556 0.005504135197 0.00527755077 0.005700030125 0.005467024635 0.005685780185 0.005405879094 0.005481124277 0.005535360595 0.005513095136 0.005693226749 0.005696612262 0.005741247705 0.005539196095 0.005448501221 0.005675257799 0.005505188027 0.005315991312 0.005405621383 0.0 0.0 0.0 0.0 0.0 0.0 0.0 0.0 0.0 0.0 0.0 0.0 0.0 0.0 0.0 0.0 0.0 0.0 0.0 0.0 0.0 0.0 0.0 0.0 0.0 0.0 0.0 0.0 0.0 0.0 0.0 0.0
0.0 0.0 0.0 0.0 0.0 0.0 0.0 0.0 0.0 0.0 0.0 0.0 0.0 0.0 0.0 0.0 0.0 0.0 0.005566428556 0.299286887783 0.005516527307 0.005465345124 0.005558411738 0.005546724326 0.005520009966 0.005488530675 0.005518880807 0.005530007152 0.005531954843 0.005573333193 0.005549276894 0.005557765467 0.005543277539 0.005522968266 0.00556420088 0.005520607221 0.005484467276 0.005495728632 0.0 0.0 0.0 0.0 0.0 0.0 0.0 0.0 0.0 0.0 0.0 0.0 0.0 0.0 0.0 0.0 0.0 0.0 0.0 0.0 0.0 0.0 0.0 0.0 0.0 0.0 0.0 0.0 0.0 0.0 0.0 0.0
0.0 0.0 0.0 0.0 0.0 0.0 0.0 0.0 0.0 0.0 0.0 0.0 0.0 0.0 0.0 0.0 0.0 0.0 0.005504135197 0.005516527307 0.47810598492 0.005581195361 0.005427062226 0.005535600262 0.005439732406 0.005585871099 0.005542649339 0.005568115699 0.00554652979 0.005448545348 0.005438002585 0.005385783783 0.005541682172 0.00556744166 0.005452957967 0.005573104752 0.005540217959 0.005578792045 0.0 0.0 0.0 0.0 0.0 0.0 0.0 0.0 0.0 0.0 0.0 0.0 0.0 0.0 0.0 0.0 0.0 0.0 0.0 0.0 0.0 0.0 0.0 0.0 0.0 0.0 0.0 0.0 0.0 0.0 0.0 0.0
0.0 0.0 0.0 0.0 0.0 0.0 0.0 0.0 0.0 0.0 0.0 0.0 0.0 0.0 0.0 0.0 0.0 0.0 0.00527755077 0.005465345124 0.005581195361 0.245113394051 0.004627825324 0.005896572562 0.004401764114 0.006098267783 0.0060200033 0.00560364116 0.005749605795 0.004817498541 0.004606178503 0.004357606318 0.005644822497 0.006075966096 0.004799675769 0.00576373127 0.00697567911 0.0062418985 0.0 0.0 0.0 0.0 0.0 0.0 0.0 0.0 0.0 0.0 0.0 0.0 0.0 0.0 0.0 0.0 0.0 0.0 0.0 0.0 0.0 0.0 0.0 0.0 0.0 0.0 0.0 0.0 0.0 0.0 0.0 0.0
0.0 0.0 0.0 0.0 0.0 0.0 0.0 0.0 0.0 0.0 0.0 0.0 0.0 0.0 0.0 0.0 0.0 0.0 0.005700030125 0.005558411738 0.005427062226 0.004627825324 1.07536807268 0.005161949491 0.006530259469 0.005180370737 0.005230995285 0.005443575768 0.005373138034 0.006090361331 0.006282533123 0.00650951128 0.005432335308 0.005130048374 0.006124190481 0.005354343222 0.004618079838 0.005068189771 0.0 0.0 0.0 0.0 0.0 0.0 0.0 0.0 0.0 0.0 0.0 0.0 0.0 0.0 0.0 0.0 0.0 0.0 0.0 0.0 0.0 0.0 0.0 0.0 0.0 0.0 0.0 0.0 0.0 0.0 0.0 0.0
0.0 0.0 0.0 0.0 0.0 0.0 0.0 0.0 0.0 0.0 0.0 0.0 0.0 0.0 0.0 0.0 0.0 0.0 0.005467024635 0.005546724326 0.005535600262 0.005896572562 0.005161949491 0.960958153177 0.00502318974 0.005602762546 0.005502151172 0.005441635711 0.005504478707 0.005228872149 0.005129277154 0.005036573755 0.005505282981 0.005646344137 0.005224589196 0.005458364661 0.005839451928 0.005592832127 0.0 0.0 0.0 0.0 0.0 0.0 0.0 0.0 0.0 0.0 0.0 0.0 0.0 0.0 0.0 0.0 0.0 0.0 0.0 0.0 0.0 0.0 0.0 0.0 0.0 0.0 0.0 0.0 0.0 0.0 0.0 0.0
0.0 0.0 0.0 0.0 0.0 0.0 0.0 0.0 0.0 0.0 0.0 0.0 0.0 0.0 0.0 0.0 0.0 0.0 0.005685780185 0.005520009966 0.005439732406 0.004401764114 0.006530259469 0.00502318974 1.18217705331 0.005101370049 0.005152791645 0.005433855261 0.00533121146 0.006236030503 0.006570521062 0.0069108009 0.005380337085 0.00500178059 0.006273612621 0.005329132442 0.004327991539 0.004980994234 0.0 0.0 0.0 0.0 0.0 0.0 0.0 0.0 0.0 0.0 0.0 0.0 0.0 0.0 0.0 0.0 0.0 0.0 0.0 0.0 0.0 0.0 0.0 0.0 0.0 0.0 0.0 0.0 0.0 0.0 0.0 0.0
0.0 0.0 0.0 0.0 0.0 0.0 0.0 0.0 0.0 0.0 0.0 0.0 0.0 0.0 0.0 0.0 0.0 0.0 0.005405879094 0.005488530675 0.005585871099 0.006098267783 0.005180370737 0.005602762546 0.005101370049 0.533250810454 0.005792107313 0.005609540393 0.005661440222 0.005221147961 0.005162105912 0.005045100767 0.005595008168 0.005777768904 0.005218874503 0.005690209364 0.006100942739 0.005900683 0.0 0.0 0.0 0.0 0.0 0.0 0.0 0.0 0.0 0.0 0.0 0.0 0.0 0.0 0.0 0.0 0.0 0.0 0.0 0.0 0.0 0.0 0.0 0.0 0.0 0.0 0.0 0.0 0.0 0.0 0.0 0.0
0.0 0.0 0.0 0.0 0.0 0.0 0.0 0.0 0.0 0.0 0.0 0.0 0.0 0.0 0.0 0.0 0.0 0.0 0.005481124277 0.005518880807 0.005542649339 0.0060200033 0.005230995285 0.005502151172 0.005152791645 0.005792107313 0.432274751752 0.005672326221 0.005741822925 0.005354952934 0.005269369078 0.005191538485 0.005670301194 0.005812880866 0.005325828483 0.005765871394 0.006227577668 0.005931340709 0.0 0.0 0.0 0.0 0.0 0.0 0.0 0.0 0.0 0.0 0.0 0.0 0.0 0.0 0.0 0.0 0.0 0.0 0.0 0.0 0.0 0.0 0.0 0.0 0.0 0.0 0.0 0.0 0.0 0.0 0.0 0.0
0.0 0.0 0.0 0.0 0.0 0.0 0.0 0.0 0.0 0.0 0.0 0.0 0.0 0.0 0.0 0.0 0.0 0.0 0.005535360595 0.005530007152 0.005568115699 0.00560364116 0.005443575768 0.005441635711 0.005433855261 0.005609540393 0.005672326221 0.21016666042 0.00562141436 0.0055157848 0.005465436934 0.005410241538 0.005609611059 0.005628023176 0.005500669465 0.005668016822 0.00567306698 0.005659651774 0.0 0.0 0.0 0.0 0.0 0.0 0.0 0.0 0.0 0.0 0.0 0.0 0.0 0.0 0.0 0.0 0.0 0.0 0.0 0.0 0.0 0.0 0.0 0.0 0.0 0.0 0.0 0.0 0.0 0.0 0.0 0.0
0.0 0.0 0.0 0.0 0.0 0.0 0.0 0.0 0.0 0.0 0.0 0.0 0.0 0.0 0.0 0.0 0.0 0.0 0.005513095136 0.005531954843 0.00554652979 0.005749605795 0.005373138034 0.005504478707 0.00533121146 0.005661440222 0.005741822925 0.00562141436 0.319683747524 0.005446348358 0.005395574427 0.005349018608 0.005611212477 0.005675712503 0.005429109868 0.005662321526 0.00584119676 0.00573297139 0.0 0.0 0.0 0.0 0.0 0.0 0.0 0.0 0.0 0.0 0.0 0.0 0.0 0.0 0.0 0.0 0.0 0.0 0.0 0.0 0.0 0.0 0.0 0.0 0.0 0.0 0.0 0.0 0.0 0.0 0.0 0.0
0.0 0.0 0.0 0.0 0.0 0.0 0.0 0.0 0.0 0.0 0.0 0.0 0.0 0.0 0.0 0.0 0.0 0.0 0.005693226749 0.005573333193 0.005448545348 0.004817498541 0.006090361331 0.005228872149 0.006236030503 0.005221147961 0.005354952934 0.0055157848 0.005446348358 0.708682202678 0.006139512898 0.006323224845 0.00549821471 0.005246813476 0.006030539863 0.005440714495 0.004852345792 0.005189836483 0.0 0.0 0.0 0.0 0.0 0.0 0.0 0.0 0.0 0.0 0.0 0.0 0.0 0.0 0.0 0.0 0.0 0.0 0.0 0.0 0.0 0.0 0.0 0.0 0.0 0.0 0.0 0.0 0.0 0.0 0.0 0.0
0.0 0.0 0.0 0.0 0.0 0.0 0.0 0.0 0.0 0.0 0.0 0.0 0.0 0.0 0.0 0.0 0.0 0.0 0.005696612262 0.005549276894 0.005438002585 0.004606178503 0.006282533123 0.005129277154 0.006570521062 0.005162105912 0.005269369078 0.005465436934 0.005395574427 0.006139512898 0.448900248242 0.006639947423 0.005438065379 0.005116545608 0.006155036802 0.005378749312 0.004582739913 0.005088397291 0.0 0.0 0.0 0.0 0.0 0.0 0.0 0.0 0.0 0.0 0.0 0.0 0.0 0.0 0.0 0.0 0.0 0.0 0.0 0.0 0.0 0.0 0.0 0.0 0.0 0.0 0.0 0.0 0.0 0.0 0.0 0.0
0.0 0.0 0.0 0.0 0.0 0.0 0.0 0.0 0.0 0.0 0.0 0.0 0.0 0.0 0.0 0.0 0.0 0.0 0.005741247705 0.005557765467 0.005385783783 0.004357606318 0.00650951128 0.005036573755 0.0069108009 0.005045100767 0.005191538485 0.005410241538 0.005349018608 0.006323224845 0.006639947423 0.295116367535 0.005397954588 0.004987793194 0.006340221146 0.005303292558 0.004328627097 0.004953734967 0.0 0.0 0.0 0.0 0.0 0.0 0.0 0.0 0.0 0.0 0.0 0.0 0.0 0.0 0.0 0.0 0.0 0.0 0.0 0.0 0.0 0.0 0.0 0.0 0.0 0.0 0.0 0.0 0.0 0.0 0.0 0.0
0.0 0.0 0.0 0.0 0.0 0.0 0.0 0.0 0.0 0.0 0.0 0.0 0.0 0.0 0.0 0.0 0.0 0.0 0.005539196095 0.005543277539 0.005541682172 0.005644822497 0.005432335308 0.005505282981 0.005380337085 0.005595008168 0.005670301194 0.005609611059 0.005611212477 0.00549821471 0.005438065379 0.005397954588 0.21394346496 0.005631581362 0.005480386322 0.005629884747 0.005728163369 0.005649831851 0.0 0.0 0.0 0.0 0.0 0.0 0.0 0.0 0.0 0.0 0.0 0.0 0.0 0.0 0.0 0.0 0.0 0.0 0.0 0.0 0.0 0.0 0.0 0.0 0.0 0.0 0.0 0.0 0.0 0.0 0.0 0.0
0.0 0.0 0.0 0.0 0.0 0.0 0.0 0.0 0.0 0.0 0.0 0.0 0.0 0.0 0.0 0.0 0.0 0.0 0.005448501221 0.005522968266 0.00556744166 0.006075966096 0.005130048374 0.005646344137 0.00500178059 0.005777768904 0.005812880866 0.005628023176 0.005675712503 0.005246813476 0.005116545608 0.004987793194 0.005631581362 0.550991701885 0.005227009931 0.005700082168 0.006175196894 0.005869950424 0.0 0.0 0.0 0.0 0.0 0.0 0.0 0.0 0.0 0.0 0.0 0.0 0.0 0.0 0.0 0.0 0.0 0.0 0.0 0.0 0.0 0.0 0.0 0.0 0.0 0.0 0.0 0.0 0.0 0.0 0.0 0.0
0.0 0.0 0.0 0.0 0.0 0.0 0.0 0.0 0.0 0.0 0.0 0.0 0.0 0.0 0.0 0.0 0.0 0.0 0.005675257799 0.00556420088 0.005452957967 0.004799675769 0.006124190481 0.005224589196 0.006273612621 0.005218874503 0.005325828483 0.005500669465 0.005429109868 0.006030539863 0.006155036802 0.006340221146 0.005480386322 0.005227009931 0.341061411712 0.005425073815 0.004809942902 0.005172840983 0.0 0.0 0.0 0.0 0.0 0.0 0.0 0.0 0.0 0.0 0.0 0.0 0.0 0.0 0.0 0.0 0.0 0.0 0.0 0.0 0.0 0.0 0.0 0.0 0.0 0.0 0.0 0.0 0.0 0.0 0.0 0.0
0.0 0.0 0.0 0.0 0.0 0.0 0.0 0.0 0.0 0.0 0.0 0.0 0.0 0.0 0.0 0.0 0.0 0.0 0.005505188027 0.005520607221 0.005573104752 0.00576373127 0.005354343222 0.005458364661 0.005329132442 0.005690209364 0.005765871394 0.005668016822 0.005662321526 0.005440714495 0.005378749312 0.005303292558 0.005629884747 0.005700082168 0.005425073815 0.448604493198 0.005859800186 0.005766258673 0.0 0.0 0.0 0.0 0.0 0.0 0.0 0.0 0.0 0.0 0.0 0.0 0.0 0.0 0.0 0.0 0.0 0.0 0.0 0.0 0.0 0.0 0.0 0.0 0.0 0.0 0.0 0.0 0.0 0.0 0.0 0.0
0.0 0.0 0.0 0.0 0.0 0.0 0.0 0.0 0.0 0.0 0.0 0.0 0.0 0.0 0.0 0.0 0.0 0.0 0.005315991312 0.005484467276 0.005540217959 0.00697567911 0.004618079838 0.005839451928 0.004327991539 0.006100942739 0.006227577668 0.00567306698 0.00584119676 0.004852345792 0.004582739913 0.004328627097 0.005728163369 0.006175196894 0.004809942902 0.005859800186 1.01389346996 0.006342979117 0.0 0.0 0.0 0.0 0.0 0.0 0.0 0.0 0.0 0.0 0.0 0.0 0.0 0.0 0.0 0.0 0.0 0.0 0.0 0.0 0.0 0.0 0.0 0.0 0.0 0.0 0.0 0.0 0.0 0.0 0.0 0.0
0.0 0.0 0.0 0.0 0.0 0.0 0.0 0.0 0.0 0.0 0.0 0.0 0.0 0.0 0.0 0.0 0.0 0.0 0.005405621383 0.005495728632 0.005578792045 0.0062418985 0.005068189771 0.005592832127 0.004980994234 0.005900683 0.005931340709 0.005659651774 0.00573297139 0.005189836483 0.005088397291 0.004953734967 0.005649831851 0.005869950424 0.005172840983 0.005766258673 0.006342979117 0.612114559309 0.0 0.0 0.0 0.0 0.0 0.0 0.0 0.0 0.0 0.0 0.0 0.0 0.0 0.0 0.0 0.0 0.0 0.0 0.0 0.0 0.0 0.0 0.0 0.0 0.0 0.0 0.0 0.0 0.0 0.0 0.0 0.0
0.0 0.0 0.0 0.0 0.0 0.0 0.0 0.0 0.0 0.0 0.0 0.0 0.0 0.0 0.0 0.0 0.0 0.0 0.0 0.0 0.0 0.0 0.0 0.0 0.0 0.0 0.0 0.0 0.0 0.0 0.0 0.0 0.0 0.0 0.0 0.0 0.0 0.0 0.131725672645 0.004282097697 0.004337199432 0.004716166691 0.004365698715 0.004494477654 0.004678449902 0.003810018002 0.004184023992 0.004259571294 0.004480224847 0.004709998477 0.00449835194 0.004019023799 0.004346060194 0.00394712592 0.004627852341 0.004501416667 0.004182403764 0.004799161014 0.004956049956 0.0 0.0 0.0 0.0 0.0 0.0 0.0 0.0 0.0 0.0 0.0
0.0 0.0 0.0 0.0 0.0 0.0 0.0 0.0 0.0 0.0 0.0 0.0 0.0 0.0 0.0 0.0 0.0 0.0 0.0 0.0 0.0 0.0 0.0 0.0 0.0 0.0 0.0 0.0 0.0 0.0 0.0 0.0 0.0 0.0 0.0 0.0 0.0 0.0 0.004282097697 0.230407767844 0.004355211824 0.004237997524 0.004333154673 0.004326963953 0.004323640224 0.0044124465 0.004366409951 0.004356968945 0.004339213373 0.004294302672 0.004333902631 0.004409547651 0.004364292838 0.004412803942 0.004293090382 0.004318569504 0.004379504301 0.004276331376 0.004228641046 0.0 0.0 0.0 0.0 0.0 0.0 0.0 0.0 0.0 0.0 0.0
0.0 0.0 0.0 0.0 0.0 0.0 0.0 0.0 0.0 0.0 0.0 0.0 0.0 0.0 0.0 0.0 0.0 0.0 0.0 0.0 0.0 0.0 0.0 0.0 0.0 0.0 0.0 0.0 0.0 0.0 0.0 0.0 0.0 0.0 0.0 0.0 0.0 0.0 0.004337199432 0.004355211824 0.289418188518 0.004323349232 0.004355040706 0.004356436525 0.004354422232 0.004329247235 0.004351249502 0.004347310038 0.004347328257 0.004339393868 0.004350595231 0.004336432975 0.004352264759 0.004337649224 0.004342293949 0.004348665605 0.004347114937 0.004331685772 0.004309248259 0.0 0.0 0.0 0.0 0.0 0.0 0.0 0.0 0.0 0.0 0.0
0.0 0.0 0.0 0.0 0.0 0.0 0.0 0.0 0.0 0.0 0.0 0.0 0.0 0.0 0.0 0.0 0.0 0.0 0.0 0.0 0.0 0.0 0.0 0.0 0.0 0.0 0.0 0.0 0.0 0.0 0.0 0.0 0.0 0.0 0.0 0.0 0.0 0.0 0.004716166691 0.004237997524 0.004323349232 0.135544217643 0.00442009657 0.004553196219 0.004430122058 0.003859405317 0.004258465282 0.004292603729 0.004549484725 0.004732675951 0.00453996589 0.003998029876 0.004316646117 0.003947643673 0.004743542283 0.004542741502 0.004201737739 0.004829192928 0.005115323558 0.0 0.0 0.0 0.0 0.0 0.0 0.0 0.0 0.0 0.0 0.0
0.0 0.0 0.0 0.0 0.0 0.0 0.0 0.0 0.0 0.0 0.0 0.0 0.0 0.0 0.0 0.0 0.0 0.0 0.0 0.0 0.0 0.0 0.0 0.0 0.0 0.0 0.0 0.0 0.0 0.0 0.0 0.0 0.0 0.0 0.0 0.0 0.0 0.0 0.004365698715 0.004333154673 0.004355040706 0.00442009657 0.184121874289 0.004374406173 0.004366340848 0.004270554285 0.004346324051 0.0043418922 0.004333804907 0.004354579113 0.004346775133 0.004268378913 0.004326952086 0.00427290115 0.004375289781 0.004364875936 0.004316237311 0.004359100647 0.004366657219 0.0 0.0 0.0 0.0 0.0 0.0 0.0 0.0 0.0 0.0 0.0
0.0 0.0 0.0 0.0 0.0 0.0 0.0 0.0 0.0 0.0 0.0 0.0 0.0 0.0 0.0 0.0 0.0 0.0 0.0 0.0 0.0 0.0 0.0 0.0 0.0 0.0 0.0 0.0 0.0 0.0 0.0 0.0 0.0 0.0 0.0 0.0 0.0 0.0 0.004494477654 0.004326963953 0.004356436525 0.004553196219 0.004374406173 0.170648011822 0.00444210669 0.004157457027 0.004324696138 0.00432250217 0.0044542383 0.004496652875 0.004449770174 0.004220586558 0.00435188452 0.004206109781 0.004490260389 0.004420481904 0.004300210567 0.004511296482 0.004545940067 0.0 0.0 0.0 0.0 0.0 0.0 0.0 0.0 0.0 0.0 0.0
0.0 0.0 0.0 0.0 0.0 0.0 0.0 0.0 0.0 0.0 0.0 0.0 0.0 0.0 0.0 0.0 0.0 0.0 0.0 0.0 0.0 0.0 0.0 0.0 0.0 0.0 0.0 0.0 0.0 0.0 0.0 0.0 0.0 0.0 0.0 0.0 0.0 0.0 0.004678449902 0.004323640224 0.004354422232 0.004430122058 0.004366340848 0.00444210669 0.299811835237 0.0040000684 0.004261283041 0.004264736255 0.004331846731 0.004463223573 0.00438134706 0.00411527032 0.004317590082 0.004102754718 0.004416287288 0.004396953855 0.004204213781 0.0045075807 0.004500567647 0.0 0.0 0.0 0.0 0.0 0.0 0.0 0.0 0.0 0.0 0.0
0.0 0.0 0.0 0.0 0.0 0.0 0.0 0.0 0.0 0.0 0.0 0.0 0.0 0.0 0.0 0.0 0.0 0.0 0.0 0.0 0.0 0.0 0.0 0.0 0.0 0.0 0.0 0.0 0.0 0.0 0.0 0.0 0.0 0.0 0.0 0.0 0.0 0.0 0.003810018002 0.0044124465 0.004329247235 0.003859405317 0.004270554285 0.004157457027 0.0040000684 1.21465764177 0.004484047512 0.0044270186 0.004195102601 0.003944145884 0.004174034865 0.00484837045 0.004357431893 0.004932539037 0.004001084346 0.004138725434 0.004550525042 0.003846055478 0.003677669814 0.0 0.0 0.0 0.0 0.0 0.0 0.0 0.0 0.0 0.0 0.0
0.0 0.0 0.0 0.0 0.0 0.0 0.0 0.0 0.0 0.0 0.0 0.0 0.0 0.0 0.0 0.0 0.0 0.0 0.0 0.0 0.0 0.0 0.0 0.0 0.0 0.0 0.0 0.0 0.0 0.0 0.0 0.0 0.0 0.0 0.0 0.0 0.0 0.0 0.004184023992 0.004366409951 0.004351249502 0.004258465282 0.004346324051 0.004324696138 0.004261283041 0.004484047512 0.309451336632 0.004397429071 0.004327771197 0.004256732714 0.004318337425 0.004463034031 0.004358967464 0.004471604921 0.004284601292 0.004307984452 0.004418923742 0.004222521707 0.004188523277 0.0 0.0 0.0 0.0 0.0 0.0 0.0 0.0 0.0 0.0 0.0
0.0 0.0 0.0 0.0 0.0 0.0 0.0 0.0 0.0 0.0 0.0 0.0 0.0 0.0 0.0 0.0 0.0 0.0 0.0 0.0 0.0 0.0 0.0 0.0 0.0 0.0 0.0 0.0 0.0 0.0 0.0 0.0 0.0 0.0 0.0 0.0 0.0 0.0 0.004259571294 0.004356968945 0.004347310038 0.004292603729 0.0043418922 0.00432250217 0.004264736255 0.0044270186 0.004397429071 0.436404176744 0.004329425356 0.004304928848 0.00432641081 0.004418515124 0.004355511517 0.00441399778 0.004318804681 0.004325698356 0.004391945878 0.004286255282 0.004276024462 0.0 0.0 0.0 0.0 0.0 0.0 0.0 0.0 0.0 0.0 0.0
0.0 0.0 0.0 0.0 0.0 0.0 0.0 0.0 0.0 0.0 0.0 0.0 0.0 0.0 0.0 0.0 0.0 0.0 0.0 0.0 0.0 0.0 0.0 0.0 0.0 0.0 0.0 0.0 0.0 0.0 0.0 0.0 0.0 0.0 0.0 0.0 0.0 0.0 0.004480224847 0.004339213373 0.004347328257 0.004549484725 0.004333804907 0.0044542383 0.004331846731 0.004195102601 0.004327771197 0.004329425356 0.165737223814 0.004561127972 0.004548823871 0.00429518299 0.004423646252 0.004261399795 0.004527008578 0.004443013861 0.00436144348 0.004573132961 0.004678456813 0.0 0.0 0.0 0.0 0.0 0.0 0.0 0.0 0.0 0.0 0.0
0.0 0.0 0.0 0.0 0.0 0.0 0.0 0.0 0.0 0.0 0.0 0.0 0.0 0.0 0.0 0.0 0.0 0.0 0.0 0.0 0.0 0.0 0.0 0.0 0.0 0.0 0.0 0.0 0.0 0.0 0.0 0.0 0.0 0.0 0.0 0.0 0.0 0.0 0.004709998477 0.004294302672 0.004339393868 0.004732675951 0.004354579113 0.004496652875 0.004463223573 0.003944145884 0.004256732714 0.004304928848 0.004561127972 0.113717280459 0.004540739659 0.004130273486 0.004377581322 0.004057548133 0.004669211844 0.004506787563 0.004263447828 0.004777242453 0.004944873942 0.0 0.0 0.0 0.0 0.0 0.0 0.0 0.0 0.0 0.0 0.0
0.0 0.0 0.0 0.0 0.0 0.0 0.0 0.0 0.0 0.0 0.0 0.0 0.0 0.0 0.0 0.0 0.0 0.0 0.0 0.0 0.0 0.0 0.0 0.0 0.0 0.0 0.0 0.0 0.0 0.0 0.0 0.0 0.0 0.0 0.0 0.0 0.0 0.0 0.00449835194 0.004333902631 0.004350595231 0.00453996589 0.004346775133 0.004449770174 0.00438134706 0.004174034865 0.004318337425 0.00432641081 0.004548823871 0.004540739659 0.110720424654 0.004263641582 0.00439329578 0.004234827095 0.004513230784 0.004431616014 0.004333560234 0.004554264811 0.004633891179 0.0 0.0 0.0 0.0 0.0 0.0 0.0 0.0 0.0 0.0 0.0
0.0 0.0 0.0 0.0 0.0 0.0 0.0 0.0 0.0 0.0 0.0 0.0 0.0 0.0 0.0 0.0 0.0 0.0 0.0 0.0 0.0 0.0 0.0 0.0 0.0 0.0 0.0 0.0 0.0 0.0 0.0 0.0 0.0 0.0 0.0 0.0 0.0 0.0 0.004019023799 0.004409547651 0.004336432975 0.003998029876 0.004268378913 0.004220586558 0.00411527032 0.00484837045 0.004463034031 0.004418515124 0.00429518299 0.004130273486 0.004263641582 0.373463591584 0.004397321564 0.004741125954 0.004143859779 0.004221147142 0.004519230254 0.004060140648 0.003960846041 0.0 0.0 0.0 0.0 0.0 0.0 0.0 0.0 0.0 0.0 0.0
0.0 0.0 0.0 0.0 0.0 0.0 0.0 0.0 0.0 0.0 0.0 0.0 0.0 0.0 0.0 0.0 0.0 0.0 0.0 0.0 0.0 0.0 0.0 0.0 0.0 0.0 0.0 0.0 0.0 0.0 0.0 0.0 0.0 0.0 0.0 0.0 0.0 0.0 0.004346060194 0.004364292838 0.004352264759 0.004316646117 0.004326952086 0.00435188452 0.004317590082 0.004357431893 0.004358967464 0.004355511517 0.004423646252 0.004377581322 0.00439329578 0.004397321564 0.558098855413 0.004377822555 0.004361445007 0.004353858306 0.004384913354 0.00436874674 0.004378903835 0.0 0.0 0.0 0.0 0.0 0.0 0.0 0.0 0.0 0.0 0.0
0.0 0.0 0.0 0.0 0.0 0.0 0.0 0.0 0.0 0.0 0.0 0.0 0.0 0.0 0.0 0.0 0.0 0.0 0.0 0.0 0.0 0.0 0.0 0.0 0.0 0.0 0.0 0.0 0.0 0.0 0.0 0.0 0.0 0.0 0.0 0.0 0.0 0.0 0.00394712592 0.004412803942 0.004337649224 0.003947643673 0.00427290115 0.004206109781 0.004102754718 0.004932539037 0.004471604921 0.00441399778 0.004261399795 0.004057548133 0.004234827095 0.004741125954 0.004377822555 0.355516764983 0.004086517865 0.004191929952 0.004518924907 0.003980592329 0.003843438699 0.0 0.0 0.0 0.0 0.0 0.0 0.0 0.0 0.0 0.0 0.0
0.0 0.0 0.0 0.0 0.0 0.0 0.0 0.0 0.0 0.0 0.0 0.0 0.0 0.0 0.0 0.0 0.0 0.0 0.0 0.0 0.0 0.0 0.0 0.0 0.0 0.0 0.0 0.0 0.0 0.0 0.0 0.0 0.0 0.0 0.0 0.0 0.0 0.0 0.004627852341 0.004293090382 0.004342293949 0.004743542283 0.004375289781 0.004490260389 0.004416287288 0.004001084346 0.004284601292 0.004318804681 0.004527008578 0.004669211844 0.004513230784 0.004143859779 0.004361445007 0.004086517865 0.182464948779 0.004490462738 0.004274528828 0.004704310715 0.004863556978 0.0 0.0 0.0 0.0 0.0 0.0 0.0 0.0 0.0 0.0 0.0
0.0 0.0 0.0 0.0 0.0 0.0 0.0 0.0 0.0 0.0 0.0 0.0 0.0 0.0 0.0 0.0 0.0 0.0 0.0 0.0 0.0 0.0 0.0 0.0 0.0 0.0 0.0 0.0 0.0 0.0 0.0 0.0 0.0 0.0 0.0 0.0 0.0 0.0 0.004501416667 0.004318569504 0.004348665605 0.004542741502 0.004364875936 0.004420481904 0.004396953855 0.004138725434 0.004307984452 0.004325698356 0.004443013861 0.004506787563 0.004431616014 0.004221147142 0.004353858306 0.004191929952 0.004490462738 0.394149321276 0.004299462767 0.004530583028 0.004607024962 0.0 0.0 0.0 0.0 0.0 0.0 0.0 0.0 0.0 0.0 0.0
0.0 0.0 0.0 0.0 0.0 0.0 0.0 0.0 0.0 0.0 0.0 0.0 0.0 0.0 0.0 0.0 0.0 0.0 0.0 0.0 0.0 0.0 0.0 0.0 0.0 0.0 0.0 0.0 0.0 0.0 0.0 0.0 0.0 0.0 0.0 0.0 0.0 0.0 0.004182403764 0.004379504301 0.004347114937 0.004201737739 0.004316237311 0.004300210567 0.004204213781 0.004550525042 0.004418923742 0.004391945878 0.00436144348 0.004263447828 0.004333560234 0.004519230254 0.004384913354 0.004518924907 0.004274528828 0.004299462767 0.152063799301 0.004225183587 0.00419040583 0.0 0.0 0.0 0.0 0.0 0.0 0.0 0.0 0.0 0.0 0.0
0.0 0.0 0.0 0.0 0.0 0.0 0.0 0.0 0.0 0.0 0.0 0.0 0.0 0.0 0.0 0.0 0.0 0.0 0.0 0.0 0.0 0.0 0.0 0.0 0.0 0.0 0.0 0.0 0.0 0.0 0.0 0.0 0.0 0.0 0.0 0.0 0.0 0.0 0.004799161014 0.004276331376 0.004331685772 0.004829192928 0.004359100647 0.004511296482 0.0045075807 0.003846055478 0.004222521707 0.004286255282 0.004573132961 0.004777242453 0.004554264811 0.004060140648 0.00436874674 0.003980592329 0.004704310715 0.004530583028 0.004225183587 0.155901132261 0.005078968151 0.0 0.0 0.0 0.0 0.0 0.0 0.0 0.0 0.0 0.0 0.0
0.0 0.0 0.0 0.0 0.0 0.0 0.0 0.0 0.0 0.0 0.0 0.0 0.0 0.0 0.0 0.0 0.0 0.0 0.0 0.0 0.0 0.0 0.0 0.0 0.0 0.0 0.0 0.0 0.0 0.0 0.0 0.0 0.0 0.0 0.0 0.0 0.0 0.0 0.004956049956 0.004228641046 0.004309248259 0.005115323558 0.004366657219 0.004545940067 0.004500567647 0.003677669814 0.004188523277 0.004276024462 0.004678456813 0.004944873942 0.004633891179 0.003960846041 0.004378903835 0.003843438699 0.004863556978 0.004607024962 0.00419040583 0.005078968151 0.207276305704 0.0 0.0 0.0 0.0 0.0 0.0 0.0 0.0 0.0 0.0 0.0
0.0 0.0 0.0 0.0 0.0 0.0 0.0 0.0 0.0 0.0 0.0 0.0 0.0 0.0 0.0 0.0 0.0 0.0 0.0 0.0 0.0 0.0 0.0 0.0 0.0 0.0 0.0 0.0 0.0 0.0 0.0 0.0 0.0 0.0 0.0 0.0 0.0 0.0 0.0 0.0 0.0 0.0 0.0 0.0 0.0 0.0 0.0 0.0 0.0 0.0 0.0 0.0 0.0 0.0 0.0 0.0 0.0 0.0 0.0 0.189297186093 0.01055270452 0.01116958378 0.01079386118 0.01068903722 0.01001605399 0.01071915594 0.0108885408 0.01055889937 0.01090300665 0.01117355617
0.0 0.0 0.0 0.0 0.0 0.0 0.0 0.0 0.0 0.0 0.0 0.0 0.0 0.0 0.0 0.0 0.0 0.0 0.0 0.0 0.0 0.0 0.0 0.0 0.0 0.0 0.0 0.0 0.0 0.0 0.0 0.0 0.0 0.0 0.0 0.0 0.0 0.0 0.0 0.0 0.0 0.0 0.0 0.0 0.0 0.0 0.0 0.0 0.0 0.0 0.0 0.0 0.0 0.0 0.0 0.0 0.0 0.0 0.0 0.01055270452 0.398370953473 0.01033783919 0.01022091311 0.01103311125 0.01223436382 0.01114186454 0.01064709353 0.0111704582 0.01053786918 0.009621727716
0.0 0.0 0.0 0.0 0.0 0.0 0.0 0.0 0.0 0.0 0.0 0.0 0.0 0.0 0.0 0.0 0.0 0.0 0.0 0.0 0.0 0.0 0.0 0.0 0.0 0.0 0.0 0.0 0.0 0.0 0.0 0.0 0.0 0.0 0.0 0.0 0.0 0.0 0.0 0.0 0.0 0.0 0.0 0.0 0.0 0.0 0.0 0.0 0.0 0.0 0.0 0.0 0.0 0.0 0.0 0.0 0.0 0.0 0.0 0.01116958378 0.01033783919 0.240583723778 0.01081944282 0.01054071407 0.009550488933 0.01068832819 0.01084783659 0.01036122242 0.01093527225 0.01156397492
0.0 0.0 0.0 0.0 0.0 0.0 0.0 0.0 0.0 0.0 0.0 0.0 0.0 0.0 0.0 0.0 0.0 0.0 0.0 0.0 0.0 0.0 0.0 0.0 0.0 0.0 0.0 0.0 0.0 0.0 0.0 0.0 0.0 0.0 0.0 0.0 0.0 0.0 0.0 0.0 0.0 0.0 0.0 0.0 0.0 0.0 0.0 0.0 0.0 0.0 0.0 0.0 0.0 0.0 0.0 0.0 0.0 0.0 0.0 0.01079386118 0.01022091311 0.01081944282 0.363762610138 0.01077214856 0.009566549296 0.01043013228 0.01088838548 0.01075541734 0.01108950518 0.01190264525
0.0 0.0 0.0 0.0 0.0 0.0 0.0 0.0 0.0 0.0 0.0 0.0 0.0 0.0 0.0 0.0 0.0 0.0 0.0 0.0 0.0 0.0 0.0 0.0 0.0 0.0 0.0 0.0 0.0 0.0 0.0 0.0 0.0 0.0 0.0 0.0 0.0 0.0 0.0 0.0 0.0 0.0 0.0 0.0 0.0 0.0 0.0 0.0 0.0 0.0 0.0 0.0 0.0 0.0 0.0 0.0 0.0 0.0 0.0 0.01068903722 0.01103311125 0.01054071407 0.01077214856 0.191514788789 0.01125581535 0.01093200142 0.01077959614 0.01104524321 0.01075987229 0.01026188446
0.0 0.0 0.0 0.0 0.0 0.0 0.0 0.0 0.0 0.0 0.0 0.0 0.0 0.0 0.0 0.0 0.0 0.0 0.0 0.0 0.0 0.0 0.0 0.0 0.0 0.0 0.0 0.0 0.0 0.0 0.0 0.0 0.0 0.0 0.0 0.0 0.0 0.0 0.0 0.0 0.0 0.0 0.0 0.0 0.0 0.0 0.0 0.0 0.0 0.0 0.0 0.0 0.0 0.0 0.0 0.0 0.0 0.0 0.0 0.01001605399 0.01223436382 0.009550488933 0.009566549296 0.01125581535 5.5661147076 0.01138009658 0.01043627995 0.01168745057 0.01021568812 0.008344474685
0.0 0.0 0.0 0.0 0.0 0.0 0.0 0.0 0.0 0.0 0.0 0.0 0.0 0.0 0.0 0.0 0.0 0.0 0.0 0.0 0.0 0.0 0.0 0.0 0.0 0.0 0.0 0.0 0.0 0.0 0.0 0.0 0.0 0.0 0.0 0.0 0.0 0.0 0.0 0.0 0.0 0.0 0.0 0.0 0.0 0.0 0.0 0.0 0.0 0.0 0.0 0.0 0.0 0.0 0.0 0.0 0.0 0.0 0.0 0.01071915594 0.01114186454 0.01068832819 0.01043013228 0.01093200142 0.01138009658 0.374456842128 0.01064124139 0.01095075741 0.01062505821 0.01004774879
0.0 0.0 0.0 0.0 0.0 0.0 0.0 0.0 0.0 0.0 0.0 0.0 0.0 0.0 0.0 0.0 0.0 0.0 0.0 0.0 0.0 0.0 0.0 0.0 0.0 0.0 0.0 0.0 0.0 0.0 0.0 0.0 0.0 0.0 0.0 0.0 0.0 0.0 0.0 0.0 0.0 0.0 0.0 0.0 0.0 0.0 0.0 0.0 0.0 0.0 0.0 0.0 0.0 0.0 0.0 0.0 0.0 0.0 0.0 0.0108885408 0.01064709353 0.01084783659 0.01088838548 0.01077959614 0.01043627995 0.01064124139 0.293211037228 0.01073063325 0.01092009245 0.01109857187
0.0 0.0 0.0 0.0 0.0 0.0 0.0 0.0 0.0 0.0 0.0 0.0 0.0 0.0 0.0 0.0 0.0 0.0 0.0 0.0 0.0 0.0 0.0 0.0 0.0 0.0 0.0 0.0 0.0 0.0 0.0 0.0 0.0 0.0 0.0 0.0 0.0 0.0 0.0 0.0 0.0 0.0 0.0 0.0 0.0 0.0 0.0 0.0 0.0 0.0 0.0 0.0 0.0 0.0 0.0 0.0 0.0 0.0 0.0 0.01055889937 0.0111704582 0.01036122242 0.01075541734 0.01104524321 0.01168745057 0.01095075741 0.01073063325 0.499965476169 0.0106802933 0.01007152983
0.0 0.0 0.0 0.0 0.0 0.0 0.0 0.0 0.0 0.0 0.0 0.0 0.0 0.0 0.0 0.0 0.0 0.0 0.0 0.0 0.0 0.0 0.0 0.0 0.0 0.0 0.0 0.0 0.0 0.0 0.0 0.0 0.0 0.0 0.0 0.0 0.0 0.0 0.0 0.0 0.0 0.0 0.0 0.0 0.0 0.0 0.0 0.0 0.0 0.0 0.0 0.0 0.0 0.0 0.0 0.0 0.0 0.0 0.0 0.01090300665 0.01053786918 0.01093527225 0.01108950518 0.01075987229 0.01021568812 0.01062505821 0.01092009245 0.0106802933 0.24976133118 0.01128063983
0.0 0.0 0.0 0.0 0.0 0.0 0.0 0.0 0.0 0.0 0.0 0.0 0.0 0.0 0.0 0.0 0.0 0.0 0.0 0.0 0.0 0.0 0.0 0.0 0.0 0.0 0.0 0.0 0.0 0.0 0.0 0.0 0.0 0.0 0.0 0.0 0.0 0.0 0.0 0.0 0.0 0.0 0.0 0.0 0.0 0.0 0.0 0.0 0.0 0.0 0.0 0.0 0.0 0.0 0.0 0.0 0.0 0.0 0.0 0.01117355617 0.009621727716 0.01156397492 0.01190264525 0.01026188446 0.008344474685 0.01004774879 0.01109857187 0.01007152983 0.01128063983 0.197754689651
