75 75
0.335398599669 0.007591621754 0.008060406051 0.007195477073 0.007918350797 0.007379282835 0.007789932219 0.007666871912 0.007609257564 0.008267642752 0.007995774381 0.007627877787 0.01022823671 0.00897442051 0.006939600815 0.007074311937 0.007173688666 0.0 0.0 0.0 0.0 0.0 0.0 0.0 0.0 0.0 0.0 0.0 0.0 0.0 0.0 0.0 0.0 0.0 0.0 0.0 0.0 0.0 0.0 0.0 0.0 0.0 0.0 0.0 0.0 0.0 0.0 0.0 0.0 0.0 0.0 0.0 0.0 0.0 0.0 0.0 0.0 0.0 0.0 0.0 0.0 0.0 0.0 0.0 0.0 0.0 0.0 0.0 0.0 0.0 0.0 0.0 0.0 0.0 0.0
0.007591621754 0.43676349369 0.007775803518 0.008060200687 0.007810665788 0.00799877728 0.007856516719 0.007896663911 0.007928081933 0.007694675367 0.007788462535 0.00791961427 0.00713577489 0.00749755122 0.008147802745 0.008097134809 0.008064396356 0.0 0.0 0.0 0.0 0.0 0.0 0.0 0.0 0.0 0.0 0.0 0.0 0.0 0.0 0.0 0.0 0.0 0.0 0.0 0.0 0.0 0.0 0.0 0.0 0.0 0.0 0.0 0.0 0.0 0.0 0.0 0.0 0.0 0.0 0.0 0.0 0.0 0.0 0.0 0.0 0.0 0.0 0.0 0.0 0.0 0.0 0.0 0.0 0.0 0.0 0.0 0.0 0.0 0.0 0.0 0.0 0.0 0.0
0.008060406051 0.007775803518 0.641223073747 0.00759372711 0.007903996043 0.007647377518 0.007836598201 0.007787629137 0.007729524692 0.008042303709 0.007893142397 0.007733984801 0.008559754653 0.008149460976 0.007483869878 0.007537048736 0.007577634957 0.0 0.0 0.0 0.0 0.0 0.0 0.0 0.0 0.0 0.0 0.0 0.0 0.0 0.0 0.0 0.0 0.0 0.0 0.0 0.0 0.0 0.0 0.0 0.0 0.0 0.0 0.0 0.0 0.0 0.0 0.0 0.0 0.0 0.0 0.0 0.0 0.0 0.0 0.0 0.0 0.0 0.0 0.0 0.0 0.0 0.0 0.0 0.0 0.0 0.0 0.0 0.0 0.0 0.0 0.0 0.0 0.0 0.0
0.007195477073 0.008060200687 0.00759372711 0.528961921727 0.007717736702 0.008462688837 0.007861603055 0.00798575482 0.008149939181 0.007382695111 0.007674128161 0.00812412422 0.005979927707 0.006893311725 0.009151050619 0.00886584605 0.008728027611 0.0 0.0 0.0 0.0 0.0 0.0 0.0 0.0 0.0 0.0 0.0 0.0 0.0 0.0 0.0 0.0 0.0 0.0 0.0 0.0 0.0 0.0 0.0 0.0 0.0 0.0 0.0 0.0 0.0 0.0 0.0 0.0 0.0 0.0 0.0 0.0 0.0 0.0 0.0 0.0 0.0 0.0 0.0 0.0 0.0 0.0 0.0 0.0 0.0 0.0 0.0 0.0 0.0 0.0 0.0 0.0 0.0 0.0
0.007918350797 0.007810665788 0.007903996043 0.007717736702 0.344591603731 0.007747910916 0.007834994234 0.007818402912 0.007774051503 0.007933596561 0.00784691812 0.007788854927 0.008117036436 0.007923865715 0.007655140235 0.007691858441 0.007708554585 0.0 0.0 0.0 0.0 0.0 0.0 0.0 0.0 0.0 0.0 0.0 0.0 0.0 0.0 0.0 0.0 0.0 0.0 0.0 0.0 0.0 0.0 0.0 0.0 0.0 0.0 0.0 0.0 0.0 0.0 0.0 0.0 0.0 0.0 0.0 0.0 0.0 0.0 0.0 0.0 0.0 0.0 0.0 0.0 0.0 0.0 0.0 0.0 0.0 0.0 0.0 0.0 0.0 0.0 0.0 0.0 0.0 0.0
0.007379282835 0.00799877728 0.007647377518 0.008462688837 0.007747910916 0.405238944255 0.007854585482 0.007950003293 0.008087685253 0.007484415609 0.007714601767 0.008065396009 0.006483227373 0.007136424602 0.008795409836 0.008593789409 0.008492250079 0.0 0.0 0.0 0.0 0.0 0.0 0.0 0.0 0.0 0.0 0.0 0.0 0.0 0.0 0.0 0.0 0.0 0.0 0.0 0.0 0.0 0.0 0.0 0.0 0.0 0.0 0.0 0.0 0.0 0.0 0.0 0.0 0.0 0.0 0.0 0.0 0.0 0.0 0.0 0.0 0.0 0.0 0.0 0.0 0.0 0.0 0.0 0.0 0.0 0.0 0.0 0.0 0.0 0.0 0.0 0.0 0.0 0.0
0.007789932219 0.007856516719 0.007836598201 0.007861603055 0.007834994234 0.007854585482 0.442996555049 0.007858715932 0.00787593932 0.007794616962 0.007854767285 0.007867172186 0.00766174017 0.007798408592 0.007868458634 0.007855204239 0.007856470254 0.0 0.0 0.0 0.0 0.0 0.0 0.0 0.0 0.0 0.0 0.0 0.0 0.0 0.0 0.0 0.0 0.0 0.0 0.0 0.0 0.0 0.0 0.0 0.0 0.0 0.0 0.0 0.0 0.0 0.0 0.0 0.0 0.0 0.0 0.0 0.0 0.0 0.0 0.0 0.0 0.0 0.0 0.0 0.0 0.0 0.0 0.0 0.0 0.0 0.0 0.0 0.0 0.0 0.0 0.0 0.0 0.0 0.0
0.007666871912 0.007896663911 0.007787629137 0.00798575482 0.007818402912 0.007950003293 0.007858715932 2.08453874779 0.007918735466 0.007717432819 0.00781320342 0.007909660919 0.007314177407 0.007599865708 0.008038174281 0.008009994466 0.007989610399 0.0 0.0 0.0 0.0 0.0 0.0 0.0 0.0 0.0 0.0 0.0 0.0 0.0 0.0 0.0 0.0 0.0 0.0 0.0 0.0 0.0 0.0 0.0 0.0 0.0 0.0 0.0 0.0 0.0 0.0 0.0 0.0 0.0 0.0 0.0 0.0 0.0 0.0 0.0 0.0 0.0 0.0 0.0 0.0 0.0 0.0 0.0 0.0 0.0 0.0 0.0 0.0 0.0 0.0 0.0 0.0 0.0 0.0
0.007609257564 0.007928081933 0.007729524692 0.008149939181 0.007774051503 0.008087685253 0.00787593932 0.007918735466 0.622051419605 0.007592868613 0.00783152908 0.008010690196 0.007077595104 0.007566362867 0.00829867376 0.008196601257 0.008170097152 0.0 0.0 0.0 0.0 0.0 0.0 0.0 0.0 0.0 0.0 0.0 0.0 0.0 0.0 0.0 0.0 0.0 0.0 0.0 0.0 0.0 0.0 0.0 0.0 0.0 0.0 0.0 0.0 0.0 0.0 0.0 0.0 0.0 0.0 0.0 0.0 0.0 0.0 0.0 0.0 0.0 0.0 0.0 0.0 0.0 0.0 0.0 0.0 0.0 0.0 0.0 0.0 0.0 0.0 0.0 0.0 0.0 0.0
0.008267642752 0.007694675367 0.008042303709 0.007382695111 0.007933596561 0.007484415609 0.007794616962 0.007717432819 0.007592868613 0.35607310707 0.007890140466 0.007626645314 0.009193061596 0.008384924955 0.007176391509 0.007296682986 0.007364341968 0.0 0.0 0.0 0.0 0.0 0.0 0.0 0.0 0.0 0.0 0.0 0.0 0.0 0.0 0.0 0.0 0.0 0.0 0.0 0.0 0.0 0.0 0.0 0.0 0.0 0.0 0.0 0.0 0.0 0.0 0.0 0.0 0.0 0.0 0.0 0.0 0.0 0.0 0.0 0.0 0.0 0.0 0.0 0.0 0.0 0.0 0.0 0.0 0.0 0.0 0.0 0.0 0.0 0.0 0.0 0.0 0.0 0.0
0.007995774381 0.007788462535 0.007893142397 0.007674128161 0.00784691812 0.007714601767 0.007854767285 0.00781320342 0.00783152908 0.007890140466 0.432789898976 0.007815831492 0.008188332123 0.008148704899 0.007606921909 0.007629045308 0.007662853761 0.0 0.0 0.0 0.0 0.0 0.0 0.0 0.0 0.0 0.0 0.0 0.0 0.0 0.0 0.0 0.0 0.0 0.0 0.0 0.0 0.0 0.0 0.0 0.0 0.0 0.0 0.0 0.0 0.0 0.0 0.0 0.0 0.0 0.0 0.0 0.0 0.0 0.0 0.0 0.0 0.0 0.0 0.0 0.0 0.0 0.0 0.0 0.0 0.0 0.0 0.0 0.0 0.0 0.0 0.0 0.0 0.0 0.0
0.007627877787 0.00791961427 0.007733984801 0.00812412422 0.007788854927 0.008065396009 0.007867172186 0.007909660919 0.008010690196 0.007626645314 0.007815831492 0.478943124679 0.007158411345 0.007550131889 0.008270748644 0.008169913143 0.008133470568 0.0 0.0 0.0 0.0 0.0 0.0 0.0 0.0 0.0 0.0 0.0 0.0 0.0 0.0 0.0 0.0 0.0 0.0 0.0 0.0 0.0 0.0 0.0 0.0 0.0 0.0 0.0 0.0 0.0 0.0 0.0 0.0 0.0 0.0 0.0 0.0 0.0 0.0 0.0 0.0 0.0 0.0 0.0 0.0 0.0 0.0 0.0 0.0 0.0 0.0 0.0 0.0 0.0 0.0 0.0 0.0 0.0 0.0
0.01022823671 0.00713577489 0.008559754653 0.005979927707 0.008117036436 0.006483227373 0.00766174017 0.007314177407 0.007077595104 0.009193061596 0.008188332123 0.007158411345 0.233403588539 0.01140290056 0.00527208525 0.005675023317 0.005937919424 0.0 0.0 0.0 0.0 0.0 0.0 0.0 0.0 0.0 0.0 0.0 0.0 0.0 0.0 0.0 0.0 0.0 0.0 0.0 0.0 0.0 0.0 0.0 0.0 0.0 0.0 0.0 0.0 0.0 0.0 0.0 0.0 0.0 0.0 0.0 0.0 0.0 0.0 0.0 0.0 0.0 0.0 0.0 0.0 0.0 0.0 0.0 0.0 0.0 0.0 0.0 0.0 0.0 0.0 0.0 0.0 0.0 0.0
0.00897442051 0.00749755122 0.008149460976 0.006893311725 0.007923865715 0.007136424602 0.007798408592 0.007599865708 0.007566362867 0.008384924955 0.008148704899 0.007550131889 0.01140290056 0.438302917291 0.006514641317 0.006708148828 0.00686615658 0.0 0.0 0.0 0.0 0.0 0.0 0.0 0.0 0.0 0.0 0.0 0.0 0.0 0.0 0.0 0.0 0.0 0.0 0.0 0.0 0.0 0.0 0.0 0.0 0.0 0.0 0.0 0.0 0.0 0.0 0.0 0.0 0.0 0.0 0.0 0.0 0.0 0.0 0.0 0.0 0.0 0.0 0.0 0.0 0.0 0.0 0.0 0.0 0.0 0.0 0.0 0.0 0.0 0.0 0.0 0.0 0.0 0.0
0.006939600815 0.008147802745 0.007483869878 0.009151050619 0.007655140235 0.008795409836 0.007868458634 0.008038174281 0.00829867376 0.007176391509 0.007606921909 0.008270748644 0.00527208525 0.006514641317 2.25535279507 0.00942847417 0.009199240938 0.0 0.0 0.0 0.0 0.0 0.0 0.0 0.0 0.0 0.0 0.0 0.0 0.0 0.0 0.0 0.0 0.0 0.0 0.0 0.0 0.0 0.0 0.0 0.0 0.0 0.0 0.0 0.0 0.0 0.0 0.0 0.0 0.0 0.0 0.0 0.0 0.0 0.0 0.0 0.0 0.0 0.0 0.0 0.0 0.0 0.0 0.0 0.0 0.0 0.0 0.0 0.0 0.0 0.0 0.0 0.0 0.0 0.0
0.007074311937 0.008097134809 0.007537048736 0.00886584605 0.007691858441 0.008593789409 0.007855204239 0.008009994466 0.008196601257 0.007296682986 0.007629045308 0.008169913143 0.005675023317 0.006708148828 0.00942847417 0.797634774874 0.008918064589 0.0 0.0 0.0 0.0 0.0 0.0 0.0 0.0 0.0 0.0 0.0 0.0 0.0 0.0 0.0 0.0 0.0 0.0 0.0 0.0 0.0 0.0 0.0 0.0 0.0 0.0 0.0 0.0 0.0 0.0 0.0 0.0 0.0 0.0 0.0 0.0 0.0 0.0 0.0 0.0 0.0 0.0 0.0 0.0 0.0 0.0 0.0 0.0 0.0 0.0 0.0 0.0 0.0 0.0 0.0 0.0 0.0 0.0
0.007173688666 0.008064396356 0.007577634957 0.008728027611 0.007708554585 0.008492250079 0.007856470254 0.007989610399 0.008170097152 0.007364341968 0.007662853761 0.008133470568 0.005937919424 0.00686615658 0.009199240938 0.008918064589 0.839292249089 0.0 0.0 0.0 0.0 0.0 0.0 0.0 0.0 0.0 0.0 0.0 0.0 0.0 0.0 0.0 0.0 0.0 0.0 0.0 0.0 0.0 0.0 0.0 0.0 0.0 0.0 0.0 0.0 0.0 0.0 0.0 0.0 0.0 0.0 0.0 0.0 0.0 0.0 0.0 0.0 0.0 0.0 0.0 0.0 0.0 0.0 0.0 0.0 0.0 0.0 0.0 0.0 0.0 0.0 0.0 0.0 0.0 0.0
0.0 0.0 0.0 0.0 0.0 0.0 0.0 0.0 0.0 0.0 0.0 0.0 0.0 0.0 0.0 0.0 0.0 0.521451420931 0.005014470789 0.004682843782 0.004363823486 0.005170658339 0.005551374164 0.005574375277 0.004694818099 0.004277146388 0.005633383581 0.006188858283 0.005181772341 0.005195679447 0.006538034017 0.006360375284 0.006302703051 0.004214619186 0.004731296827 0.004460018646 0.004316663747 0.003914090974 0.00484562797 0.00429088056 0.004605188226 0.0 0.0 0.0 0.0 0.0 0.0 0.0 0.0 0.0 0.0 0.0 0.0 0.0 0.0 0.0 0.0 0.0 0.0 0.0 0.0 0.0 0.0 0.0 0.0 0.0 0.0 0.0 0.0 0.0 0.0 0.0 0.0 0.0 0.0
0.0 0.0 0.0 0.0 0.0 0.0 0.0 0.0 0.0 0.0 0.0 0.0 0.0 0.0 0.0 0.0 0.0 0.005014470789 0.503107424076 0.005135043531 0.005133945174 0.005126753944 0.005096986336 0.005069141289 0.005133415744 0.005125377153 0.005099185378 0.005062191966 0.005108472709 0.005100405855 0.005029606914 0.005042026555 0.005007002665 0.005106351027 0.005134414263 0.00513996167 0.005127334542 0.005105850332 0.00517086537 0.005132893382 0.00514679411 0.0 0.0 0.0 0.0 0.0 0.0 0.0 0.0 0.0 0.0 0.0 0.0 0.0 0.0 0.0 0.0 0.0 0.0 0.0 0.0 0.0 0.0 0.0 0.0 0.0 0.0 0.0 0.0 0.0 0.0 0.0 0.0 0.0 0.0
0.0 0.0 0.0 0.0 0.0 0.0 0.0 0.0 0.0 0.0 0.0 0.0 0.0 0.0 0.0 0.0 0.0 0.004682843782 0.005135043531 0.479116167972 0.00538764403 0.00507724245 0.004950491531 0.00491834178 0.005255410782 0.005418227227 0.004927254482 0.004743767482 0.005064627387 0.005065756557 0.004635107394 0.00470171063 0.004718189102 0.005435547031 0.005244114402 0.005348414595 0.00539714614 0.005553156961 0.005222964796 0.005414978369 0.005294018432 0.0 0.0 0.0 0.0 0.0 0.0 0.0 0.0 0.0 0.0 0.0 0.0 0.0 0.0 0.0 0.0 0.0 0.0 0.0 0.0 0.0 0.0 0.0 0.0 0.0 0.0 0.0 0.0 0.0 0.0 0.0 0.0 0.0 0.0
0.0 0.0 0.0 0.0 0.0 0.0 0.0 0.0 0.0 0.0 0.0 0.0 0.0 0.0 0.0 0.0 0.0 0.004363823486 0.005133945174 0.00538764403 0.496172311349 0.005019283521 0.004786902006 0.004765552383 0.005406721094 0.005821333588 0.004749774763 0.004442695371 0.005002440491 0.005023956254 0.004257022905 0.004378171859 0.004418333213 0.005847095865 0.005361593216 0.005646520547 0.00576190892 0.006203608573 0.005266556269 0.005782554444 0.005481532481 0.0 0.0 0.0 0.0 0.0 0.0 0.0 0.0 0.0 0.0 0.0 0.0 0.0 0.0 0.0 0.0 0.0 0.0 0.0 0.0 0.0 0.0 0.0 0.0 0.0 0.0 0.0 0.0 0.0 0.0 0.0 0.0 0.0 0.0
0.0 0.0 0.0 0.0 0.0 0.0 0.0 0.0 0.0 0.0 0.0 0.0 0.0 0.0 0.0 0.0 0.0 0.005170658339 0.005126753944 0.00507724245 0.005019283521 0.522963239055 0.005165535625 0.005137881042 0.005077173061 0.004994550046 0.005175996396 0.005202514821 0.005127640164 0.00511690827 0.005210557512 0.00519747848 0.005147137061 0.004969339085 0.005082759197 0.005044547608 0.005003832134 0.004906918309 0.005125035323 0.00501101286 0.005075732938 0.0 0.0 0.0 0.0 0.0 0.0 0.0 0.0 0.0 0.0 0.0 0.0 0.0 0.0 0.0 0.0 0.0 0.0 0.0 0.0 0.0 0.0 0.0 0.0 0.0 0.0 0.0 0.0 0.0 0.0 0.0 0.0 0.0 0.0
0.0 0.0 0.0 0.0 0.0 0.0 0.0 0.0 0.0 0.0 0.0 0.0 0.0 0.0 0.0 0.0 0.0 0.005551374164 0.005096986336 0.004950491531 0.004786902006 0.005165535625 0.220383707673 0.005298613212 0.004951531459 0.004736166096 0.005352695239 0.005503291558 0.00516224847 0.005153154744 0.005627834897 0.005569006005 0.005518696055 0.004707013293 0.004967136819 0.004830257473 0.004753541807 0.004524551881 0.005046937455 0.004753329335 0.004910737058 0.0 0.0 0.0 0.0 0.0 0.0 0.0 0.0 0.0 0.0 0.0 0.0 0.0 0.0 0.0 0.0 0.0 0.0 0.0 0.0 0.0 0.0 0.0 0.0 0.0 0.0 0.0 0.0 0.0 0.0 0.0 0.0 0.0 0.0
0.0 0.0 0.0 0.0 0.0 0.0 0.0 0.0 0.0 0.0 0.0 0.0 0.0 0.0 0.0 0.0 0.0 0.005574375277 0.005069141289 0.00491834178 0.004765552383 0.005137881042 0.005298613212 0.589098202546 0.004937534978 0.00473610753 0.00533145055 0.005458631884 0.005169638981 0.005153706113 0.005578410902 0.005532252769 0.005580039403 0.004707107413 0.004945473817 0.004798290246 0.004737008228 0.004513930766 0.004987334636 0.004729541139 0.004873814656 0.0 0.0 0.0 0.0 0.0 0.0 0.0 0.0 0.0 0.0 0.0 0.0 0.0 0.0 0.0 0.0 0.0 0.0 0.0 0.0 0.0 0.0 0.0 0.0 0.0 0.0 0.0 0.0 0.0 0.0 0.0 0.0 0.0 0.0
0.0 0.0 0.0 0.0 0.0 0.0 0.0 0.0 0.0 0.0 0.0 0.0 0.0 0.0 0.0 0.0 0.0 0.004694818099 0.005133415744 0.005255410782 0.005406721094 0.005077173061 0.004951531459 0.004937534978 0.732498392487 0.005463166568 0.004941723421 0.004758852749 0.005065689221 0.005068884494 0.004647094487 0.00471594583 0.004721400284 0.005452039632 0.005245973877 0.005376943129 0.005429406737 0.005615562572 0.005232617334 0.005432362587 0.005309304975 0.0 0.0 0.0 0.0 0.0 0.0 0.0 0.0 0.0 0.0 0.0 0.0 0.0 0.0 0.0 0.0 0.0 0.0 0.0 0.0 0.0 0.0 0.0 0.0 0.0 0.0 0.0 0.0 0.0 0.0 0.0 0.0 0.0 0.0
0.0 0.0 0.0 0.0 0.0 0.0 0.0 0.0 0.0 0.0 0.0 0.0 0.0 0.0 0.0 0.0 0.0 0.004277146388 0.005125377153 0.005418227227 0.005821333588 0.004994550046 0.004736166096 0.00473610753 0.005463166568 0.698125361854 0.004695447148 0.004343358289 0.004982436426 0.005013019094 0.004135628942 0.004279631013 0.00434045659 0.006007096281 0.0053925233 0.005728651288 0.005892653475 0.006489701237 0.005257491963 0.005894982547 0.005530481044 0.0 0.0 0.0 0.0 0.0 0.0 0.0 0.0 0.0 0.0 0.0 0.0 0.0 0.0 0.0 0.0 0.0 0.0 0.0 0.0 0.0 0.0 0.0 0.0 0.0 0.0 0.0 0.0 0.0 0.0 0.0 0.0 0.0 0.0
0.0 0.0 0.0 0.0 0.0 0.0 0.0 0.0 0.0 0.0 0.0 0.0 0.0 0.0 0.0 0.0 0.0 0.005633383581 0.005099185378 0.004927254482 0.004749774763 0.005175996396 0.005352695239 0.00533145055 0.004941723421 0.004695447148 1.20361504728 0.005565540337 0.005172187459 0.005161221079 0.005725273765 0.005662990211 0.005618235338 0.004657788519 0.004951455853 0.004817207564 0.004709060202 0.004456133306 0.005050911412 0.004709886177 0.004887266277 0.0 0.0 0.0 0.0 0.0 0.0 0.0 0.0 0.0 0.0 0.0 0.0 0.0 0.0 0.0 0.0 0.0 0.0 0.0 0.0 0.0 0.0 0.0 0.0 0.0 0.0 0.0 0.0 0.0 0.0 0.0 0.0 0.0 0.0
0.0 0.0 0.0 0.0 0.0 0.0 0.0 0.0 0.0 0.0 0.0 0.0 0.0 0.0 0.0 0.0 0.0 0.006188858283 0.005062191966 0.004743767482 0.004442695371 0.005202514821 0.005503291558 0.005458631884 0.004758852749 0.004343358289 0.005565540337 0.563453307091 0.005167944948 0.005181818611 0.006433921986 0.006234878172 0.005986297563 0.004264548611 0.004794798687 0.004544414269 0.004390296527 0.004000094641 0.004943443863 0.004384828779 0.004702470195 0.0 0.0 0.0 0.0 0.0 0.0 0.0 0.0 0.0 0.0 0.0 0.0 0.0 0.0 0.0 0.0 0.0 0.0 0.0 0.0 0.0 0.0 0.0 0.0 0.0 0.0 0.0 0.0 0.0 0.0 0.0 0.0 0.0 0.0
0.0 0.0 0.0 0.0 0.0 0.0 0.0 0.0 0.0 0.0 0.0 0.0 0.0 0.0 0.0 0.0 0.0 0.005181772341 0.005108472709 0.005064627387 0.005002440491 0.005127640164 0.00516224847 0.005169638981 0.005065689221 0.004982436426 0.005172187459 0.005167944948 0.344069144611 0.005121713179 0.005185571867 0.005179984605 0.005191171174 0.004971211357 0.005068895497 0.005018690991 0.004987253636 0.004886807663 0.00510193872 0.00498943104 0.00504680895 0.0 0.0 0.0 0.0 0.0 0.0 0.0 0.0 0.0 0.0 0.0 0.0 0.0 0.0 0.0 0.0 0.0 0.0 0.0 0.0 0.0 0.0 0.0 0.0 0.0 0.0 0.0 0.0 0.0 0.0 0.0 0.0 0.0 0.0
0.0 0.0 0.0 0.0 0.0 0.0 0.0 0.0 0.0 0.0 0.0 0.0 0.0 0.0 0.0 0.0 0.0 0.005195679447 0.005100405855 0.005065756557 0.005023956254 0.00511690827 0.005153154744 0.005153706113 0.005068884494 0.005013019094 0.005161221079 0.005181818611 0.005121713179 0.940959857279 0.005202492487 0.005192834818 0.005193427556 0.005005652377 0.005072739137 0.005021676963 0.005016188452 0.004949804837 0.005068368331 0.005018016798 0.005056969928 0.0 0.0 0.0 0.0 0.0 0.0 0.0 0.0 0.0 0.0 0.0 0.0 0.0 0.0 0.0 0.0 0.0 0.0 0.0 0.0 0.0 0.0 0.0 0.0 0.0 0.0 0.0 0.0 0.0 0.0 0.0 0.0 0.0 0.0
0.0 0.0 0.0 0.0 0.0 0.0 0.0 0.0 0.0 0.0 0.0 0.0 0.0 0.0 0.0 0.0 0.0 0.006538034017 0.005029606914 0.004635107394 0.004257022905 0.005210557512 0.005627834897 0.005578410902 0.004647094487 0.004135628942 0.005725273765 0.006433921986 0.005185571867 0.005202492487 0.275705629578 0.006609000621 0.006337575433 0.004060477834 0.004694312499 0.004367389885 0.004185587402 0.003702863856 0.004868131856 0.004187258153 0.004564198314 0.0 0.0 0.0 0.0 0.0 0.0 0.0 0.0 0.0 0.0 0.0 0.0 0.0 0.0 0.0 0.0 0.0 0.0 0.0 0.0 0.0 0.0 0.0 0.0 0.0 0.0 0.0 0.0 0.0 0.0 0.0 0.0 0.0 0.0
0.0 0.0 0.0 0.0 0.0 0.0 0.0 0.0 0.0 0.0 0.0 0.0 0.0 0.0 0.0 0.0 0.0 0.006360375284 0.005042026555 0.00470171063 0.004378171859 0.00519747848 0.005569006005 0.005532252769 0.00471594583 0.004279631013 0.005662990211 0.006234878172 0.005179984605 0.005192834818 0.006609000621 0.225437690241 0.006219552685 0.004212361814 0.004752125737 0.004474605225 0.004318848273 0.003903396201 0.004908091244 0.00431357537 0.004637758567 0.0 0.0 0.0 0.0 0.0 0.0 0.0 0.0 0.0 0.0 0.0 0.0 0.0 0.0 0.0 0.0 0.0 0.0 0.0 0.0 0.0 0.0 0.0 0.0 0.0 0.0 0.0 0.0 0.0 0.0 0.0 0.0 0.0 0.0
0.0 0.0 0.0 0.0 0.0 0.0 0.0 0.0 0.0 0.0 0.0 0.0 0.0 0.0 0.0 0.0 0.0 0.006302703051 0.005007002665 0.004718189102 0.004418333213 0.005147137061 0.005518696055 0.005580039403 0.004721400284 0.00434045659 0.005618235338 0.005986297563 0.005191171174 0.005193427556 0.006337575433 0.006219552685 0.415247788274 0.004306857146 0.004756087369 0.004494901957 0.00437481419 0.003999030571 0.004833921491 0.004347839642 0.004623685035 0.0 0.0 0.0 0.0 0.0 0.0 0.0 0.0 0.0 0.0 0.0 0.0 0.0 0.0 0.0 0.0 0.0 0.0 0.0 0.0 0.0 0.0 0.0 0.0 0.0 0.0 0.0 0.0 0.0 0.0 0.0 0.0 0.0 0.0
0.0 0.0 0.0 0.0 0.0 0.0 0.0 0.0 0.0 0.0 0.0 0.0 0.0 0.0 0.0 0.0 0.0 0.004214619186 0.005106351027 0.005435547031 0.005847095865 0.004969339085 0.004707013293 0.004707107413 0.005452039632 0.006007096281 0.004657788519 0.004264548611 0.004971211357 0.005005652377 0.004060477834 0.004212361814 0.004306857146 1.48952488407 0.005391629782 0.00573418852 0.005915644779 0.006535778904 0.005235260119 0.005928414253 0.005519515674 0.0 0.0 0.0 0.0 0.0 0.0 0.0 0.0 0.0 0.0 0.0 0.0 0.0 0.0 0.0 0.0 0.0 0.0 0.0 0.0 0.0 0.0 0.0 0.0 0.0 0.0 0.0 0.0 0.0 0.0 0.0 0.0 0.0 0.0
0.0 0.0 0.0 0.0 0.0 0.0 0.0 0.0 0.0 0.0 0.0 0.0 0.0 0.0 0.0 0.0 0.0 0.004731296827 0.005134414263 0.005244114402 0.005361593216 0.005082759197 0.004967136819 0.004945473817 0.005245973877 0.0053925233 0.004951455853 0.004794798687 0.005068895497 0.005072739137 0.004694312499 0.004752125737 0.004756087369 0.005391629782 0.515407639785 0.005342051728 0.00537352799 0.00552002639 0.005199435269 0.005388752322 0.005283149853 0.0 0.0 0.0 0.0 0.0 0.0 0.0 0.0 0.0 0.0 0.0 0.0 0.0 0.0 0.0 0.0 0.0 0.0 0.0 0.0 0.0 0.0 0.0 0.0 0.0 0.0 0.0 0.0 0.0 0.0 0.0 0.0 0.0 0.0
0.0 0.0 0.0 0.0 0.0 0.0 0.0 0.0 0.0 0.0 0.0 0.0 0.0 0.0 0.0 0.0 0.0 0.004460018646 0.00513996167 0.005348414595 0.005646520547 0.005044547608 0.004830257473 0.004798290246 0.005376943129 0.005728651288 0.004817207564 0.004544414269 0.005018690991 0.005021676963 0.004367389885 0.004474605225 0.004494901957 0.00573418852 0.005342051728 5.66015974906 0.005677198259 0.006074236534 0.005225524739 0.005704438514 0.005438945419 0.0 0.0 0.0 0.0 0.0 0.0 0.0 0.0 0.0 0.0 0.0 0.0 0.0 0.0 0.0 0.0 0.0 0.0 0.0 0.0 0.0 0.0 0.0 0.0 0.0 0.0 0.0 0.0 0.0 0.0 0.0 0.0 0.0 0.0
0.0 0.0 0.0 0.0 0.0 0.0 0.0 0.0 0.0 0.0 0.0 0.0 0.0 0.0 0.0 0.0 0.0 0.004316663747 0.005127334542 0.00539714614 0.00576190892 0.005003832134 0.004753541807 0.004737008228 0.005429406737 0.005892653475 0.004709060202 0.004390296527 0.004987253636 0.005016188452 0.004185587402 0.004318848273 0.00437481419 0.005915644779 0.00537352799 0.005677198259 0.583712317859 0.006335609206 0.005277303933 0.005829754619 0.005504403126 0.0 0.0 0.0 0.0 0.0 0.0 0.0 0.0 0.0 0.0 0.0 0.0 0.0 0.0 0.0 0.0 0.0 0.0 0.0 0.0 0.0 0.0 0.0 0.0 0.0 0.0 0.0 0.0 0.0 0.0 0.0 0.0 0.0 0.0
0.0 0.0 0.0 0.0 0.0 0.0 0.0 0.0 0.0 0.0 0.0 0.0 0.0 0.0 0.0 0.0 0.0 0.003914090974 0.005105850332 0.005553156961 0.006203608573 0.004906918309 0.004524551881 0.004513930766 0.005615562572 0.006489701237 0.004456133306 0.004000094641 0.004886807663 0.004949804837 0.003702863856 0.003903396201 0.003999030571 0.006535778904 0.00552002639 0.006074236534 0.006335609206 1.76491316975 0.005253158972 0.006345326329 0.00573165923 0.0 0.0 0.0 0.0 0.0 0.0 0.0 0.0 0.0 0.0 0.0 0.0 0.0 0.0 0.0 0.0 0.0 0.0 0.0 0.0 0.0 0.0 0.0 0.0 0.0 0.0 0.0 0.0 0.0 0.0 0.0 0.0 0.0 0.0
0.0 0.0 0.0 0.0 0.0 0.0 0.0 0.0 0.0 0.0 0.0 0.0 0.0 0.0 0.0 0.0 0.0 0.00484562797 0.00517086537 0.005222964796 0.005266556269 0.005125035323 0.005046937455 0.004987334636 0.005232617334 0.005257491963 0.005050911412 0.004943443863 0.00510193872 0.005068368331 0.004868131856 0.004908091244 0.004833921491 0.005235260119 0.005199435269 0.005225524739 0.005277303933 0.005253158972 6.82497498272 0.005274119712 0.005252179712 0.0 0.0 0.0 0.0 0.0 0.0 0.0 0.0 0.0 0.0 0.0 0.0 0.0 0.0 0.0 0.0 0.0 0.0 0.0 0.0 0.0 0.0 0.0 0.0 0.0 0.0 0.0 0.0 0.0 0.0 0.0 0.0 0.0 0.0
0.0 0.0 0.0 0.0 0.0 0.0 0.0 0.0 0.0 0.0 0.0 0.0 0.0 0.0 0.0 0.0 0.0 0.00429088056 0.005132893382 0.005414978369 0.005782554444 0.00501101286 0.004753329335 0.004729541139 0.005432362587 0.005894982547 0.004709886177 0.004384828779 0.00498943104 0.005018016798 0.004187258153 0.00431357537 0.004347839642 0.005928414253 0.005388752322 0.005704438514 0.005829754619 0.006345326329 0.005274119712 1.13229609376 0.005523465816 0.0 0.0 0.0 0.0 0.0 0.0 0.0 0.0 0.0 0.0 0.0 0.0 0.0 0.0 0.0 0.0 0.0 0.0 0.0 0.0 0.0 0.0 0.0 0.0 0.0 0.0 0.0 0.0 0.0 0.0 0.0 0.0 0.0 0.0
0.0 0.0 0.0 0.0 0.0 0.0 0.0 0.0 0.0 0.0 0.0 0.0 0.0 0.0 0.0 0.0 0.0 0.004605188226 0.00514679411 0.005294018432 0.005481532481 0.005075732938 0.004910737058 0.004873814656 0.005309304975 0.005530481044 0.004887266277 0.004702470195 0.00504680895 0.005056969928 0.004564198314 0.004637758567 0.004623685035 0.005519515674 0.005283149853 0.005438945419 0.005504403126 0.00573165923 0.005252179712 0.005523465816 0.451198801401 0.0 0.0 0.0 0.0 0.0 0.0 0.0 0.0 0.0 0.0 0.0 0.0 0.0 0.0 0.0 0.0 0.0 0.0 0.0 0.0 0.0 0.0 0.0 0.0 0.0 0.0 0.0 0.0 0.0 0.0 0.0 0.0 0.0 0.0
0.0 0.0 0.0 0.0 0.0 0.0 0.0 0.0 0.0 0.0 0.0 0.0 0.0 0.0 0.0 0.0 0.0 0.0 0.0 0.0 0.0 0.0 0.0 0.0 0.0 0.0 0.0 0.0 0.0 0.0 0.0 0.0 0.0 0.0 0.0 0.0 0.0 0.0 0.0 0.0 0.0 0.172075332059 0.00420381136 0.004545043269 0.004081056744 0.004536384514 0.004753776345 0.004899648554 0.004616522504 0.0042849324 0.005057206194 0.0047938073 0.003997772555 0.005417875282 0.005408613112 0.005456759584 0.004107323907 0.004669317912 0.004161448614 0.00411698768 0.004351389406 0.0 0.0 0.0 0.0 0.0 0.0 0.0 0.0 0.0 0.0 0.0 0.0 0.0 0.0
0.0 0.0 0.0 0.0 0.0 0.0 0.0 0.0 0.0 0.0 0.0 0.0 0.0 0.0 0.0 0.0 0.0 0.0 0.0 0.0 0.0 0.0 0.0 0.0 0.0 0.0 0.0 0.0 0.0 0.0 0.0 0.0 0.0 0.0 0.0 0.0 0.0 0.0 0.0 0.0 0.0 0.00420381136 0.427695103028 0.004686383807 0.005120282801 0.004681001881 0.004481847365 0.004375977689 0.004604892816 0.004943310289 0.004264342286 0.004464482898 0.005218843592 0.004014046412 0.00403657844 0.004035780738 0.005110552657 0.004552953747 0.005047315636 0.005088358282 0.004859939808 0.0 0.0 0.0 0.0 0.0 0.0 0.0 0.0 0.0 0.0 0.0 0.0 0.0 0.0
0.0 0.0 0.0 0.0 0.0 0.0 0.0 0.0 0.0 0.0 0.0 0.0 0.0 0.0 0.0 0.0 0.0 0.0 0.0 0.0 0.0 0.0 0.0 0.0 0.0 0.0 0.0 0.0 0.0 0.0 0.0 0.0 0.0 0.0 0.0 0.0 0.0 0.0 0.0 0.0 0.0 0.004545043269 0.004686383807 0.441521696852 0.004697559891 0.004680520014 0.004609414349 0.004594291047 0.004653365937 0.004655151788 0.004602755201 0.004598257675 0.004685326497 0.004563721188 0.004518851819 0.004450774964 0.004681340077 0.004666659354 0.004699848065 0.00468826812 0.004705991909 0.0 0.0 0.0 0.0 0.0 0.0 0.0 0.0 0.0 0.0 0.0 0.0 0.0 0.0
0.0 0.0 0.0 0.0 0.0 0.0 0.0 0.0 0.0 0.0 0.0 0.0 0.0 0.0 0.0 0.0 0.0 0.0 0.0 0.0 0.0 0.0 0.0 0.0 0.0 0.0 0.0 0.0 0.0 0.0 0.0 0.0 0.0 0.0 0.0 0.0 0.0 0.0 0.0 0.0 0.0 0.004081056744 0.005120282801 0.004697559891 0.456773268806 0.004689747848 0.004432818398 0.004290850714 0.004590367974 0.00504085938 0.004157326481 0.004408593155 0.005444448234 0.003842383832 0.003872737925 0.003865768584 0.005281772356 0.004526306668 0.005187117006 0.005259932323 0.004934243478 0.0 0.0 0.0 0.0 0.0 0.0 0.0 0.0 0.0 0.0 0.0 0.0 0.0 0.0
0.0 0.0 0.0 0.0 0.0 0.0 0.0 0.0 0.0 0.0 0.0 0.0 0.0 0.0 0.0 0.0 0.0 0.0 0.0 0.0 0.0 0.0 0.0 0.0 0.0 0.0 0.0 0.0 0.0 0.0 0.0 0.0 0.0 0.0 0.0 0.0 0.0 0.0 0.0 0.0 0.0 0.004536384514 0.004681001881 0.004680520014 0.004689747848 0.304946923618 0.004607198166 0.004585716197 0.004638851121 0.004661600062 0.004575741365 0.004594467075 0.004688181675 0.004515836455 0.00449745954 0.004465499917 0.004675192545 0.004637920638 0.00469001288 0.004683638478 0.004680880932 0.0 0.0 0.0 0.0 0.0 0.0 0.0 0.0 0.0 0.0 0.0 0.0 0.0 0.0
0.0 0.0 0.0 0.0 0.0 0.0 0.0 0.0 0.0 0.0 0.0 0.0 0.0 0.0 0.0 0.0 0.0 0.0 0.0 0.0 0.0 0.0 0.0 0.0 0.0 0.0 0.0 0.0 0.0 0.0 0.0 0.0 0.0 0.0 0.0 0.0 0.0 0.0 0.0 0.0 0.0 0.004753776345 0.004481847365 0.004609414349 0.004432818398 0.004607198166 0.441984008339 0.004714466642 0.004633925059 0.004499110563 0.004758285766 0.004672309204 0.004392110585 0.0048273069 0.004805083866 0.004789912169 0.004430373176 0.00465335837 0.00446729949 0.00444475527 0.00454028018 0.0 0.0 0.0 0.0 0.0 0.0 0.0 0.0 0.0 0.0 0.0 0.0 0.0 0.0
0.0 0.0 0.0 0.0 0.0 0.0 0.0 0.0 0.0 0.0 0.0 0.0 0.0 0.0 0.0 0.0 0.0 0.0 0.0 0.0 0.0 0.0 0.0 0.0 0.0 0.0 0.0 0.0 0.0 0.0 0.0 0.0 0.0 0.0 0.0 0.0 0.0 0.0 0.0 0.0 0.0 0.004899648554 0.004375977689 0.004594291047 0.004290850714 0.004585716197 0.004714466642 0.343184276925 0.004633913041 0.004412577502 0.004897331742 0.004719421518 0.004232006934 0.00506995758 0.005030969507 0.005017239933 0.00429922377 0.004666634892 0.004347929349 0.00431424593 0.004469986961 0.0 0.0 0.0 0.0 0.0 0.0 0.0 0.0 0.0 0.0 0.0 0.0 0.0 0.0
0.0 0.0 0.0 0.0 0.0 0.0 0.0 0.0 0.0 0.0 0.0 0.0 0.0 0.0 0.0 0.0 0.0 0.0 0.0 0.0 0.0 0.0 0.0 0.0 0.0 0.0 0.0 0.0 0.0 0.0 0.0 0.0 0.0 0.0 0.0 0.0 0.0 0.0 0.0 0.0 0.0 0.004616522504 0.004604892816 0.004653365937 0.004590367974 0.004638851121 0.004633925059 0.004633913041 0.671118773186 0.004600408537 0.004641314935 0.004625713091 0.004574393223 0.004627878337 0.004609041341 0.004588578382 0.004582739434 0.004644332248 0.004604163729 0.004592051277 0.004625638303 0.0 0.0 0.0 0.0 0.0 0.0 0.0 0.0 0.0 0.0 0.0 0.0 0.0 0.0
0.0 0.0 0.0 0.0 0.0 0.0 0.0 0.0 0.0 0.0 0.0 0.0 0.0 0.0 0.0 0.0 0.0 0.0 0.0 0.0 0.0 0.0 0.0 0.0 0.0 0.0 0.0 0.0 0.0 0.0 0.0 0.0 0.0 0.0 0.0 0.0 0.0 0.0 0.0 0.0 0.0 0.0042849324 0.004943310289 0.004655151788 0.00504085938 0.004661600062 0.004499110563 0.004412577502 0.004600408537 0.55013697426 0.004316280865 0.004489025612 0.005151542558 0.004120628774 0.004153945887 0.004175873201 0.005040071003 0.004549979135 0.00497528967 0.005018178234 0.004806566855 0.0 0.0 0.0 0.0 0.0 0.0 0.0 0.0 0.0 0.0 0.0 0.0 0.0 0.0
0.0 0.0 0.0 0.0 0.0 0.0 0.0 0.0 0.0 0.0 0.0 0.0 0.0 0.0 0.0 0.0 0.0 0.0 0.0 0.0 0.0 0.0 0.0 0.0 0.0 0.0 0.0 0.0 0.0 0.0 0.0 0.0 0.0 0.0 0.0 0.0 0.0 0.0 0.0 0.0 0.0 0.005057206194 0.004264342286 0.004602755201 0.004157326481 0.004575741365 0.004758285766 0.004897331742 0.004641314935 0.004316280865 0.368570954239 0.004752211087 0.004073489098 0.005349342009 0.005275206369 0.005193728736 0.004153952264 0.004696569149 0.004235404648 0.004184654835 0.004418578507 0.0 0.0 0.0 0.0 0.0 0.0 0.0 0.0 0.0 0.0 0.0 0.0 0.0 0.0
0.0 0.0 0.0 0.0 0.0 0.0 0.0 0.0 0.0 0.0 0.0 0.0 0.0 0.0 0.0 0.0 0.0 0.0 0.0 0.0 0.0 0.0 0.0 0.0 0.0 0.0 0.0 0.0 0.0 0.0 0.0 0.0 0.0 0.0 0.0 0.0 0.0 0.0 0.0 0.0 0.0 0.0047938073 0.004464482898 0.004598257675 0.004408593155 0.004594467075 0.004672309204 0.004719421518 0.004625713091 0.004489025612 0.004752211087 0.387061538692 0.004368516583 0.004863684283 0.004861363942 0.004901268431 0.004426568159 0.00464280173 0.004443691703 0.004425530362 0.004517857869 0.0 0.0 0.0 0.0 0.0 0.0 0.0 0.0 0.0 0.0 0.0 0.0 0.0 0.0
0.0 0.0 0.0 0.0 0.0 0.0 0.0 0.0 0.0 0.0 0.0 0.0 0.0 0.0 0.0 0.0 0.0 0.0 0.0 0.0 0.0 0.0 0.0 0.0 0.0 0.0 0.0 0.0 0.0 0.0 0.0 0.0 0.0 0.0 0.0 0.0 0.0 0.0 0.0 0.0 0.0 0.003997772555 0.005218843592 0.004685326497 0.005444448234 0.004688181675 0.004392110585 0.004232006934 0.004574393223 0.005151542558 0.004073489098 0.004368516583 0.596210373824 0.00371751799 0.003764048745 0.003771167173 0.005426852954 0.004490081304 0.005291540632 0.005388673219 0.004974103133 0.0 0.0 0.0 0.0 0.0 0.0 0.0 0.0 0.0 0.0 0.0 0.0 0.0 0.0
0.0 0.0 0.0 0.0 0.0 0.0 0.0 0.0 0.0 0.0 0.0 0.0 0.0 0.0 0.0 0.0 0.0 0.0 0.0 0.0 0.0 0.0 0.0 0.0 0.0 0.0 0.0 0.0 0.0 0.0 0.0 0.0 0.0 0.0 0.0 0.0 0.0 0.0 0.0 0.0 0.0 0.005417875282 0.004014046412 0.004563721188 0.003842383832 0.004515836455 0.0048273069 0.00506995758 0.004627878337 0.004120628774 0.005349342009 0.004863684283 0.00371751799 0.369945239505 0.005843596576 0.005813456224 0.003868812015 0.004721072853 0.003957273097 0.003890787147 0.004248946053 0.0 0.0 0.0 0.0 0.0 0.0 0.0 0.0 0.0 0.0 0.0 0.0 0.0 0.0
0.0 0.0 0.0 0.0 0.0 0.0 0.0 0.0 0.0 0.0 0.0 0.0 0.0 0.0 0.0 0.0 0.0 0.0 0.0 0.0 0.0 0.0 0.0 0.0 0.0 0.0 0.0 0.0 0.0 0.0 0.0 0.0 0.0 0.0 0.0 0.0 0.0 0.0 0.0 0.0 0.0 0.005408613112 0.00403657844 0.004518851819 0.003872737925 0.00449745954 0.004805083866 0.005030969507 0.004609041341 0.004153945887 0.005275206369 0.004861363942 0.003764048745 0.005843596576 0.204676092151 0.005903773725 0.003910169043 0.004685587289 0.003978461646 0.003921950187 0.004241538579 0.0 0.0 0.0 0.0 0.0 0.0 0.0 0.0 0.0 0.0 0.0 0.0 0.0 0.0
0.0 0.0 0.0 0.0 0.0 0.0 0.0 0.0 0.0 0.0 0.0 0.0 0.0 0.0 0.0 0.0 0.0 0.0 0.0 0.0 0.0 0.0 0.0 0.0 0.0 0.0 0.0 0.0 0.0 0.0 0.0 0.0 0.0 0.0 0.0 0.0 0.0 0.0 0.0 0.0 0.0 0.005456759584 0.004035780738 0.004450774964 0.003865768584 0.004465499917 0.004789912169 0.005017239933 0.004588578382 0.004175873201 0.005193728736 0.004901268431 0.003771167173 0.005813456224 0.005903773725 0.179205265458 0.003939897623 0.004636423518 0.0039669306 0.003922861735 0.004202505979 0.0 0.0 0.0 0.0 0.0 0.0 0.0 0.0 0.0 0.0 0.0 0.0 0.0 0.0
0.0 0.0 0.0 0.0 0.0 0.0 0.0 0.0 0.0 0.0 0.0 0.0 0.0 0.0 0.0 0.0 0.0 0.0 0.0 0.0 0.0 0.0 0.0 0.0 0.0 0.0 0.0 0.0 0.0 0.0 0.0 0.0 0.0 0.0 0.0 0.0 0.0 0.0 0.0 0.0 0.0 0.004107323907 0.005110552657 0.004681340077 0.005281772356 0.004675192545 0.004430373176 0.00429922377 0.004582739434 0.005040071003 0.004153952264 0.004426568159 0.005426852954 0.003868812015 0.003910169043 0.003939897623 0.648795768787 0.004513109611 0.00516223533 0.005240976011 0.004902810401 0.0 0.0 0.0 0.0 0.0 0.0 0.0 0.0 0.0 0.0 0.0 0.0 0.0 0.0
0.0 0.0 0.0 0.0 0.0 0.0 0.0 0.0 0.0 0.0 0.0 0.0 0.0 0.0 0.0 0.0 0.0 0.0 0.0 0.0 0.0 0.0 0.0 0.0 0.0 0.0 0.0 0.0 0.0 0.0 0.0 0.0 0.0 0.0 0.0 0.0 0.0 0.0 0.0 0.0 0.0 0.004669317912 0.004552953747 0.004666659354 0.004526306668 0.004637920638 0.00465335837 0.004666634892 0.004644332248 0.004549979135 0.004696569149 0.00464280173 0.004490081304 0.004721072853 0.004685587289 0.004636423518 0.004513109611 0.32788746776 0.004548832406 0.004529505748 0.004602819935 0.0 0.0 0.0 0.0 0.0 0.0 0.0 0.0 0.0 0.0 0.0 0.0 0.0 0.0
0.0 0.0 0.0 0.0 0.0 0.0 0.0 0.0 0.0 0.0 0.0 0.0 0.0 0.0 0.0 0.0 0.0 0.0 0.0 0.0 0.0 0.0 0.0 0.0 0.0 0.0 0.0 0.0 0.0 0.0 0.0 0.0 0.0 0.0 0.0 0.0 0.0 0.0 0.0 0.0 0.0 0.004161448614 0.005047315636 0.004699848065 0.005187117006 0.00469001288 0.00446729949 0.004347929349 0.004604163729 0.00497528967 0.004235404648 0.004443691703 0.005291540632 0.003957273097 0.003978461646 0.0039669306 0.00516223533 0.004548832406 0.390143189545 0.005145713396 0.004895112012 0.0 0.0 0.0 0.0 0.0 0.0 0.0 0.0 0.0 0.0 0.0 0.0 0.0 0.0
0.0 0.0 0.0 0.0 0.0 0.0 0.0 0.0 0.0 0.0 0.0 0.0 0.0 0.0 0.0 0.0 0.0 0.0 0.0 0.0 0.0 0.0 0.0 0.0 0.0 0.0 0.0 0.0 0.0 0.0 0.0 0.0 0.0 0.0 0.0 0.0 0.0 0.0 0.0 0.0 0.0 0.00411698768 0.005088358282 0.00468826812 0.005259932323 0.004683638478 0.00444475527 0.00431424593 0.004592051277 0.005018178234 0.004184654835 0.004425530362 0.005388673219 0.003890787147 0.003921950187 0.003922861735 0.005240976011 0.004529505748 0.005145713396 0.328369817929 0.00490784775 0.0 0.0 0.0 0.0 0.0 0.0 0.0 0.0 0.0 0.0 0.0 0.0 0.0 0.0
0.0 0.0 0.0 0.0 0.0 0.0 0.0 0.0 0.0 0.0 0.0 0.0 0.0 0.0 0.0 0.0 0.0 0.0 0.0 0.0 0.0 0.0 0.0 0.0 0.0 0.0 0.0 0.0 0.0 0.0 0.0 0.0 0.0 0.0 0.0 0.0 0.0 0.0 0.0 0.0 0.0 0.004351389406 0.004859939808 0.004705991909 0.004934243478 0.004680880932 0.00454028018 0.004469986961 0.004625638303 0.004806566855 0.004418578507 0.004517857869 0.004974103133 0.004248946053 0.004241538579 0.004202505979 0.004902810401 0.004602819935 0.004895112012 0.00490784775 0.459599652931 0.0 0.0 0.0 0.0 0.0 0.0 0.0 0.0 0.0 0.0 0.0 0.0 0.0 0.0
0.0 0.0 0.0 0.0 0.0 0.0 0.0 0.0 0.0 0.0 0.0 0.0 0.0 0.0 0.0 0.0 0.0 0.0 0.0 0.0 0.0 0.0 0.0 0.0 0.0 0.0 0.0 0.0 0.0 0.0 0.0 0.0 0.0 0.0 0.0 0.0 0.0 0.0 0.0 0.0 0.0 0.0 0.0 0.0 0.0 0.0 0.0 0.0 0.0 0.0 0.0 0.0 0.0 0.0 0.0 0.0 0.0 0.0 0.0 0.0 0.0 0.251823929787 0.006906975048 0.006126938027 0.007790961114 0.005930011481 0.006028482407 0.005598028424 0.00665821515 0.007486468988 0.007275292025 0.008854104218 0.006029436638 0.006186175171 0.006168083523
0.0 0.0 0.0 0.0 0.0 0.0 0.0 0.0 0.0 0.0 0.0 0.0 0.0 0.0 0.0 0.0 0.0 0.0 0.0 0.0 0.0 0.0 0.0 0.0 0.0 0.0 0.0 0.0 0.0 0.0 0.0 0.0 0.0 0.0 0.0 0.0 0.0 0.0 0.0 0.0 0.0 0.0 0.0 0.0 0.0 0.0 0.0 0.0 0.0 0.0 0.0 0.0 0.0 0.0 0.0 0.0 0.0 0.0 0.0 0.0 0.0 0.006906975048 0.202549964227 0.006571914116 0.006881324757 0.006500538832 0.006527490887 0.006428816095 0.00666889133 0.006851131356 0.006773975779 0.007033020404 0.006570465365 0.006575528663 0.006598231399
0.0 0.0 0.0 0.0 0.0 0.0 0.0 0.0 0.0 0.0 0.0 0.0 0.0 0.0 0.0 0.0 0.0 0.0 0.0 0.0 0.0 0.0 0.0 0.0 0.0 0.0 0.0 0.0 0.0 0.0 0.0 0.0 0.0 0.0 0.0 0.0 0.0 0.0 0.0 0.0 0.0 0.0 0.0 0.0 0.0 0.0 0.0 0.0 0.0 0.0 0.0 0.0 0.0 0.0 0.0 0.0 0.0 0.0 0.0 0.0 0.0 0.006126938027 0.006571914116 0.312148311447 0.006236292267 0.006991972945 0.006937887335 0.007181404084 0.006655486217 0.006342577508 0.00640364417 0.005863152539 0.006974198711 0.006895640264 0.00689857901
0.0 0.0 0.0 0.0 0.0 0.0 0.0 0.0 0.0 0.0 0.0 0.0 0.0 0.0 0.0 0.0 0.0 0.0 0.0 0.0 0.0 0.0 0.0 0.0 0.0 0.0 0.0 0.0 0.0 0.0 0.0 0.0 0.0 0.0 0.0 0.0 0.0 0.0 0.0 0.0 0.0 0.0 0.0 0.0 0.0 0.0 0.0 0.0 0.0 0.0 0.0 0.0 0.0 0.0 0.0 0.0 0.0 0.0 0.0 0.0 0.0 0.007790961114 0.006881324757 0.006236292267 0.147117745524 0.006074053336 0.006151481103 0.005793873585 0.006683134062 0.007367200522 0.007147963906 0.008509114633 0.006161759411 0.006266512423 0.006274329832
0.0 0.0 0.0 0.0 0.0 0.0 0.0 0.0 0.0 0.0 0.0 0.0 0.0 0.0 0.0 0.0 0.0 0.0 0.0 0.0 0.0 0.0 0.0 0.0 0.0 0.0 0.0 0.0 0.0 0.0 0.0 0.0 0.0 0.0 0.0 0.0 0.0 0.0 0.0 0.0 0.0 0.0 0.0 0.0 0.0 0.0 0.0 0.0 0.0 0.0 0.0 0.0 0.0 0.0 0.0 0.0 0.0 0.0 0.0 0.0 0.0 0.005930011481 0.006500538832 0.006991972945 0.006074053336 0.286288134599 0.007073368155 0.007439267649 0.00665457166 0.006207133729 0.006291267327 0.005587465825 0.007082968355 0.00694545947 0.006963655871
0.0 0.0 0.0 0.0 0.0 0.0 0.0 0.0 0.0 0.0 0.0 0.0 0.0 0.0 0.0 0.0 0.0 0.0 0.0 0.0 0.0 0.0 0.0 0.0 0.0 0.0 0.0 0.0 0.0 0.0 0.0 0.0 0.0 0.0 0.0 0.0 0.0 0.0 0.0 0.0 0.0 0.0 0.0 0.0 0.0 0.0 0.0 0.0 0.0 0.0 0.0 0.0 0.0 0.0 0.0 0.0 0.0 0.0 0.0 0.0 0.0 0.006028482407 0.006527490887 0.006937887335 0.006151481103 0.007073368155 0.358211287076 0.007299103971 0.006653400775 0.006270267352 0.006343543905 0.005719515665 0.007020930223 0.006902653177 0.00692330308
0.0 0.0 0.0 0.0 0.0 0.0 0.0 0.0 0.0 0.0 0.0 0.0 0.0 0.0 0.0 0.0 0.0 0.0 0.0 0.0 0.0 0.0 0.0 0.0 0.0 0.0 0.0 0.0 0.0 0.0 0.0 0.0 0.0 0.0 0.0 0.0 0.0 0.0 0.0 0.0 0.0 0.0 0.0 0.0 0.0 0.0 0.0 0.0 0.0 0.0 0.0 0.0 0.0 0.0 0.0 0.0 0.0 0.0 0.0 0.0 0.0 0.005598028424 0.006428816095 0.007181404084 0.005793873585 0.007439267649 0.007299103971 0.678866309351 0.006628268828 0.005963595643 0.006105986065 0.005071554198 0.007327098846 0.007119796457 0.007131495332
0.0 0.0 0.0 0.0 0.0 0.0 0.0 0.0 0.0 0.0 0.0 0.0 0.0 0.0 0.0 0.0 0.0 0.0 0.0 0.0 0.0 0.0 0.0 0.0 0.0 0.0 0.0 0.0 0.0 0.0 0.0 0.0 0.0 0.0 0.0 0.0 0.0 0.0 0.0 0.0 0.0 0.0 0.0 0.0 0.0 0.0 0.0 0.0 0.0 0.0 0.0 0.0 0.0 0.0 0.0 0.0 0.0 0.0 0.0 0.0 0.0 0.00665821515 0.00666889133 0.006655486217 0.006683134062 0.00665457166 0.006653400775 0.006628268828 0.296821134623 0.006710808892 0.006663674959 0.006736624631 0.006657086682 0.006627165113 0.006653350404
0.0 0.0 0.0 0.0 0.0 0.0 0.0 0.0 0.0 0.0 0.0 0.0 0.0 0.0 0.0 0.0 0.0 0.0 0.0 0.0 0.0 0.0 0.0 0.0 0.0 0.0 0.0 0.0 0.0 0.0 0.0 0.0 0.0 0.0 0.0 0.0 0.0 0.0 0.0 0.0 0.0 0.0 0.0 0.0 0.0 0.0 0.0 0.0 0.0 0.0 0.0 0.0 0.0 0.0 0.0 0.0 0.0 0.0 0.0 0.0 0.0 0.007486468988 0.006851131356 0.006342577508 0.007367200522 0.006207133729 0.006270267352 0.005963595643 0.006710808892 2.08831836413 0.007032135422 0.008027651341 0.006282452994 0.006346155289 0.00636793528
0.0 0.0 0.0 0.0 0.0 0.0 0.0 0.0 0.0 0.0 0.0 0.0 0.0 0.0 0.0 0.0 0.0 0.0 0.0 0.0 0.0 0.0 0.0 0.0 0.0 0.0 0.0 0.0 0.0 0.0 0.0 0.0 0.0 0.0 0.0 0.0 0.0 0.0 0.0 0.0 0.0 0.0 0.0 0.0 0.0 0.0 0.0 0.0 0.0 0.0 0.0 0.0 0.0 0.0 0.0 0.0 0.0 0.0 0.0 0.0 0.0 0.007275292025 0.006773975779 0.00640364417 0.007147963906 0.006291267327 0.006343543905 0.006105986065 0.006663674959 0.007032135422 0.343735923861 0.007591984927 0.006340729432 0.006427965209 0.006416840065
0.0 0.0 0.0 0.0 0.0 0.0 0.0 0.0 0.0 0.0 0.0 0.0 0.0 0.0 0.0 0.0 0.0 0.0 0.0 0.0 0.0 0.0 0.0 0.0 0.0 0.0 0.0 0.0 0.0 0.0 0.0 0.0 0.0 0.0 0.0 0.0 0.0 0.0 0.0 0.0 0.0 0.0 0.0 0.0 0.0 0.0 0.0 0.0 0.0 0.0 0.0 0.0 0.0 0.0 0.0 0.0 0.0 0.0 0.0 0.0 0.0 0.008854104218 0.007033020404 0.005863152539 0.008509114633 0.005587465825 0.005719515665 0.005071554198 0.006736624631 0.008027651341 0.007591984927 0.121723284176 0.005702146022 0.005918072225 0.005910812976
0.0 0.0 0.0 0.0 0.0 0.0 0.0 0.0 0.0 0.0 0.0 0.0 0.0 0.0 0.0 0.0 0.0 0.0 0.0 0.0 0.0 0.0 0.0 0.0 0.0 0.0 0.0 0.0 0.0 0.0 0.0 0.0 0.0 0.0 0.0 0.0 0.0 0.0 0.0 0.0 0.0 0.0 0.0 0.0 0.0 0.0 0.0 0.0 0.0 0.0 0.0 0.0 0.0 0.0 0.0 0.0 0.0 0.0 0.0 0.0 0.0 0.006029436638 0.006570465365 0.006974198711 0.006161759411 0.007082968355 0.007020930223 0.007327098846 0.006657086682 0.006282452994 0.006340729432 0.005702146022 0.799627693395 0.00693271916 0.006975399772
0.0 0.0 0.0 0.0 0.0 0.0 0.0 0.0 0.0 0.0 0.0 0.0 0.0 0.0 0.0 0.0 0.0 0.0 0.0 0.0 0.0 0.0 0.0 0.0 0.0 0.0 0.0 0.0 0.0 0.0 0.0 0.0 0.0 0.0 0.0 0.0 0.0 0.0 0.0 0.0 0.0 0.0 0.0 0.0 0.0 0.0 0.0 0.0 0.0 0.0 0.0 0.0 0.0 0.0 0.0 0.0 0.0 0.0 0.0 0.0 0.0 0.006186175171 0.006575528663 0.006895640264 0.006266512423 0.00694545947 0.006902653177 0.007119796457 0.006627165113 0.006346155289 0.006427965209 0.005918072225 0.00693271916 0.434121301678 0.006871432258
0.0 0.0 0.0 0.0 0.0 0.0 0.0 0.0 0.0 0.0 0.0 0.0 0.0 0.0 0.0 0.0 0.0 0.0 0.0 0.0 0.0 0.0 0.0 0.0 0.0 0.0 0.0 0.0 0.0 0.0 0.0 0.0 0.0 0.0 0.0 0.0 0.0 0.0 0.0 0.0 0.0 0.0 0.0 0.0 0.0 0.0 0.0 0.0 0.0 0.0 0.0 0.0 0.0 0.0 0.0 0.0 0.0 0.0 0.0 0.0 0.0 0.006168083523 0.006598231399 0.00689857901 0.006274329832 0.006963655871 0.00692330308 0.007131495332 0.006653350404 0.00636793528 0.006416840065 0.005910812976 0.006975399772 0.006871432258 0.808652628954
