90 90
0.155391358964 0.005673385526 0.005090305626 0.005458009107 0.007143301658 0.00527744291 0.005864698177 0.006311476679 0.0061257108 0.006069113723 0.006446405813 0.005781952349 0.005710662792 0.005949380065 0.00631644974 0.005440736488 0.00637182493 0.005977857295 0.006418655537 0.006037001439 0.006864696673 0.0 0.0 0.0 0.0 0.0 0.0 0.0 0.0 0.0 0.0 0.0 0.0 0.0 0.0 0.0 0.0 0.0 0.0 0.0 0.0 0.0 0.0 0.0 0.0 0.0 0.0 0.0 0.0 0.0 0.0 0.0 0.0 0.0 0.0 0.0 0.0 0.0 0.0 0.0 0.0 0.0 0.0 0.0 0.0 0.0 0.0 0.0 0.0 0.0 0.0 0.0 0.0 0.0 0.0 0.0 0.0 0.0 0.0 0.0 0.0 0.0 0.0 0.0 0.0 0.0 0.0 0.0 0.0 0.0
0.005673385526 0.355603478925 0.006755075631 0.006561621546 0.005784023108 0.006638268673 0.006357357685 0.006074711996 0.006165907132 0.006170039629 0.006064593558 0.006347967579 0.006425535337 0.006286040719 0.006108770487 0.006572816675 0.006111383044 0.006273855364 0.006102342825 0.006291198266 0.005885897388 0.0 0.0 0.0 0.0 0.0 0.0 0.0 0.0 0.0 0.0 0.0 0.0 0.0 0.0 0.0 0.0 0.0 0.0 0.0 0.0 0.0 0.0 0.0 0.0 0.0 0.0 0.0 0.0 0.0 0.0 0.0 0.0 0.0 0.0 0.0 0.0 0.0 0.0 0.0 0.0 0.0 0.0 0.0 0.0 0.0 0.0 0.0 0.0 0.0 0.0 0.0 0.0 0.0 0.0 0.0 0.0 0.0 0.0 0.0 0.0 0.0 0.0 0.0 0.0 0.0 0.0 0.0 0.0 0.0
0.005090305626 0.006755075631 3.691775329 0.007093457366 0.005385978482 0.007338522496 0.00654568649 0.005975801399 0.006170183583 0.006163864811 0.005898746086 0.006627148905 0.006687413438 0.006365342786 0.006063416882 0.00708888527 0.006136566922 0.006348375441 0.005963956027 0.006338303583 0.00555770415 0.0 0.0 0.0 0.0 0.0 0.0 0.0 0.0 0.0 0.0 0.0 0.0 0.0 0.0 0.0 0.0 0.0 0.0 0.0 0.0 0.0 0.0 0.0 0.0 0.0 0.0 0.0 0.0 0.0 0.0 0.0 0.0 0.0 0.0 0.0 0.0 0.0 0.0 0.0 0.0 0.0 0.0 0.0 0.0 0.0 0.0 0.0 0.0 0.0 0.0 0.0 0.0 0.0 0.0 0.0 0.0 0.0 0.0 0.0 0.0 0.0 0.0 0.0 0.0 0.0 0.0 0.0 0.0 0.0
0.005458009107 0.006561621546 0.007093457366 0.444394947777 0.005650060503 0.00689473686 0.00643546207 0.006059696362 0.006183158757 0.006180928124 0.006004901965 0.00648274183 0.006522311881 0.006313435171 0.006108907093 0.006762906919 0.006155258333 0.006310308021 0.006052356558 0.006305816905 0.005771747767 0.0 0.0 0.0 0.0 0.0 0.0 0.0 0.0 0.0 0.0 0.0 0.0 0.0 0.0 0.0 0.0 0.0 0.0 0.0 0.0 0.0 0.0 0.0 0.0 0.0 0.0 0.0 0.0 0.0 0.0 0.0 0.0 0.0 0.0 0.0 0.0 0.0 0.0 0.0 0.0 0.0 0.0 0.0 0.0 0.0 0.0 0.0 0.0 0.0 0.0 0.0 0.0 0.0 0.0 0.0 0.0 0.0 0.0 0.0 0.0 0.0 0.0 0.0 0.0 0.0 0.0 0.0 0.0 0.0
0.007143301658 0.005784023108 0.005385978482 0.005650060503 0.177382647001 0.005507712213 0.005949001697 0.006313717706 0.00617231368 0.006125306497 0.00637511604 0.005932714509 0.005824147465 0.006007507729 0.006313947442 0.005634202965 0.006384115749 0.00603642421 0.006340103453 0.006051802735 0.006712173901 0.0 0.0 0.0 0.0 0.0 0.0 0.0 0.0 0.0 0.0 0.0 0.0 0.0 0.0 0.0 0.0 0.0 0.0 0.0 0.0 0.0 0.0 0.0 0.0 0.0 0.0 0.0 0.0 0.0 0.0 0.0 0.0 0.0 0.0 0.0 0.0 0.0 0.0 0.0 0.0 0.0 0.0 0.0 0.0 0.0 0.0 0.0 0.0 0.0 0.0 0.0 0.0 0.0 0.0 0.0 0.0 0.0 0.0 0.0 0.0 0.0 0.0 0.0 0.0 0.0 0.0 0.0 0.0 0.0
0.00527744291 0.006638268673 0.007338522496 0.00689473686 0.005507712213 0.744086741236 0.00646862913 0.006035109694 0.006183389897 0.006186302783 0.005945186052 0.006541605591 0.006600270512 0.006335908503 0.006067338323 0.006900712513 0.006086900917 0.00632049029 0.005997017134 0.006315830793 0.005671294512 0.0 0.0 0.0 0.0 0.0 0.0 0.0 0.0 0.0 0.0 0.0 0.0 0.0 0.0 0.0 0.0 0.0 0.0 0.0 0.0 0.0 0.0 0.0 0.0 0.0 0.0 0.0 0.0 0.0 0.0 0.0 0.0 0.0 0.0 0.0 0.0 0.0 0.0 0.0 0.0 0.0 0.0 0.0 0.0 0.0 0.0 0.0 0.0 0.0 0.0 0.0 0.0 0.0 0.0 0.0 0.0 0.0 0.0 0.0 0.0 0.0 0.0 0.0 0.0 0.0 0.0 0.0 0.0 0.0
0.005864698177 0.006357357685 0.00654568649 0.00643546207 0.005949001697 0.00646862913 0.458625853612 0.006140006235 0.006193055386 0.006179955076 0.00612009258 0.006342610435 0.006352252037 0.00625128859 0.006167524922 0.006436249999 0.006199384881 0.006255726759 0.006154501749 0.006271522807 0.006021503335 0.0 0.0 0.0 0.0 0.0 0.0 0.0 0.0 0.0 0.0 0.0 0.0 0.0 0.0 0.0 0.0 0.0 0.0 0.0 0.0 0.0 0.0 0.0 0.0 0.0 0.0 0.0 0.0 0.0 0.0 0.0 0.0 0.0 0.0 0.0 0.0 0.0 0.0 0.0 0.0 0.0 0.0 0.0 0.0 0.0 0.0 0.0 0.0 0.0 0.0 0.0 0.0 0.0 0.0 0.0 0.0 0.0 0.0 0.0 0.0 0.0 0.0 0.0 0.0 0.0 0.0 0.0 0.0 0.0
0.006311476679 0.006074711996 0.005975801399 0.006059696362 0.006313717706 0.006035109694 0.006140006235 0.284822259446 0.006229017254 0.006219319558 0.006226082158 0.006184624958 0.006116690165 0.006153989687 0.006232830005 0.006053622968 0.006228858077 0.006167793322 0.006209743486 0.006151927625 0.006300851364 0.0 0.0 0.0 0.0 0.0 0.0 0.0 0.0 0.0 0.0 0.0 0.0 0.0 0.0 0.0 0.0 0.0 0.0 0.0 0.0 0.0 0.0 0.0 0.0 0.0 0.0 0.0 0.0 0.0 0.0 0.0 0.0 0.0 0.0 0.0 0.0 0.0 0.0 0.0 0.0 0.0 0.0 0.0 0.0 0.0 0.0 0.0 0.0 0.0 0.0 0.0 0.0 0.0 0.0 0.0 0.0 0.0 0.0 0.0 0.0 0.0 0.0 0.0 0.0 0.0 0.0 0.0 0.0 0.0
0.0061257108 0.006165907132 0.006170183583 0.006183158757 0.00617231368 0.006183389897 0.006193055386 0.006229017254 0.318399426039 0.006221299061 0.006182238649 0.006239626825 0.006194724968 0.00618915084 0.006204089026 0.006181193964 0.006200398643 0.006195401748 0.006174938644 0.006177140668 0.00618955246 0.0 0.0 0.0 0.0 0.0 0.0 0.0 0.0 0.0 0.0 0.0 0.0 0.0 0.0 0.0 0.0 0.0 0.0 0.0 0.0 0.0 0.0 0.0 0.0 0.0 0.0 0.0 0.0 0.0 0.0 0.0 0.0 0.0 0.0 0.0 0.0 0.0 0.0 0.0 0.0 0.0 0.0 0.0 0.0 0.0 0.0 0.0 0.0 0.0 0.0 0.0 0.0 0.0 0.0 0.0 0.0 0.0 0.0 0.0 0.0 0.0 0.0 0.0 0.0 0.0 0.0 0.0 0.0 0.0
0.006069113723 0.006170039629 0.006163864811 0.006180928124 0.006125306497 0.006186302783 0.006179955076 0.006219319558 0.006221299061 0.262687119562 0.006165818222 0.006224549761 0.006192678292 0.006198011947 0.006184470508 0.00618030897 0.006151874621 0.006201254762 0.006154036573 0.006160926898 0.006142302952 0.0 0.0 0.0 0.0 0.0 0.0 0.0 0.0 0.0 0.0 0.0 0.0 0.0 0.0 0.0 0.0 0.0 0.0 0.0 0.0 0.0 0.0 0.0 0.0 0.0 0.0 0.0 0.0 0.0 0.0 0.0 0.0 0.0 0.0 0.0 0.0 0.0 0.0 0.0 0.0 0.0 0.0 0.0 0.0 0.0 0.0 0.0 0.0 0.0 0.0 0.0 0.0 0.0 0.0 0.0 0.0 0.0 0.0 0.0 0.0 0.0 0.0 0.0 0.0 0.0 0.0 0.0 0.0 0.0
0.006446405813 0.006064593558 0.005898746086 0.006004901965 0.00637511604 0.005945186052 0.00612009258 0.006226082158 0.006182238649 0.006165818222 0.534291934927 0.006091959385 0.006075598534 0.006140361623 0.006230302852 0.005999873905 0.006247252227 0.006143810871 0.00625616222 0.006163750601 0.006343274626 0.0 0.0 0.0 0.0 0.0 0.0 0.0 0.0 0.0 0.0 0.0 0.0 0.0 0.0 0.0 0.0 0.0 0.0 0.0 0.0 0.0 0.0 0.0 0.0 0.0 0.0 0.0 0.0 0.0 0.0 0.0 0.0 0.0 0.0 0.0 0.0 0.0 0.0 0.0 0.0 0.0 0.0 0.0 0.0 0.0 0.0 0.0 0.0 0.0 0.0 0.0 0.0 0.0 0.0 0.0 0.0 0.0 0.0 0.0 0.0 0.0 0.0 0.0 0.0 0.0 0.0 0.0 0.0 0.0
0.005781952349 0.006347967579 0.006627148905 0.00648274183 0.005932714509 0.006541605591 0.006342610435 0.006184624958 0.006239626825 0.006224549761 0.006091959385 0.380667184536 0.006379316902 0.006252271923 0.006192245476 0.006481899102 0.006240990187 0.006266477363 0.006113717059 0.006244348146 0.006001829201 0.0 0.0 0.0 0.0 0.0 0.0 0.0 0.0 0.0 0.0 0.0 0.0 0.0 0.0 0.0 0.0 0.0 0.0 0.0 0.0 0.0 0.0 0.0 0.0 0.0 0.0 0.0 0.0 0.0 0.0 0.0 0.0 0.0 0.0 0.0 0.0 0.0 0.0 0.0 0.0 0.0 0.0 0.0 0.0 0.0 0.0 0.0 0.0 0.0 0.0 0.0 0.0 0.0 0.0 0.0 0.0 0.0 0.0 0.0 0.0 0.0 0.0 0.0 0.0 0.0 0.0 0.0 0.0 0.0
0.005710662792 0.006425535337 0.006687413438 0.006522311881 0.005824147465 0.006600270512 0.006352252037 0.006116690165 0.006194724968 0.006192678292 0.006075598534 0.006379316902 0.489713734377 0.006278594332 0.006129896895 0.006531471139 0.006127489136 0.00627136854 0.006108859341 0.006281935761 0.005930146734 0.0 0.0 0.0 0.0 0.0 0.0 0.0 0.0 0.0 0.0 0.0 0.0 0.0 0.0 0.0 0.0 0.0 0.0 0.0 0.0 0.0 0.0 0.0 0.0 0.0 0.0 0.0 0.0 0.0 0.0 0.0 0.0 0.0 0.0 0.0 0.0 0.0 0.0 0.0 0.0 0.0 0.0 0.0 0.0 0.0 0.0 0.0 0.0 0.0 0.0 0.0 0.0 0.0 0.0 0.0 0.0 0.0 0.0 0.0 0.0 0.0 0.0 0.0 0.0 0.0 0.0 0.0 0.0 0.0
0.005949380065 0.006286040719 0.006365342786 0.006313435171 0.006007507729 0.006335908503 0.00625128859 0.006153989687 0.00618915084 0.006198011947 0.006140361623 0.006252271923 0.006278594332 0.307156557379 0.006155698797 0.00631806176 0.006141313917 0.006226331524 0.006153302097 0.006225219686 0.006061358969 0.0 0.0 0.0 0.0 0.0 0.0 0.0 0.0 0.0 0.0 0.0 0.0 0.0 0.0 0.0 0.0 0.0 0.0 0.0 0.0 0.0 0.0 0.0 0.0 0.0 0.0 0.0 0.0 0.0 0.0 0.0 0.0 0.0 0.0 0.0 0.0 0.0 0.0 0.0 0.0 0.0 0.0 0.0 0.0 0.0 0.0 0.0 0.0 0.0 0.0 0.0 0.0 0.0 0.0 0.0 0.0 0.0 0.0 0.0 0.0 0.0 0.0 0.0 0.0 0.0 0.0 0.0 0.0 0.0
0.00631644974 0.006108770487 0.006063416882 0.006108907093 0.006313947442 0.006067338323 0.006167524922 0.006232830005 0.006204089026 0.006184470508 0.006230302852 0.006192245476 0.006129896895 0.006155698797 0.408215186781 0.006099419787 0.006311060742 0.006170579853 0.006224531434 0.006167038095 0.006287293756 0.0 0.0 0.0 0.0 0.0 0.0 0.0 0.0 0.0 0.0 0.0 0.0 0.0 0.0 0.0 0.0 0.0 0.0 0.0 0.0 0.0 0.0 0.0 0.0 0.0 0.0 0.0 0.0 0.0 0.0 0.0 0.0 0.0 0.0 0.0 0.0 0.0 0.0 0.0 0.0 0.0 0.0 0.0 0.0 0.0 0.0 0.0 0.0 0.0 0.0 0.0 0.0 0.0 0.0 0.0 0.0 0.0 0.0 0.0 0.0 0.0 0.0 0.0 0.0 0.0 0.0 0.0 0.0 0.0
0.005440736488 0.006572816675 0.00708888527 0.006762906919 0.005634202965 0.006900712513 0.006436249999 0.006053622968 0.006181193964 0.00618030897 0.005999873905 0.006481899102 0.006531471139 0.00631806176 0.006099419787 0.55000650848 0.006134584765 0.00631002671 0.006047222736 0.006308516621 0.005764683499 0.0 0.0 0.0 0.0 0.0 0.0 0.0 0.0 0.0 0.0 0.0 0.0 0.0 0.0 0.0 0.0 0.0 0.0 0.0 0.0 0.0 0.0 0.0 0.0 0.0 0.0 0.0 0.0 0.0 0.0 0.0 0.0 0.0 0.0 0.0 0.0 0.0 0.0 0.0 0.0 0.0 0.0 0.0 0.0 0.0 0.0 0.0 0.0 0.0 0.0 0.0 0.0 0.0 0.0 0.0 0.0 0.0 0.0 0.0 0.0 0.0 0.0 0.0 0.0 0.0 0.0 0.0 0.0 0.0
0.00637182493 0.006111383044 0.006136566922 0.006155258333 0.006384115749 0.006086900917 0.006199384881 0.006228858077 0.006200398643 0.006151874621 0.006247252227 0.006240990187 0.006127489136 0.006141313917 0.006311060742 0.006134584765 0.289771548958 0.006171939656 0.006249900299 0.006172176388 0.006319483489 0.0 0.0 0.0 0.0 0.0 0.0 0.0 0.0 0.0 0.0 0.0 0.0 0.0 0.0 0.0 0.0 0.0 0.0 0.0 0.0 0.0 0.0 0.0 0.0 0.0 0.0 0.0 0.0 0.0 0.0 0.0 0.0 0.0 0.0 0.0 0.0 0.0 0.0 0.0 0.0 0.0 0.0 0.0 0.0 0.0 0.0 0.0 0.0 0.0 0.0 0.0 0.0 0.0 0.0 0.0 0.0 0.0 0.0 0.0 0.0 0.0 0.0 0.0 0.0 0.0 0.0 0.0 0.0 0.0
0.005977857295 0.006273855364 0.006348375441 0.006310308021 0.00603642421 0.00632049029 0.006255726759 0.006167793322 0.006195401748 0.006201254762 0.006143810871 0.006266477363 0.00627136854 0.006226331524 0.006170579853 0.00631002671 0.006171939656 2.05900676249 0.006159894436 0.006225515239 0.006075543236 0.0 0.0 0.0 0.0 0.0 0.0 0.0 0.0 0.0 0.0 0.0 0.0 0.0 0.0 0.0 0.0 0.0 0.0 0.0 0.0 0.0 0.0 0.0 0.0 0.0 0.0 0.0 0.0 0.0 0.0 0.0 0.0 0.0 0.0 0.0 0.0 0.0 0.0 0.0 0.0 0.0 0.0 0.0 0.0 0.0 0.0 0.0 0.0 0.0 0.0 0.0 0.0 0.0 0.0 0.0 0.0 0.0 0.0 0.0 0.0 0.0 0.0 0.0 0.0 0.0 0.0 0.0 0.0 0.0
0.006418655537 0.006102342825 0.005963956027 0.006052356558 0.006340103453 0.005997017134 0.006154501749 0.006209743486 0.006174938644 0.006154036573 0.00625616222 0.006113717059 0.006108859341 0.006153302097 0.006224531434 0.006047222736 0.006249900299 0.006159894436 0.241588042974 0.006195073217 0.006320738331 0.0 0.0 0.0 0.0 0.0 0.0 0.0 0.0 0.0 0.0 0.0 0.0 0.0 0.0 0.0 0.0 0.0 0.0 0.0 0.0 0.0 0.0 0.0 0.0 0.0 0.0 0.0 0.0 0.0 0.0 0.0 0.0 0.0 0.0 0.0 0.0 0.0 0.0 0.0 0.0 0.0 0.0 0.0 0.0 0.0 0.0 0.0 0.0 0.0 0.0 0.0 0.0 0.0 0.0 0.0 0.0 0.0 0.0 0.0 0.0 0.0 0.0 0.0 0.0 0.0 0.0 0.0 0.0 0.0
0.006037001439 0.006291198266 0.006338303583 0.006305816905 0.006051802735 0.006315830793 0.006271522807 0.006151927625 0.006177140668 0.006160926898 0.006163750601 0.006244348146 0.006281935761 0.006225219686 0.006167038095 0.006308516621 0.006172176388 0.006225515239 0.006195073217 0.34085480687 0.006111624077 0.0 0.0 0.0 0.0 0.0 0.0 0.0 0.0 0.0 0.0 0.0 0.0 0.0 0.0 0.0 0.0 0.0 0.0 0.0 0.0 0.0 0.0 0.0 0.0 0.0 0.0 0.0 0.0 0.0 0.0 0.0 0.0 0.0 0.0 0.0 0.0 0.0 0.0 0.0 0.0 0.0 0.0 0.0 0.0 0.0 0.0 0.0 0.0 0.0 0.0 0.0 0.0 0.0 0.0 0.0 0.0 0.0 0.0 0.0 0.0 0.0 0.0 0.0 0.0 0.0 0.0 0.0 0.0 0.0
0.006864696673 0.005885897388 0.00555770415 0.005771747767 0.006712173901 0.005671294512 0.006021503335 0.006300851364 0.00618955246 0.006142302952 0.006343274626 0.006001829201 0.005930146734 0.006061358969 0.006287293756 0.005764683499 0.006319483489 0.006075543236 0.006320738331 0.006111624077 0.218749719778 0.0 0.0 0.0 0.0 0.0 0.0 0.0 0.0 0.0 0.0 0.0 0.0 0.0 0.0 0.0 0.0 0.0 0.0 0.0 0.0 0.0 0.0 0.0 0.0 0.0 0.0 0.0 0.0 0.0 0.0 0.0 0.0 0.0 0.0 0.0 0.0 0.0 0.0 0.0 0.0 0.0 0.0 0.0 0.0 0.0 0.0 0.0 0.0 0.0 0.0 0.0 0.0 0.0 0.0 0.0 0.0 0.0 0.0 0.0 0.0 0.0 0.0 0.0 0.0 0.0 0.0 0.0 0.0 0.0
0.0 0.0 0.0 0.0 0.0 0.0 0.0 0.0 0.0 0.0 0.0 0.0 0.0 0.0 0.0 0.0 0.0 0.0 0.0 0.0 0.0 0.0888564929655 0.002460835616 0.004026795948 0.002817705605 0.004726006844 0.002794865969 0.002770462523 0.003864560456 0.003190235688 0.002473906263 0.003749200097 0.003004846701 0.003484658573 0.004053439361 0.004423234326 0.003730000726 0.003295114451 0.003260546408 0.003281103681 0.003689034091 0.003261976287 0.002822858091 0.003648396761 0.002911838393 0.003891616952 0.002930548803 0.003973119951 0.0 0.0 0.0 0.0 0.0 0.0 0.0 0.0 0.0 0.0 0.0 0.0 0.0 0.0 0.0 0.0 0.0 0.0 0.0 0.0 0.0 0.0 0.0 0.0 0.0 0.0 0.0 0.0 0.0 0.0 0.0 0.0 0.0 0.0 0.0 0.0 0.0 0.0 0.0 0.0 0.0 0.0
0.0 0.0 0.0 0.0 0.0 0.0 0.0 0.0 0.0 0.0 0.0 0.0 0.0 0.0 0.0 0.0 0.0 0.0 0.0 0.0 0.0 0.002460835616 0.513276538311 0.002826547921 0.003673586247 0.002531081899 0.003711144959 0.003760657541 0.002846262876 0.003299041414 0.00422445143 0.002942830945 0.00344769954 0.003112153165 0.002794102764 0.002585283936 0.003042680399 0.00325864627 0.00324675002 0.003283459583 0.003008265725 0.003278613823 0.003701256622 0.003070115167 0.003577987385 0.002885750875 0.003561595713 0.002810106436 0.0 0.0 0.0 0.0 0.0 0.0 0.0 0.0 0.0 0.0 0.0 0.0 0.0 0.0 0.0 0.0 0.0 0.0 0.0 0.0 0.0 0.0 0.0 0.0 0.0 0.0 0.0 0.0 0.0 0.0 0.0 0.0 0.0 0.0 0.0 0.0 0.0 0.0 0.0 0.0 0.0 0.0
0.0 0.0 0.0 0.0 0.0 0.0 0.0 0.0 0.0 0.0 0.0 0.0 0.0 0.0 0.0 0.0 0.0 0.0 0.0 0.0 0.0 0.004026795948 0.002826547921 0.0875404137032 0.00303222567 0.004025258862 0.003017255103 0.003006010282 0.003594995329 0.003237243206 0.002855577771 0.003551105533 0.003136649927 0.003406525908 0.003693457696 0.003907440983 0.003527356244 0.003304789659 0.003278675438 0.00328077653 0.003511030083 0.003283843119 0.003054325445 0.003494610329 0.003085220748 0.003610045016 0.003098912866 0.003670145163 0.0 0.0 0.0 0.0 0.0 0.0 0.0 0.0 0.0 0.0 0.0 0.0 0.0 0.0 0.0 0.0 0.0 0.0 0.0 0.0 0.0 0.0 0.0 0.0 0.0 0.0 0.0 0.0 0.0 0.0 0.0 0.0 0.0 0.0 0.0 0.0 0.0 0.0 0.0 0.0 0.0 0.0
0.0 0.0 0.0 0.0 0.0 0.0 0.0 0.0 0.0 0.0 0.0 0.0 0.0 0.0 0.0 0.0 0.0 0.0 0.0 0.0 0.0 0.002817705605 0.003673586247 0.00303222567 0.593311662423 0.002846755219 0.003502691927 0.0035326166 0.003044293978 0.00329409382 0.003693567714 0.00309292646 0.003374110065 0.00318297166 0.003015592529 0.002880211973 0.003150124351 0.003268583226 0.003268456906 0.003274013362 0.003131019946 0.00328708653 0.003528710621 0.0031696534 0.003445450342 0.003067743412 0.003438545532 0.003017160924 0.0 0.0 0.0 0.0 0.0 0.0 0.0 0.0 0.0 0.0 0.0 0.0 0.0 0.0 0.0 0.0 0.0 0.0 0.0 0.0 0.0 0.0 0.0 0.0 0.0 0.0 0.0 0.0 0.0 0.0 0.0 0.0 0.0 0.0 0.0 0.0 0.0 0.0 0.0 0.0 0.0 0.0
0.0 0.0 0.0 0.0 0.0 0.0 0.0 0.0 0.0 0.0 0.0 0.0 0.0 0.0 0.0 0.0 0.0 0.0 0.0 0.0 0.0 0.004726006844 0.002531081899 0.004025258862 0.002846755219 0.10333471409 0.002830016104 0.002805080038 0.003851257876 0.003189536437 0.002561133721 0.003807696012 0.003025889223 0.003522668619 0.004026973388 0.004632810443 0.003749703797 0.003328037837 0.003270524207 0.003265073399 0.003692511968 0.003273212565 0.002888385831 0.00365022429 0.002927842079 0.003876656138 0.002965789664 0.004022792503 0.0 0.0 0.0 0.0 0.0 0.0 0.0 0.0 0.0 0.0 0.0 0.0 0.0 0.0 0.0 0.0 0.0 0.0 0.0 0.0 0.0 0.0 0.0 0.0 0.0 0.0 0.0 0.0 0.0 0.0 0.0 0.0 0.0 0.0 0.0 0.0 0.0 0.0 0.0 0.0 0.0 0.0
0.0 0.0 0.0 0.0 0.0 0.0 0.0 0.0 0.0 0.0 0.0 0.0 0.0 0.0 0.0 0.0 0.0 0.0 0.0 0.0 0.0 0.002794865969 0.003711144959 0.003017255103 0.003502691927 0.002830016104 0.227033169265 0.003543111253 0.00303695804 0.003302790505 0.003697946894 0.003091653504 0.003386648031 0.003196613496 0.002999447484 0.002874741657 0.003137369059 0.00327074433 0.003267255166 0.003270825309 0.003124518802 0.003285712835 0.003514855136 0.003156133458 0.00345410809 0.003051211759 0.003441714801 0.003012867944 0.0 0.0 0.0 0.0 0.0 0.0 0.0 0.0 0.0 0.0 0.0 0.0 0.0 0.0 0.0 0.0 0.0 0.0 0.0 0.0 0.0 0.0 0.0 0.0 0.0 0.0 0.0 0.0 0.0 0.0 0.0 0.0 0.0 0.0 0.0 0.0 0.0 0.0 0.0 0.0 0.0 0.0
0.0 0.0 0.0 0.0 0.0 0.0 0.0 0.0 0.0 0.0 0.0 0.0 0.0 0.0 0.0 0.0 0.0 0.0 0.0 0.0 0.0 0.002770462523 0.003760657541 0.003006010282 0.0035326166 0.002805080038 0.003543111253 0.464731625479 0.003016049408 0.003297700242 0.00377126082 0.00307061341 0.003382930392 0.003179013974 0.002987203851 0.002833591676 0.003142479657 0.003273804551 0.003264928736 0.003276184591 0.003120938536 0.003293354595 0.003562538741 0.003166189051 0.003474739357 0.00304328811 0.0034614625 0.002988514837 0.0 0.0 0.0 0.0 0.0 0.0 0.0 0.0 0.0 0.0 0.0 0.0 0.0 0.0 0.0 0.0 0.0 0.0 0.0 0.0 0.0 0.0 0.0 0.0 0.0 0.0 0.0 0.0 0.0 0.0 0.0 0.0 0.0 0.0 0.0 0.0 0.0 0.0 0.0 0.0 0.0 0.0
0.0 0.0 0.0 0.0 0.0 0.0 0.0 0.0 0.0 0.0 0.0 0.0 0.0 0.0 0.0 0.0 0.0 0.0 0.0 0.0 0.0 0.003864560456 0.002846262876 0.003594995329 0.003044293978 0.003851257876 0.00303695804 0.003016049408 0.201730891278 0.003247703361 0.00284910201 0.003509162721 0.003159326504 0.003391403596 0.003614163679 0.003797440455 0.003457601328 0.003296452876 0.003283293613 0.003279902471 0.003466390543 0.003272473534 0.003043241429 0.00343236194 0.003093059196 0.003545836779 0.003107818622 0.003610847577 0.0 0.0 0.0 0.0 0.0 0.0 0.0 0.0 0.0 0.0 0.0 0.0 0.0 0.0 0.0 0.0 0.0 0.0 0.0 0.0 0.0 0.0 0.0 0.0 0.0 0.0 0.0 0.0 0.0 0.0 0.0 0.0 0.0 0.0 0.0 0.0 0.0 0.0 0.0 0.0 0.0 0.0
0.0 0.0 0.0 0.0 0.0 0.0 0.0 0.0 0.0 0.0 0.0 0.0 0.0 0.0 0.0 0.0 0.0 0.0 0.0 0.0 0.0 0.003190235688 0.003299041414 0.003237243206 0.00329409382 0.003189536437 0.003302790505 0.003297700242 0.003247703361 0.533269878436 0.003295460625 0.00326015674 0.003302981529 0.003287917303 0.003236376296 0.003212518406 0.003251883484 0.003280660395 0.003282394269 0.003278433147 0.003258572045 0.003286684272 0.003287737992 0.003258702716 0.003299405559 0.003242585863 0.003293295302 0.003244868769 0.0 0.0 0.0 0.0 0.0 0.0 0.0 0.0 0.0 0.0 0.0 0.0 0.0 0.0 0.0 0.0 0.0 0.0 0.0 0.0 0.0 0.0 0.0 0.0 0.0 0.0 0.0 0.0 0.0 0.0 0.0 0.0 0.0 0.0 0.0 0.0 0.0 0.0 0.0 0.0 0.0 0.0
0.0 0.0 0.0 0.0 0.0 0.0 0.0 0.0 0.0 0.0 0.0 0.0 0.0 0.0 0.0 0.0 0.0 0.0 0.0 0.0 0.0 0.002473906263 0.00422445143 0.002855577771 0.003693567714 0.002561133721 0.003697946894 0.00377126082 0.00284910201 0.003295460625 2.56490920564 0.002962325881 0.003438406019 0.003106729601 0.002823740429 0.002604930906 0.003098936076 0.003282319591 0.003253388878 0.003283596876 0.003040947684 0.003307662759 0.00379245638 0.003136909185 0.003597605181 0.002920467096 0.003583637941 0.002831076249 0.0 0.0 0.0 0.0 0.0 0.0 0.0 0.0 0.0 0.0 0.0 0.0 0.0 0.0 0.0 0.0 0.0 0.0 0.0 0.0 0.0 0.0 0.0 0.0 0.0 0.0 0.0 0.0 0.0 0.0 0.0 0.0 0.0 0.0 0.0 0.0 0.0 0.0 0.0 0.0 0.0 0.0
0.0 0.0 0.0 0.0 0.0 0.0 0.0 0.0 0.0 0.0 0.0 0.0 0.0 0.0 0.0 0.0 0.0 0.0 0.0 0.0 0.0 0.003749200097 0.002942830945 0.003551105533 0.00309292646 0.003807696012 0.003091653504 0.00307061341 0.003509162721 0.00326015674 0.002962325881 0.185672816061 0.003198219872 0.003409070152 0.003557093693 0.003817630697 0.003451784695 0.00332216839 0.003294215887 0.003267303407 0.003449454294 0.003292651285 0.00312541155 0.003426407053 0.003134351672 0.003505908304 0.003158412836 0.003598362429 0.0 0.0 0.0 0.0 0.0 0.0 0.0 0.0 0.0 0.0 0.0 0.0 0.0 0.0 0.0 0.0 0.0 0.0 0.0 0.0 0.0 0.0 0.0 0.0 0.0 0.0 0.0 0.0 0.0 0.0 0.0 0.0 0.0 0.0 0.0 0.0 0.0 0.0 0.0 0.0 0.0 0.0
0.0 0.0 0.0 0.0 0.0 0.0 0.0 0.0 0.0 0.0 0.0 0.0 0.0 0.0 0.0 0.0 0.0 0.0 0.0 0.0 0.0 0.003004846701 0.00344769954 0.003136649927 0.003374110065 0.003025889223 0.003386648031 0.003382930392 0.003159326504 0.003302981529 0.003438406019 0.003198219872 0.323997746556 0.003256054225 0.003127237847 0.003081302982 0.003192055316 0.003274722136 0.003279570636 0.003270232482 0.003195598129 0.003283440833 0.003368001055 0.003203389059 0.0033595391 0.003154564256 0.003352496868 0.003150538119 0.0 0.0 0.0 0.0 0.0 0.0 0.0 0.0 0.0 0.0 0.0 0.0 0.0 0.0 0.0 0.0 0.0 0.0 0.0 0.0 0.0 0.0 0.0 0.0 0.0 0.0 0.0 0.0 0.0 0.0 0.0 0.0 0.0 0.0 0.0 0.0 0.0 0.0 0.0 0.0 0.0 0.0
0.0 0.0 0.0 0.0 0.0 0.0 0.0 0.0 0.0 0.0 0.0 0.0 0.0 0.0 0.0 0.0 0.0 0.0 0.0 0.0 0.0 0.003484658573 0.003112153165 0.003406525908 0.00318297166 0.003522668619 0.003196613496 0.003179013974 0.003391403596 0.003287917303 0.003106729601 0.003409070152 0.003256054225 0.120124268098 0.003406940697 0.003540434934 0.003362603904 0.003313912639 0.003291590984 0.003275481209 0.003369172131 0.00329845194 0.003194596254 0.003356119569 0.003214894544 0.003381599238 0.00322110742 0.003442225584 0.0 0.0 0.0 0.0 0.0 0.0 0.0 0.0 0.0 0.0 0.0 0.0 0.0 0.0 0.0 0.0 0.0 0.0 0.0 0.0 0.0 0.0 0.0 0.0 0.0 0.0 0.0 0.0 0.0 0.0 0.0 0.0 0.0 0.0 0.0 0.0 0.0 0.0 0.0 0.0 0.0 0.0
0.0 0.0 0.0 0.0 0.0 0.0 0.0 0.0 0.0 0.0 0.0 0.0 0.0 0.0 0.0 0.0 0.0 0.0 0.0 0.0 0.0 0.004053439361 0.002794102764 0.003693457696 0.003015592529 0.004026973388 0.002999447484 0.002987203851 0.003614163679 0.003236376296 0.002823740429 0.003557093693 0.003127237847 0.003406940697 0.188197729245 0.003902738183 0.003534357393 0.003302338984 0.003278581572 0.003283606715 0.003522448832 0.003282760593 0.003036034604 0.003504448446 0.003074596361 0.003628806924 0.003085169624 0.003683972313 0.0 0.0 0.0 0.0 0.0 0.0 0.0 0.0 0.0 0.0 0.0 0.0 0.0 0.0 0.0 0.0 0.0 0.0 0.0 0.0 0.0 0.0 0.0 0.0 0.0 0.0 0.0 0.0 0.0 0.0 0.0 0.0 0.0 0.0 0.0 0.0 0.0 0.0 0.0 0.0 0.0 0.0
0.0 0.0 0.0 0.0 0.0 0.0 0.0 0.0 0.0 0.0 0.0 0.0 0.0 0.0 0.0 0.0 0.0 0.0 0.0 0.0 0.0 0.004423234326 0.002585283936 0.003907440983 0.002880211973 0.004632810443 0.002874741657 0.002833591676 0.003797440455 0.003212518406 0.002604930906 0.003817630697 0.003081302982 0.003540434934 0.003902738183 0.0937726477763 0.00365627347 0.003344337169 0.003295607583 0.003250577738 0.003637673402 0.003279075558 0.00292575325 0.003570166409 0.002955489662 0.003787286217 0.003007436756 0.00400634825 0.0 0.0 0.0 0.0 0.0 0.0 0.0 0.0 0.0 0.0 0.0 0.0 0.0 0.0 0.0 0.0 0.0 0.0 0.0 0.0 0.0 0.0 0.0 0.0 0.0 0.0 0.0 0.0 0.0 0.0 0.0 0.0 0.0 0.0 0.0 0.0 0.0 0.0 0.0 0.0 0.0 0.0
0.0 0.0 0.0 0.0 0.0 0.0 0.0 0.0 0.0 0.0 0.0 0.0 0.0 0.0 0.0 0.0 0.0 0.0 0.0 0.0 0.0 0.003730000726 0.003042680399 0.003527356244 0.003150124351 0.003749703797 0.003137369059 0.003142479657 0.003457601328 0.003251883484 0.003098936076 0.003451784695 0.003192055316 0.003362603904 0.003534357393 0.00365627347 0.315943990987 0.003321843213 0.00328198608 0.003275789311 0.003440728415 0.003302622772 0.003214293629 0.003452610938 0.003177031457 0.003490662264 0.00319440577 0.003521388756 0.0 0.0 0.0 0.0 0.0 0.0 0.0 0.0 0.0 0.0 0.0 0.0 0.0 0.0 0.0 0.0 0.0 0.0 0.0 0.0 0.0 0.0 0.0 0.0 0.0 0.0 0.0 0.0 0.0 0.0 0.0 0.0 0.0 0.0 0.0 0.0 0.0 0.0 0.0 0.0 0.0 0.0
0.0 0.0 0.0 0.0 0.0 0.0 0.0 0.0 0.0 0.0 0.0 0.0 0.0 0.0 0.0 0.0 0.0 0.0 0.0 0.0 0.0 0.003295114451 0.00325864627 0.003304789659 0.003268583226 0.003328037837 0.00327074433 0.003273804551 0.003296452876 0.003280660395 0.003282319591 0.00332216839 0.003274722136 0.003313912639 0.003302338984 0.003344337169 0.003321843213 0.364802548626 0.003289375321 0.003268759537 0.003315567839 0.003303055407 0.003320762528 0.003324854361 0.003268282414 0.003305060345 0.003287645747 0.003327694763 0.0 0.0 0.0 0.0 0.0 0.0 0.0 0.0 0.0 0.0 0.0 0.0 0.0 0.0 0.0 0.0 0.0 0.0 0.0 0.0 0.0 0.0 0.0 0.0 0.0 0.0 0.0 0.0 0.0 0.0 0.0 0.0 0.0 0.0 0.0 0.0 0.0 0.0 0.0 0.0 0.0 0.0
0.0 0.0 0.0 0.0 0.0 0.0 0.0 0.0 0.0 0.0 0.0 0.0 0.0 0.0 0.0 0.0 0.0 0.0 0.0 0.0 0.0 0.003260546408 0.00324675002 0.003278675438 0.003268456906 0.003270524207 0.003267255166 0.003264928736 0.003283293613 0.003282394269 0.003253388878 0.003294215887 0.003279570636 0.003291590984 0.003278581572 0.003295607583 0.00328198608 0.003289375321 0.252938476655 0.003274212716 0.003285723303 0.00328583468 0.003282150731 0.003285093084 0.003270969494 0.003281058712 0.003277737826 0.003291913218 0.0 0.0 0.0 0.0 0.0 0.0 0.0 0.0 0.0 0.0 0.0 0.0 0.0 0.0 0.0 0.0 0.0 0.0 0.0 0.0 0.0 0.0 0.0 0.0 0.0 0.0 0.0 0.0 0.0 0.0 0.0 0.0 0.0 0.0 0.0 0.0 0.0 0.0 0.0 0.0 0.0 0.0
0.0 0.0 0.0 0.0 0.0 0.0 0.0 0.0 0.0 0.0 0.0 0.0 0.0 0.0 0.0 0.0 0.0 0.0 0.0 0.0 0.0 0.003281103681 0.003283459583 0.00328077653 0.003274013362 0.003265073399 0.003270825309 0.003276184591 0.003279902471 0.003278433147 0.003283596876 0.003267303407 0.003270232482 0.003275481209 0.003283606715 0.003250577738 0.003275789311 0.003268759537 0.003274212716 0.409683414182 0.003278939672 0.003275627827 0.003258284845 0.003280822602 0.003276868158 0.003278782973 0.003265610707 0.003270241987 0.0 0.0 0.0 0.0 0.0 0.0 0.0 0.0 0.0 0.0 0.0 0.0 0.0 0.0 0.0 0.0 0.0 0.0 0.0 0.0 0.0 0.0 0.0 0.0 0.0 0.0 0.0 0.0 0.0 0.0 0.0 0.0 0.0 0.0 0.0 0.0 0.0 0.0 0.0 0.0 0.0 0.0
0.0 0.0 0.0 0.0 0.0 0.0 0.0 0.0 0.0 0.0 0.0 0.0 0.0 0.0 0.0 0.0 0.0 0.0 0.0 0.0 0.0 0.003689034091 0.003008265725 0.003511030083 0.003131019946 0.003692511968 0.003124518802 0.003120938536 0.003466390543 0.003258572045 0.003040947684 0.003449454294 0.003195598129 0.003369172131 0.003522448832 0.003637673402 0.003440728415 0.003315567839 0.003285723303 0.003278939672 0.234057249474 0.003295724674 0.003167389837 0.003427174803 0.003166013679 0.00347746762 0.003178392022 0.003519532933 0.0 0.0 0.0 0.0 0.0 0.0 0.0 0.0 0.0 0.0 0.0 0.0 0.0 0.0 0.0 0.0 0.0 0.0 0.0 0.0 0.0 0.0 0.0 0.0 0.0 0.0 0.0 0.0 0.0 0.0 0.0 0.0 0.0 0.0 0.0 0.0 0.0 0.0 0.0 0.0 0.0 0.0
0.0 0.0 0.0 0.0 0.0 0.0 0.0 0.0 0.0 0.0 0.0 0.0 0.0 0.0 0.0 0.0 0.0 0.0 0.0 0.0 0.0 0.003261976287 0.003278613823 0.003283843119 0.00328708653 0.003273212565 0.003285712835 0.003293354595 0.003272473534 0.003286684272 0.003307662759 0.003292651285 0.003283440833 0.00329845194 0.003282760593 0.003279075558 0.003302622772 0.003303055407 0.00328583468 0.003275627827 0.003295724674 0.379743589093 0.003322672459 0.003310438977 0.00329105319 0.003285358329 0.003295334364 0.003288389678 0.0 0.0 0.0 0.0 0.0 0.0 0.0 0.0 0.0 0.0 0.0 0.0 0.0 0.0 0.0 0.0 0.0 0.0 0.0 0.0 0.0 0.0 0.0 0.0 0.0 0.0 0.0 0.0 0.0 0.0 0.0 0.0 0.0 0.0 0.0 0.0 0.0 0.0 0.0 0.0 0.0 0.0
0.0 0.0 0.0 0.0 0.0 0.0 0.0 0.0 0.0 0.0 0.0 0.0 0.0 0.0 0.0 0.0 0.0 0.0 0.0 0.0 0.0 0.002822858091 0.003701256622 0.003054325445 0.003528710621 0.002888385831 0.003514855136 0.003562538741 0.003043241429 0.003287737992 0.00379245638 0.00312541155 0.003368001055 0.003194596254 0.003036034604 0.00292575325 0.003214293629 0.003320762528 0.003282150731 0.003258284845 0.003167389837 0.003322672459 0.398527183857 0.003236665301 0.003452457137 0.003098424579 0.003481952718 0.003051720798 0.0 0.0 0.0 0.0 0.0 0.0 0.0 0.0 0.0 0.0 0.0 0.0 0.0 0.0 0.0 0.0 0.0 0.0 0.0 0.0 0.0 0.0 0.0 0.0 0.0 0.0 0.0 0.0 0.0 0.0 0.0 0.0 0.0 0.0 0.0 0.0 0.0 0.0 0.0 0.0 0.0 0.0
0.0 0.0 0.0 0.0 0.0 0.0 0.0 0.0 0.0 0.0 0.0 0.0 0.0 0.0 0.0 0.0 0.0 0.0 0.0 0.0 0.0 0.003648396761 0.003070115167 0.003494610329 0.0031696534 0.00365022429 0.003156133458 0.003166189051 0.00343236194 0.003258702716 0.003136909185 0.003426407053 0.003203389059 0.003356119569 0.003504448446 0.003570166409 0.003452610938 0.003324854361 0.003285093084 0.003280822602 0.003427174803 0.003310438977 0.003236665301 0.300841868623 0.003196832957 0.003465181153 0.003209179068 0.003486089208 0.0 0.0 0.0 0.0 0.0 0.0 0.0 0.0 0.0 0.0 0.0 0.0 0.0 0.0 0.0 0.0 0.0 0.0 0.0 0.0 0.0 0.0 0.0 0.0 0.0 0.0 0.0 0.0 0.0 0.0 0.0 0.0 0.0 0.0 0.0 0.0 0.0 0.0 0.0 0.0 0.0 0.0
0.0 0.0 0.0 0.0 0.0 0.0 0.0 0.0 0.0 0.0 0.0 0.0 0.0 0.0 0.0 0.0 0.0 0.0 0.0 0.0 0.0 0.002911838393 0.003577987385 0.003085220748 0.003445450342 0.002927842079 0.00345410809 0.003474739357 0.003093059196 0.003299405559 0.003597605181 0.003134351672 0.0033595391 0.003214894544 0.003074596361 0.002955489662 0.003177031457 0.003268282414 0.003270969494 0.003276868158 0.003166013679 0.00329105319 0.003452457137 0.003196832957 0.552357146109 0.003111344676 0.003398428427 0.003072805485 0.0 0.0 0.0 0.0 0.0 0.0 0.0 0.0 0.0 0.0 0.0 0.0 0.0 0.0 0.0 0.0 0.0 0.0 0.0 0.0 0.0 0.0 0.0 0.0 0.0 0.0 0.0 0.0 0.0 0.0 0.0 0.0 0.0 0.0 0.0 0.0 0.0 0.0 0.0 0.0 0.0 0.0
0.0 0.0 0.0 0.0 0.0 0.0 0.0 0.0 0.0 0.0 0.0 0.0 0.0 0.0 0.0 0.0 0.0 0.0 0.0 0.0 0.0 0.003891616952 0.002885750875 0.003610045016 0.003067743412 0.003876656138 0.003051211759 0.00304328811 0.003545836779 0.003242585863 0.002920467096 0.003505908304 0.003154564256 0.003381599238 0.003628806924 0.003787286217 0.003490662264 0.003305060345 0.003281058712 0.003278782973 0.00347746762 0.003285358329 0.003098424579 0.003465181153 0.003111344676 0.131759983201 0.003126364827 0.00360684502 0.0 0.0 0.0 0.0 0.0 0.0 0.0 0.0 0.0 0.0 0.0 0.0 0.0 0.0 0.0 0.0 0.0 0.0 0.0 0.0 0.0 0.0 0.0 0.0 0.0 0.0 0.0 0.0 0.0 0.0 0.0 0.0 0.0 0.0 0.0 0.0 0.0 0.0 0.0 0.0 0.0 0.0
0.0 0.0 0.0 0.0 0.0 0.0 0.0 0.0 0.0 0.0 0.0 0.0 0.0 0.0 0.0 0.0 0.0 0.0 0.0 0.0 0.0 0.002930548803 0.003561595713 0.003098912866 0.003438545532 0.002965789664 0.003441714801 0.0034614625 0.003107818622 0.003293295302 0.003583637941 0.003158412836 0.003352496868 0.00322110742 0.003085169624 0.003007436756 0.00319440577 0.003287645747 0.003277737826 0.003265610707 0.003178392022 0.003295334364 0.003481952718 0.003209179068 0.003398428427 0.003126364827 0.546389431275 0.003100527736 0.0 0.0 0.0 0.0 0.0 0.0 0.0 0.0 0.0 0.0 0.0 0.0 0.0 0.0 0.0 0.0 0.0 0.0 0.0 0.0 0.0 0.0 0.0 0.0 0.0 0.0 0.0 0.0 0.0 0.0 0.0 0.0 0.0 0.0 0.0 0.0 0.0 0.0 0.0 0.0 0.0 0.0
0.0 0.0 0.0 0.0 0.0 0.0 0.0 0.0 0.0 0.0 0.0 0.0 0.0 0.0 0.0 0.0 0.0 0.0 0.0 0.0 0.0 0.003973119951 0.002810106436 0.003670145163 0.003017160924 0.004022792503 0.003012867944 0.002988514837 0.003610847577 0.003244868769 0.002831076249 0.003598362429 0.003150538119 0.003442225584 0.003683972313 0.00400634825 0.003521388756 0.003327694763 0.003291913218 0.003270241987 0.003519532933 0.003288389678 0.003051720798 0.003486089208 0.003072805485 0.00360684502 0.003100527736 0.113898950131 0.0 0.0 0.0 0.0 0.0 0.0 0.0 0.0 0.0 0.0 0.0 0.0 0.0 0.0 0.0 0.0 0.0 0.0 0.0 0.0 0.0 0.0 0.0 0.0 0.0 0.0 0.0 0.0 0.0 0.0 0.0 0.0 0.0 0.0 0.0 0.0 0.0 0.0 0.0 0.0 0.0 0.0
0.0 0.0 0.0 0.0 0.0 0.0 0.0 0.0 0.0 0.0 0.0 0.0 0.0 0.0 0.0 0.0 0.0 0.0 0.0 0.0 0.0 0.0 0.0 0.0 0.0 0.0 0.0 0.0 0.0 0.0 0.0 0.0 0.0 0.0 0.0 0.0 0.0 0.0 0.0 0.0 0.0 0.0 0.0 0.0 0.0 0.0 0.0 0.0 0.0819082116984 0.002748156115 0.003746203035 0.003010318674 0.004352434571 0.002985578774 0.002913770618 0.004572603239 0.003600161943 0.004067777008 0.003584592292 0.003650149305 0.003637587327 0.004003368292 0.004908107412 0.003473083843 0.003811013049 0.003237117756 0.00419816306 0.003564160787 0.00325024021 0.003725923055 0.003387700049 0.004190041528 0.003329226831 0.00438783302 0.0 0.0 0.0 0.0 0.0 0.0 0.0 0.0 0.0 0.0 0.0 0.0 0.0 0.0 0.0 0.0
0.0 0.0 0.0 0.0 0.0 0.0 0.0 0.0 0.0 0.0 0.0 0.0 0.0 0.0 0.0 0.0 0.0 0.0 0.0 0.0 0.0 0.0 0.0 0.0 0.0 0.0 0.0 0.0 0.0 0.0 0.0 0.0 0.0 0.0 0.0 0.0 0.0 0.0 0.0 0.0 0.0 0.0 0.0 0.0 0.0 0.0 0.0 0.0 0.002748156115 0.608512980431 0.003397783587 0.004094239653 0.003053147714 0.004127634962 0.004229872925 0.002891285447 0.003526245271 0.003195951966 0.003506731394 0.003485859868 0.003484213791 0.00328645629 0.002784527831 0.003613538871 0.003333060472 0.003810117408 0.00314574507 0.003586882382 0.003833256713 0.003480199365 0.003691174558 0.003137821443 0.003772415003 0.00301115193 0.0 0.0 0.0 0.0 0.0 0.0 0.0 0.0 0.0 0.0 0.0 0.0 0.0 0.0 0.0 0.0
0.0 0.0 0.0 0.0 0.0 0.0 0.0 0.0 0.0 0.0 0.0 0.0 0.0 0.0 0.0 0.0 0.0 0.0 0.0 0.0 0.0 0.0 0.0 0.0 0.0 0.0 0.0 0.0 0.0 0.0 0.0 0.0 0.0 0.0 0.0 0.0 0.0 0.0 0.0 0.0 0.0 0.0 0.0 0.0 0.0 0.0 0.0 0.0 0.003746203035 0.003397783587 0.141783137584 0.003477710294 0.003678267893 0.003464428313 0.00345182518 0.003725974623 0.003581409028 0.00363147136 0.003578688815 0.003578271231 0.003611615445 0.003612730017 0.003701351474 0.003566445813 0.003625649185 0.003530765883 0.003668919731 0.003574158257 0.003534402554 0.003601089699 0.003562995628 0.003669350139 0.003546857352 0.003673052747 0.0 0.0 0.0 0.0 0.0 0.0 0.0 0.0 0.0 0.0 0.0 0.0 0.0 0.0 0.0 0.0
0.0 0.0 0.0 0.0 0.0 0.0 0.0 0.0 0.0 0.0 0.0 0.0 0.0 0.0 0.0 0.0 0.0 0.0 0.0 0.0 0.0 0.0 0.0 0.0 0.0 0.0 0.0 0.0 0.0 0.0 0.0 0.0 0.0 0.0 0.0 0.0 0.0 0.0 0.0 0.0 0.0 0.0 0.0 0.0 0.0 0.0 0.0 0.0 0.003010318674 0.004094239653 0.003477710294 0.381487768593 0.003231496785 0.003929774612 0.003988968626 0.003118542183 0.003539880978 0.0033157579 0.003533032847 0.003509583298 0.003525518521 0.003378156475 0.003027817759 0.003608979977 0.003421528967 0.003738970304 0.003290279039 0.003588776613 0.003771523535 0.003522109437 0.003662197023 0.003289131584 0.003709351079 0.003193656383 0.0 0.0 0.0 0.0 0.0 0.0 0.0 0.0 0.0 0.0 0.0 0.0 0.0 0.0 0.0 0.0
0.0 0.0 0.0 0.0 0.0 0.0 0.0 0.0 0.0 0.0 0.0 0.0 0.0 0.0 0.0 0.0 0.0 0.0 0.0 0.0 0.0 0.0 0.0 0.0 0.0 0.0 0.0 0.0 0.0 0.0 0.0 0.0 0.0 0.0 0.0 0.0 0.0 0.0 0.0 0.0 0.0 0.0 0.0 0.0 0.0 0.0 0.0 0.0 0.004352434571 0.003053147714 0.003678267893 0.003231496785 0.182578629205 0.003202743225 0.003153959209 0.004165320389 0.003594996181 0.003889135352 0.003587776264 0.003619983411 0.003612918513 0.003850913817 0.004365443394 0.003524367067 0.003733434959 0.003357347733 0.003960717635 0.003589267354 0.003397725827 0.003703678778 0.003464666346 0.00397026098 0.003425948512 0.004082523923 0.0 0.0 0.0 0.0 0.0 0.0 0.0 0.0 0.0 0.0 0.0 0.0 0.0 0.0 0.0 0.0
0.0 0.0 0.0 0.0 0.0 0.0 0.0 0.0 0.0 0.0 0.0 0.0 0.0 0.0 0.0 0.0 0.0 0.0 0.0 0.0 0.0 0.0 0.0 0.0 0.0 0.0 0.0 0.0 0.0 0.0 0.0 0.0 0.0 0.0 0.0 0.0 0.0 0.0 0.0 0.0 0.0 0.0 0.0 0.0 0.0 0.0 0.0 0.0 0.002985578774 0.004127634962 0.003464428313 0.003929774612 0.003202743225 0.349347765915 0.004008260823 0.003099898944 0.003553579039 0.003314947629 0.003538946653 0.003530401877 0.003525797424 0.003376463533 0.002994225645 0.003608919562 0.003414510547 0.003750009838 0.003279428834 0.003586421807 0.003755699085 0.003504734746 0.003666591386 0.003268194653 0.003713397728 0.003180920069 0.0 0.0 0.0 0.0 0.0 0.0 0.0 0.0 0.0 0.0 0.0 0.0 0.0 0.0 0.0 0.0
0.0 0.0 0.0 0.0 0.0 0.0 0.0 0.0 0.0 0.0 0.0 0.0 0.0 0.0 0.0 0.0 0.0 0.0 0.0 0.0 0.0 0.0 0.0 0.0 0.0 0.0 0.0 0.0 0.0 0.0 0.0 0.0 0.0 0.0 0.0 0.0 0.0 0.0 0.0 0.0 0.0 0.0 0.0 0.0 0.0 0.0 0.0 0.0 0.002913770618 0.004229872925 0.00345182518 0.003988968626 0.003153959209 0.004008260823 0.601425377029 0.00304363469 0.003534214571 0.003265116704 0.003518880389 0.00349839305 0.003515796261 0.003331027513 0.002924403942 0.00360388144 0.003386433636 0.003775702582 0.003233482868 0.003575447513 0.003779667705 0.003486991676 0.003673171436 0.003225925225 0.003733069914 0.003121642696 0.0 0.0 0.0 0.0 0.0 0.0 0.0 0.0 0.0 0.0 0.0 0.0 0.0 0.0 0.0 0.0
0.0 0.0 0.0 0.0 0.0 0.0 0.0 0.0 0.0 0.0 0.0 0.0 0.0 0.0 0.0 0.0 0.0 0.0 0.0 0.0 0.0 0.0 0.0 0.0 0.0 0.0 0.0 0.0 0.0 0.0 0.0 0.0 0.0 0.0 0.0 0.0 0.0 0.0 0.0 0.0 0.0 0.0 0.0 0.0 0.0 0.0 0.0 0.0 0.004572603239 0.002891285447 0.003725974623 0.003118542183 0.004165320389 0.003099898944 0.00304363469 0.194800489378 0.003596238616 0.003946339922 0.003586808036 0.003628982672 0.003639529656 0.003877435743 0.004527480194 0.003499932872 0.00377231618 0.00332454576 0.004048083229 0.003554977334 0.003313313576 0.003672433919 0.00343205581 0.004047395715 0.003385072537 0.004192405036 0.0 0.0 0.0 0.0 0.0 0.0 0.0 0.0 0.0 0.0 0.0 0.0 0.0 0.0 0.0 0.0
0.0 0.0 0.0 0.0 0.0 0.0 0.0 0.0 0.0 0.0 0.0 0.0 0.0 0.0 0.0 0.0 0.0 0.0 0.0 0.0 0.0 0.0 0.0 0.0 0.0 0.0 0.0 0.0 0.0 0.0 0.0 0.0 0.0 0.0 0.0 0.0 0.0 0.0 0.0 0.0 0.0 0.0 0.0 0.0 0.0 0.0 0.0 0.0 0.003600161943 0.003526245271 0.003581409028 0.003539880978 0.003594996181 0.003553579039 0.003534214571 0.003596238616 0.224966532645 0.003616996537 0.003597171317 0.00361608108 0.003589766322 0.003618536443 0.003590236721 0.003583842014 0.003598738256 0.00356278748 0.003607533854 0.003593250214 0.003561811532 0.00359414763 0.003580350585 0.003596869706 0.003570308992 0.003612600443 0.0 0.0 0.0 0.0 0.0 0.0 0.0 0.0 0.0 0.0 0.0 0.0 0.0 0.0 0.0 0.0
0.0 0.0 0.0 0.0 0.0 0.0 0.0 0.0 0.0 0.0 0.0 0.0 0.0 0.0 0.0 0.0 0.0 0.0 0.0 0.0 0.0 0.0 0.0 0.0 0.0 0.0 0.0 0.0 0.0 0.0 0.0 0.0 0.0 0.0 0.0 0.0 0.0 0.0 0.0 0.0 0.0 0.0 0.0 0.0 0.0 0.0 0.0 0.0 0.004067777008 0.003195951966 0.00363147136 0.0033157579 0.003889135352 0.003314947629 0.003265116704 0.003946339922 0.003616996537 0.276524113408 0.003614776356 0.003652835323 0.003606301614 0.003798901651 0.004083023548 0.003552365364 0.00370078344 0.003428301243 0.003837304149 0.003593989465 0.00343787322 0.003659207267 0.003505195925 0.003829490088 0.003470047992 0.003929094764 0.0 0.0 0.0 0.0 0.0 0.0 0.0 0.0 0.0 0.0 0.0 0.0 0.0 0.0 0.0 0.0
0.0 0.0 0.0 0.0 0.0 0.0 0.0 0.0 0.0 0.0 0.0 0.0 0.0 0.0 0.0 0.0 0.0 0.0 0.0 0.0 0.0 0.0 0.0 0.0 0.0 0.0 0.0 0.0 0.0 0.0 0.0 0.0 0.0 0.0 0.0 0.0 0.0 0.0 0.0 0.0 0.0 0.0 0.0 0.0 0.0 0.0 0.0 0.0 0.003584592292 0.003506731394 0.003578688815 0.003533032847 0.003587776264 0.003538946653 0.003518880389 0.003586808036 0.003597171317 0.003614776356 0.164386470136 0.003610522857 0.003584362556 0.003610748085 0.00358719618 0.003586451051 0.003602168696 0.003563731906 0.003594428321 0.003585636132 0.003559324574 0.003584434883 0.003575640984 0.003590586053 0.003564908409 0.003606465063 0.0 0.0 0.0 0.0 0.0 0.0 0.0 0.0 0.0 0.0 0.0 0.0 0.0 0.0 0.0 0.0
0.0 0.0 0.0 0.0 0.0 0.0 0.0 0.0 0.0 0.0 0.0 0.0 0.0 0.0 0.0 0.0 0.0 0.0 0.0 0.0 0.0 0.0 0.0 0.0 0.0 0.0 0.0 0.0 0.0 0.0 0.0 0.0 0.0 0.0 0.0 0.0 0.0 0.0 0.0 0.0 0.0 0.0 0.0 0.0 0.0 0.0 0.0 0.0 0.003650149305 0.003485859868 0.003578271231 0.003509583298 0.003619983411 0.003530401877 0.00349839305 0.003628982672 0.00361608108 0.003652835323 0.003610522857 0.132646917071 0.003591993558 0.003658660382 0.00364588966 0.003587497045 0.003611074675 0.003549945903 0.003636570688 0.003601721969 0.003546571937 0.003603100742 0.00357422269 0.003617880546 0.003559987047 0.003655154622 0.0 0.0 0.0 0.0 0.0 0.0 0.0 0.0 0.0 0.0 0.0 0.0 0.0 0.0 0.0 0.0
0.0 0.0 0.0 0.0 0.0 0.0 0.0 0.0 0.0 0.0 0.0 0.0 0.0 0.0 0.0 0.0 0.0 0.0 0.0 0.0 0.0 0.0 0.0 0.0 0.0 0.0 0.0 0.0 0.0 0.0 0.0 0.0 0.0 0.0 0.0 0.0 0.0 0.0 0.0 0.0 0.0 0.0 0.0 0.0 0.0 0.0 0.0 0.0 0.003637587327 0.003484213791 0.003611615445 0.003525518521 0.003612918513 0.003525797424 0.003515796261 0.003639529656 0.003589766322 0.003606301614 0.003584362556 0.003591993558 0.219844371067 0.003598681161 0.003603183117 0.003576603091 0.003604499973 0.003560370864 0.003622267731 0.003580828769 0.003555782349 0.003589123779 0.003578434039 0.003615416406 0.003567133645 0.003619016486 0.0 0.0 0.0 0.0 0.0 0.0 0.0 0.0 0.0 0.0 0.0 0.0 0.0 0.0 0.0 0.0
0.0 0.0 0.0 0.0 0.0 0.0 0.0 0.0 0.0 0.0 0.0 0.0 0.0 0.0 0.0 0.0 0.0 0.0 0.0 0.0 0.0 0.0 0.0 0.0 0.0 0.0 0.0 0.0 0.0 0.0 0.0 0.0 0.0 0.0 0.0 0.0 0.0 0.0 0.0 0.0 0.0 0.0 0.0 0.0 0.0 0.0 0.0 0.0 0.004003368292 0.00328645629 0.003612730017 0.003378156475 0.003850913817 0.003376463533 0.003331027513 0.003877435743 0.003618536443 0.003798901651 0.003610748085 0.003658660382 0.003598681161 0.157889783648 0.00402738273 0.003563139525 0.003674337604 0.003447616313 0.003811073409 0.003614767008 0.003481233655 0.003674002933 0.003523522767 0.003795232353 0.003495073362 0.003888399948 0.0 0.0 0.0 0.0 0.0 0.0 0.0 0.0 0.0 0.0 0.0 0.0 0.0 0.0 0.0 0.0
0.0 0.0 0.0 0.0 0.0 0.0 0.0 0.0 0.0 0.0 0.0 0.0 0.0 0.0 0.0 0.0 0.0 0.0 0.0 0.0 0.0 0.0 0.0 0.0 0.0 0.0 0.0 0.0 0.0 0.0 0.0 0.0 0.0 0.0 0.0 0.0 0.0 0.0 0.0 0.0 0.0 0.0 0.0 0.0 0.0 0.0 0.0 0.0 0.004908107412 0.002784527831 0.003701351474 0.003027817759 0.004365443394 0.002994225645 0.002924403942 0.004527480194 0.003590236721 0.004083023548 0.00358719618 0.00364588966 0.003603183117 0.00402738273 0.15073160633 0.003478161401 0.003804079413 0.003223392077 0.004172368054 0.003578231862 0.003264950104 0.003748830871 0.003376506885 0.004181808622 0.003320989351 0.004396814033 0.0 0.0 0.0 0.0 0.0 0.0 0.0 0.0 0.0 0.0 0.0 0.0 0.0 0.0 0.0 0.0
