104 104
0.210044541521 0.008131363698 0.007871568033 0.008128369134 0.008263061255 0.008156358491 0.008304421365 0.008606559942 0.008422341152 0.008257100741 0.008088679858 0.008040538016 0.008018685896 0.008491755586 0.008268753868 0.008542931588 0.008213661112 0.007905166103 0.007883990399 0.00800663881 0.008043848759 0.008409362862 0.008209806135 0.008063224494 0.008043915517 0.00824865034 0.0 0.0 0.0 0.0 0.0 0.0 0.0 0.0 0.0 0.0 0.0 0.0 0.0 0.0 0.0 0.0 0.0 0.0 0.0 0.0 0.0 0.0 0.0 0.0 0.0 0.0 0.0 0.0 0.0 0.0 0.0 0.0 0.0 0.0 0.0 0.0 0.0 0.0 0.0 0.0 0.0 0.0 0.0 0.0 0.0 0.0 0.0 0.0 0.0 0.0 0.0 0.0 0.0 0.0 0.0 0.0 0.0 0.0 0.0 0.0 0.0 0.0 0.0 0.0 0.0 0.0 0.0 0.0 0.0 0.0 0.0 0.0 0.0 0.0 0.0 0.0 0.0 0.0
0.008131363698 0.869800300577 0.008932844482 0.008464898603 0.008278705983 0.008417703709 0.008278547979 0.007903280836 0.008044097264 0.008331314374 0.008565241832 0.008637201076 0.008724099205 0.007899987621 0.008304134574 0.007756773928 0.00831389571 0.008878809834 0.008907562694 0.008677653404 0.008589196803 0.008200192574 0.008429633755 0.008647566908 0.008663416813 0.008398811092 0.0 0.0 0.0 0.0 0.0 0.0 0.0 0.0 0.0 0.0 0.0 0.0 0.0 0.0 0.0 0.0 0.0 0.0 0.0 0.0 0.0 0.0 0.0 0.0 0.0 0.0 0.0 0.0 0.0 0.0 0.0 0.0 0.0 0.0 0.0 0.0 0.0 0.0 0.0 0.0 0.0 0.0 0.0 0.0 0.0 0.0 0.0 0.0 0.0 0.0 0.0 0.0 0.0 0.0 0.0 0.0 0.0 0.0 0.0 0.0 0.0 0.0 0.0 0.0 0.0 0.0 0.0 0.0 0.0 0.0 0.0 0.0 0.0 0.0 0.0 0.0 0.0 0.0
0.007871568033 0.008932844482 5.21121217525 0.00893425187 0.008218743954 0.008767053429 0.008294606022 0.006925456966 0.007705904383 0.008401462191 0.009178059441 0.009456942595 0.009675342146 0.007264320689 0.008336176763 0.006988499892 0.008591444188 0.0105868406 0.01063529268 0.009667039066 0.009368593397 0.00790076682 0.008742496862 0.009336669845 0.009522716967 0.008519699331 0.0 0.0 0.0 0.0 0.0 0.0 0.0 0.0 0.0 0.0 0.0 0.0 0.0 0.0 0.0 0.0 0.0 0.0 0.0 0.0 0.0 0.0 0.0 0.0 0.0 0.0 0.0 0.0 0.0 0.0 0.0 0.0 0.0 0.0 0.0 0.0 0.0 0.0 0.0 0.0 0.0 0.0 0.0 0.0 0.0 0.0 0.0 0.0 0.0 0.0 0.0 0.0 0.0 0.0 0.0 0.0 0.0 0.0 0.0 0.0 0.0 0.0 0.0 0.0 0.0 0.0 0.0 0.0 0.0 0.0 0.0 0.0 0.0 0.0 0.0 0.0 0.0 0.0
0.008128369134 0.008464898603 0.00893425187 0.283140816548 0.008237704941 0.008483863085 0.008285697276 0.007729046676 0.008107710564 0.008320991865 0.008588434132 0.008672477303 0.008699323766 0.007886051557 0.008284384082 0.00777550142 0.008471112106 0.008929139443 0.008956025039 0.008734497622 0.008667726124 0.008134192899 0.008428344298 0.008602718457 0.008672433175 0.008383620763 0.0 0.0 0.0 0.0 0.0 0.0 0.0 0.0 0.0 0.0 0.0 0.0 0.0 0.0 0.0 0.0 0.0 0.0 0.0 0.0 0.0 0.0 0.0 0.0 0.0 0.0 0.0 0.0 0.0 0.0 0.0 0.0 0.0 0.0 0.0 0.0 0.0 0.0 0.0 0.0 0.0 0.0 0.0 0.0 0.0 0.0 0.0 0.0 0.0 0.0 0.0 0.0 0.0 0.0 0.0 0.0 0.0 0.0 0.0 0.0 0.0 0.0 0.0 0.0 0.0 0.0 0.0 0.0 0.0 0.0 0.0 0.0 0.0 0.0 0.0 0.0 0.0 0.0
0.008263061255 0.008278705983 0.008218743954 0.008237704941 0.287970328826 0.008244682041 0.008249739582 0.008286564209 0.008234250955 0.008268451006 0.008247944979 0.008234322418 0.008244610021 0.008277741065 0.008278329987 0.008260543931 0.008206653198 0.008229903623 0.008200589673 0.008225717584 0.008227392381 0.008260212652 0.00826314806 0.008260663437 0.008246036641 0.008249121927 0.0 0.0 0.0 0.0 0.0 0.0 0.0 0.0 0.0 0.0 0.0 0.0 0.0 0.0 0.0 0.0 0.0 0.0 0.0 0.0 0.0 0.0 0.0 0.0 0.0 0.0 0.0 0.0 0.0 0.0 0.0 0.0 0.0 0.0 0.0 0.0 0.0 0.0 0.0 0.0 0.0 0.0 0.0 0.0 0.0 0.0 0.0 0.0 0.0 0.0 0.0 0.0 0.0 0.0 0.0 0.0 0.0 0.0 0.0 0.0 0.0 0.0 0.0 0.0 0.0 0.0 0.0 0.0 0.0 0.0 0.0 0.0 0.0 0.0 0.0 0.0 0.0 0.0
0.008156358491 0.008417703709 0.008767053429 0.008483863085 0.008244682041 0.4255906745 0.008280821183 0.007830607689 0.008144092687 0.008311149029 0.008516877674 0.008580823324 0.008596043214 0.00796149973 0.00828113189 0.007871968927 0.008435955951 0.008763334925 0.008785423704 0.008626712566 0.008579503402 0.008158889531 0.008392810275 0.008524839954 0.00857790399 0.008361328312 0.0 0.0 0.0 0.0 0.0 0.0 0.0 0.0 0.0 0.0 0.0 0.0 0.0 0.0 0.0 0.0 0.0 0.0 0.0 0.0 0.0 0.0 0.0 0.0 0.0 0.0 0.0 0.0 0.0 0.0 0.0 0.0 0.0 0.0 0.0 0.0 0.0 0.0 0.0 0.0 0.0 0.0 0.0 0.0 0.0 0.0 0.0 0.0 0.0 0.0 0.0 0.0 0.0 0.0 0.0 0.0 0.0 0.0 0.0 0.0 0.0 0.0 0.0 0.0 0.0 0.0 0.0 0.0 0.0 0.0 0.0 0.0 0.0 0.0 0.0 0.0 0.0 0.0
0.008304421365 0.008278547979 0.008294606022 0.008285697276 0.008249739582 0.008280821183 0.25395400463 0.008307954464 0.008309894566 0.00829377456 0.008286865986 0.008292245292 0.008302304549 0.008254796797 0.008283886562 0.008233907614 0.008316377267 0.008311719813 0.008315235068 0.008290768572 0.008278806963 0.008343260096 0.008315600741 0.008287457802 0.008301219261 0.008336061338 0.0 0.0 0.0 0.0 0.0 0.0 0.0 0.0 0.0 0.0 0.0 0.0 0.0 0.0 0.0 0.0 0.0 0.0 0.0 0.0 0.0 0.0 0.0 0.0 0.0 0.0 0.0 0.0 0.0 0.0 0.0 0.0 0.0 0.0 0.0 0.0 0.0 0.0 0.0 0.0 0.0 0.0 0.0 0.0 0.0 0.0 0.0 0.0 0.0 0.0 0.0 0.0 0.0 0.0 0.0 0.0 0.0 0.0 0.0 0.0 0.0 0.0 0.0 0.0 0.0 0.0 0.0 0.0 0.0 0.0 0.0 0.0 0.0 0.0 0.0 0.0 0.0 0.0
0.008606559942 0.007903280836 0.006925456966 0.007729046676 0.008286564209 0.007830607689 0.008307954464 0.15333103909 0.008647899121 0.00819593139 0.007628039464 0.007474197948 0.007426212327 0.009052201935 0.008242859589 0.009227296871 0.007921146415 0.006911656186 0.006930909599 0.007346309725 0.007471075104 0.008719413522 0.00799153725 0.007606141211 0.007470678488 0.008158553633 0.0 0.0 0.0 0.0 0.0 0.0 0.0 0.0 0.0 0.0 0.0 0.0 0.0 0.0 0.0 0.0 0.0 0.0 0.0 0.0 0.0 0.0 0.0 0.0 0.0 0.0 0.0 0.0 0.0 0.0 0.0 0.0 0.0 0.0 0.0 0.0 0.0 0.0 0.0 0.0 0.0 0.0 0.0 0.0 0.0 0.0 0.0 0.0 0.0 0.0 0.0 0.0 0.0 0.0 0.0 0.0 0.0 0.0 0.0 0.0 0.0 0.0 0.0 0.0 0.0 0.0 0.0 0.0 0.0 0.0 0.0 0.0 0.0 0.0 0.0 0.0 0.0 0.0
0.008422341152 0.008044097264 0.007705904383 0.008107710564 0.008234250955 0.008144092687 0.008309894566 0.008647899121 0.261066640126 0.008237530314 0.008026123544 0.007968873954 0.007906126196 0.008551760272 0.008240412192 0.008654956905 0.008268433414 0.007722892046 0.007736806876 0.007925767984 0.007995695597 0.008423154219 0.008159438784 0.007964961212 0.007944648894 0.008232494136 0.0 0.0 0.0 0.0 0.0 0.0 0.0 0.0 0.0 0.0 0.0 0.0 0.0 0.0 0.0 0.0 0.0 0.0 0.0 0.0 0.0 0.0 0.0 0.0 0.0 0.0 0.0 0.0 0.0 0.0 0.0 0.0 0.0 0.0 0.0 0.0 0.0 0.0 0.0 0.0 0.0 0.0 0.0 0.0 0.0 0.0 0.0 0.0 0.0 0.0 0.0 0.0 0.0 0.0 0.0 0.0 0.0 0.0 0.0 0.0 0.0 0.0 0.0 0.0 0.0 0.0 0.0 0.0 0.0 0.0 0.0 0.0 0.0 0.0 0.0 0.0 0.0 0.0
0.008257100741 0.008331314374 0.008401462191 0.008320991865 0.008268451006 0.008311149029 0.00829377456 0.00819593139 0.008237530314 0.739709665119 0.008339149678 0.00835285917 0.008371352825 0.00817432656 0.008288190948 0.008123884494 0.008306664108 0.008409771367 0.008404585369 0.008359788303 0.008339247436 0.008289080431 0.008332044988 0.008352032602 0.008364162467 0.008331311931 0.0 0.0 0.0 0.0 0.0 0.0 0.0 0.0 0.0 0.0 0.0 0.0 0.0 0.0 0.0 0.0 0.0 0.0 0.0 0.0 0.0 0.0 0.0 0.0 0.0 0.0 0.0 0.0 0.0 0.0 0.0 0.0 0.0 0.0 0.0 0.0 0.0 0.0 0.0 0.0 0.0 0.0 0.0 0.0 0.0 0.0 0.0 0.0 0.0 0.0 0.0 0.0 0.0 0.0 0.0 0.0 0.0 0.0 0.0 0.0 0.0 0.0 0.0 0.0 0.0 0.0 0.0 0.0 0.0 0.0 0.0 0.0 0.0 0.0 0.0 0.0 0.0 0.0
0.008088679858 0.008565241832 0.009178059441 0.008588434132 0.008247944979 0.008516877674 0.008286865986 0.007628039464 0.008026123544 0.008339149678 1.73662280954 0.008789027715 0.008858261024 0.007789013111 0.008300065435 0.007639146297 0.008449345357 0.009168764114 0.009178693536 0.008865451346 0.008759550576 0.00811132919 0.008483383338 0.008731064761 0.008810129948 0.008410958688 0.0 0.0 0.0 0.0 0.0 0.0 0.0 0.0 0.0 0.0 0.0 0.0 0.0 0.0 0.0 0.0 0.0 0.0 0.0 0.0 0.0 0.0 0.0 0.0 0.0 0.0 0.0 0.0 0.0 0.0 0.0 0.0 0.0 0.0 0.0 0.0 0.0 0.0 0.0 0.0 0.0 0.0 0.0 0.0 0.0 0.0 0.0 0.0 0.0 0.0 0.0 0.0 0.0 0.0 0.0 0.0 0.0 0.0 0.0 0.0 0.0 0.0 0.0 0.0 0.0 0.0 0.0 0.0 0.0 0.0 0.0 0.0 0.0 0.0 0.0 0.0 0.0 0.0
0.008040538016 0.008637201076 0.009456942595 0.008672477303 0.008234322418 0.008580823324 0.008292245292 0.007474197948 0.007968873954 0.00835285917 0.008789027715 0.985757475951 0.009023056057 0.007665458594 0.008305711501 0.007488636459 0.00851105221 0.009424013459 0.009474440171 0.009038278107 0.008899078103 0.008072459853 0.008534304391 0.008852595923 0.008953045093 0.008449036887 0.0 0.0 0.0 0.0 0.0 0.0 0.0 0.0 0.0 0.0 0.0 0.0 0.0 0.0 0.0 0.0 0.0 0.0 0.0 0.0 0.0 0.0 0.0 0.0 0.0 0.0 0.0 0.0 0.0 0.0 0.0 0.0 0.0 0.0 0.0 0.0 0.0 0.0 0.0 0.0 0.0 0.0 0.0 0.0 0.0 0.0 0.0 0.0 0.0 0.0 0.0 0.0 0.0 0.0 0.0 0.0 0.0 0.0 0.0 0.0 0.0 0.0 0.0 0.0 0.0 0.0 0.0 0.0 0.0 0.0 0.0 0.0 0.0 0.0 0.0 0.0 0.0 0.0
0.008018685896 0.008724099205 0.009675342146 0.008699323766 0.008244610021 0.008596043214 0.008302304549 0.007426212327 0.007906126196 0.008371352825 0.008858261024 0.009023056057 0.246392449333 0.007599078754 0.008323325691 0.007390126507 0.00848106087 0.00963961755 0.009669896893 0.009136626172 0.008957054397 0.008071856386 0.00858705853 0.008959616241 0.009064772352 0.008477333587 0.0 0.0 0.0 0.0 0.0 0.0 0.0 0.0 0.0 0.0 0.0 0.0 0.0 0.0 0.0 0.0 0.0 0.0 0.0 0.0 0.0 0.0 0.0 0.0 0.0 0.0 0.0 0.0 0.0 0.0 0.0 0.0 0.0 0.0 0.0 0.0 0.0 0.0 0.0 0.0 0.0 0.0 0.0 0.0 0.0 0.0 0.0 0.0 0.0 0.0 0.0 0.0 0.0 0.0 0.0 0.0 0.0 0.0 0.0 0.0 0.0 0.0 0.0 0.0 0.0 0.0 0.0 0.0 0.0 0.0 0.0 0.0 0.0 0.0 0.0 0.0 0.0 0.0
0.008491755586 0.007899987621 0.007264320689 0.007886051557 0.008277741065 0.00796149973 0.008254796797 0.009052201935 0.008551760272 0.00817432656 0.007789013111 0.007665458594 0.007599078754 0.188850044879 0.008229184993 0.009089145416 0.008041973341 0.00731770445 0.007267209504 0.007588251055 0.007694371815 0.008449388617 0.008025050415 0.007726715381 0.007659813561 0.008081914064 0.0 0.0 0.0 0.0 0.0 0.0 0.0 0.0 0.0 0.0 0.0 0.0 0.0 0.0 0.0 0.0 0.0 0.0 0.0 0.0 0.0 0.0 0.0 0.0 0.0 0.0 0.0 0.0 0.0 0.0 0.0 0.0 0.0 0.0 0.0 0.0 0.0 0.0 0.0 0.0 0.0 0.0 0.0 0.0 0.0 0.0 0.0 0.0 0.0 0.0 0.0 0.0 0.0 0.0 0.0 0.0 0.0 0.0 0.0 0.0 0.0 0.0 0.0 0.0 0.0 0.0 0.0 0.0 0.0 0.0 0.0 0.0 0.0 0.0 0.0 0.0 0.0 0.0
0.008268753868 0.008304134574 0.008336176763 0.008284384082 0.008278329987 0.00828113189 0.008283886562 0.008242859589 0.008240412192 0.008288190948 0.008300065435 0.008305711501 0.008323325691 0.008229184993 0.247187848194 0.008191804321 0.008264739618 0.008360085038 0.008338341924 0.008306172713 0.008289343924 0.008284515305 0.008311907548 0.008313737835 0.008320429291 0.008299692224 0.0 0.0 0.0 0.0 0.0 0.0 0.0 0.0 0.0 0.0 0.0 0.0 0.0 0.0 0.0 0.0 0.0 0.0 0.0 0.0 0.0 0.0 0.0 0.0 0.0 0.0 0.0 0.0 0.0 0.0 0.0 0.0 0.0 0.0 0.0 0.0 0.0 0.0 0.0 0.0 0.0 0.0 0.0 0.0 0.0 0.0 0.0 0.0 0.0 0.0 0.0 0.0 0.0 0.0 0.0 0.0 0.0 0.0 0.0 0.0 0.0 0.0 0.0 0.0 0.0 0.0 0.0 0.0 0.0 0.0 0.0 0.0 0.0 0.0 0.0 0.0 0.0 0.0
0.008542931588 0.007756773928 0.006988499892 0.00777550142 0.008260543931 0.007871968927 0.008233907614 0.009227296871 0.008654956905 0.008123884494 0.007639146297 0.007488636459 0.007390126507 0.009089145416 0.008191804321 0.14731971437 0.007994806833 0.00703415206 0.006996903182 0.007395956494 0.007536262884 0.008461831593 0.007920400581 0.00754573752 0.007465406465 0.00799231805 0.0 0.0 0.0 0.0 0.0 0.0 0.0 0.0 0.0 0.0 0.0 0.0 0.0 0.0 0.0 0.0 0.0 0.0 0.0 0.0 0.0 0.0 0.0 0.0 0.0 0.0 0.0 0.0 0.0 0.0 0.0 0.0 0.0 0.0 0.0 0.0 0.0 0.0 0.0 0.0 0.0 0.0 0.0 0.0 0.0 0.0 0.0 0.0 0.0 0.0 0.0 0.0 0.0 0.0 0.0 0.0 0.0 0.0 0.0 0.0 0.0 0.0 0.0 0.0 0.0 0.0 0.0 0.0 0.0 0.0 0.0 0.0 0.0 0.0 0.0 0.0 0.0 0.0
0.008213661112 0.00831389571 0.008591444188 0.008471112106 0.008206653198 0.008435955951 0.008316377267 0.007921146415 0.008268433414 0.008306664108 0.008449345357 0.00851105221 0.00848106087 0.008041973341 0.008264739618 0.007994806833 0.305491800461 0.008596264559 0.008659436741 0.008550739252 0.00853287915 0.008215055326 0.008366649655 0.00841604401 0.008482725104 0.008379814668 0.0 0.0 0.0 0.0 0.0 0.0 0.0 0.0 0.0 0.0 0.0 0.0 0.0 0.0 0.0 0.0 0.0 0.0 0.0 0.0 0.0 0.0 0.0 0.0 0.0 0.0 0.0 0.0 0.0 0.0 0.0 0.0 0.0 0.0 0.0 0.0 0.0 0.0 0.0 0.0 0.0 0.0 0.0 0.0 0.0 0.0 0.0 0.0 0.0 0.0 0.0 0.0 0.0 0.0 0.0 0.0 0.0 0.0 0.0 0.0 0.0 0.0 0.0 0.0 0.0 0.0 0.0 0.0 0.0 0.0 0.0 0.0 0.0 0.0 0.0 0.0 0.0 0.0
0.007905166103 0.008878809834 0.0105868406 0.008929139443 0.008229903623 0.008763334925 0.008311719813 0.006911656186 0.007722892046 0.008409771367 0.009168764114 0.009424013459 0.00963961755 0.00731770445 0.008360085038 0.00703415206 0.008596264559 2.32591447963 0.01058491431 0.009638233934 0.009335981805 0.007895999513 0.008776586133 0.00930001439 0.009523545512 0.008503395052 0.0 0.0 0.0 0.0 0.0 0.0 0.0 0.0 0.0 0.0 0.0 0.0 0.0 0.0 0.0 0.0 0.0 0.0 0.0 0.0 0.0 0.0 0.0 0.0 0.0 0.0 0.0 0.0 0.0 0.0 0.0 0.0 0.0 0.0 0.0 0.0 0.0 0.0 0.0 0.0 0.0 0.0 0.0 0.0 0.0 0.0 0.0 0.0 0.0 0.0 0.0 0.0 0.0 0.0 0.0 0.0 0.0 0.0 0.0 0.0 0.0 0.0 0.0 0.0 0.0 0.0 0.0 0.0 0.0 0.0 0.0 0.0 0.0 0.0 0.0 0.0 0.0 0.0
0.007883990399 0.008907562694 0.01063529268 0.008956025039 0.008200589673 0.008785423704 0.008315235068 0.006930909599 0.007736806876 0.008404585369 0.009178693536 0.009474440171 0.009669896893 0.007267209504 0.008338341924 0.006996903182 0.008659436741 0.01058491431 1.18978046942 0.009684245403 0.009387361825 0.007921168328 0.008751882032 0.009322462538 0.009519545299 0.008549198259 0.0 0.0 0.0 0.0 0.0 0.0 0.0 0.0 0.0 0.0 0.0 0.0 0.0 0.0 0.0 0.0 0.0 0.0 0.0 0.0 0.0 0.0 0.0 0.0 0.0 0.0 0.0 0.0 0.0 0.0 0.0 0.0 0.0 0.0 0.0 0.0 0.0 0.0 0.0 0.0 0.0 0.0 0.0 0.0 0.0 0.0 0.0 0.0 0.0 0.0 0.0 0.0 0.0 0.0 0.0 0.0 0.0 0.0 0.0 0.0 0.0 0.0 0.0 0.0 0.0 0.0 0.0 0.0 0.0 0.0 0.0 0.0 0.0 0.0 0.0 0.0 0.0 0.0
0.00800663881 0.008677653404 0.009667039066 0.008734497622 0.008225717584 0.008626712566 0.008290768572 0.007346309725 0.007925767984 0.008359788303 0.008865451346 0.009038278107 0.009136626172 0.007588251055 0.008306172713 0.007395956494 0.008550739252 0.009638233934 0.009684245403 0.374400111567 0.009002258284 0.008027309313 0.008568974535 0.008934052323 0.009058726096 0.008457227477 0.0 0.0 0.0 0.0 0.0 0.0 0.0 0.0 0.0 0.0 0.0 0.0 0.0 0.0 0.0 0.0 0.0 0.0 0.0 0.0 0.0 0.0 0.0 0.0 0.0 0.0 0.0 0.0 0.0 0.0 0.0 0.0 0.0 0.0 0.0 0.0 0.0 0.0 0.0 0.0 0.0 0.0 0.0 0.0 0.0 0.0 0.0 0.0 0.0 0.0 0.0 0.0 0.0 0.0 0.0 0.0 0.0 0.0 0.0 0.0 0.0 0.0 0.0 0.0 0.0 0.0 0.0 0.0 0.0 0.0 0.0 0.0 0.0 0.0 0.0 0.0 0.0 0.0
0.008043848759 0.008589196803 0.009368593397 0.008667726124 0.008227392381 0.008579503402 0.008278806963 0.007471075104 0.007995695597 0.008339247436 0.008759550576 0.008899078103 0.008957054397 0.007694371815 0.008289343924 0.007536262884 0.00853287915 0.009335981805 0.009387361825 0.009002258284 0.3473078569 0.008052194408 0.008501679725 0.00879923034 0.008901581823 0.008420376766 0.0 0.0 0.0 0.0 0.0 0.0 0.0 0.0 0.0 0.0 0.0 0.0 0.0 0.0 0.0 0.0 0.0 0.0 0.0 0.0 0.0 0.0 0.0 0.0 0.0 0.0 0.0 0.0 0.0 0.0 0.0 0.0 0.0 0.0 0.0 0.0 0.0 0.0 0.0 0.0 0.0 0.0 0.0 0.0 0.0 0.0 0.0 0.0 0.0 0.0 0.0 0.0 0.0 0.0 0.0 0.0 0.0 0.0 0.0 0.0 0.0 0.0 0.0 0.0 0.0 0.0 0.0 0.0 0.0 0.0 0.0 0.0 0.0 0.0 0.0 0.0 0.0 0.0
0.008409362862 0.008200192574 0.00790076682 0.008134192899 0.008260212652 0.008158889531 0.008343260096 0.008719413522 0.008423154219 0.008289080431 0.00811132919 0.008072459853 0.008071856386 0.008449388617 0.008284515305 0.008461831593 0.008215055326 0.007895999513 0.007921168328 0.008027309313 0.008052194408 0.186716701293 0.008249324458 0.008112694013 0.008078020731 0.00833543198 0.0 0.0 0.0 0.0 0.0 0.0 0.0 0.0 0.0 0.0 0.0 0.0 0.0 0.0 0.0 0.0 0.0 0.0 0.0 0.0 0.0 0.0 0.0 0.0 0.0 0.0 0.0 0.0 0.0 0.0 0.0 0.0 0.0 0.0 0.0 0.0 0.0 0.0 0.0 0.0 0.0 0.0 0.0 0.0 0.0 0.0 0.0 0.0 0.0 0.0 0.0 0.0 0.0 0.0 0.0 0.0 0.0 0.0 0.0 0.0 0.0 0.0 0.0 0.0 0.0 0.0 0.0 0.0 0.0 0.0 0.0 0.0 0.0 0.0 0.0 0.0 0.0 0.0
0.008209806135 0.008429633755 0.008742496862 0.008428344298 0.00826314806 0.008392810275 0.008315600741 0.00799153725 0.008159438784 0.008332044988 0.008483383338 0.008534304391 0.00858705853 0.008025050415 0.008311907548 0.007920400581 0.008366649655 0.008776586133 0.008751882032 0.008568974535 0.008501679725 0.008249324458 0.264309437383 0.008515999993 0.008565847501 0.008387793145 0.0 0.0 0.0 0.0 0.0 0.0 0.0 0.0 0.0 0.0 0.0 0.0 0.0 0.0 0.0 0.0 0.0 0.0 0.0 0.0 0.0 0.0 0.0 0.0 0.0 0.0 0.0 0.0 0.0 0.0 0.0 0.0 0.0 0.0 0.0 0.0 0.0 0.0 0.0 0.0 0.0 0.0 0.0 0.0 0.0 0.0 0.0 0.0 0.0 0.0 0.0 0.0 0.0 0.0 0.0 0.0 0.0 0.0 0.0 0.0 0.0 0.0 0.0 0.0 0.0 0.0 0.0 0.0 0.0 0.0 0.0 0.0 0.0 0.0 0.0 0.0 0.0 0.0
0.008063224494 0.008647566908 0.009336669845 0.008602718457 0.008260663437 0.008524839954 0.008287457802 0.007606141211 0.007964961212 0.008352032602 0.008731064761 0.008852595923 0.008959616241 0.007726715381 0.008313737835 0.00754573752 0.00841604401 0.00930001439 0.009322462538 0.008934052323 0.00879923034 0.008112694013 0.008515999993 0.244557701781 0.008886001764 0.008437131424 0.0 0.0 0.0 0.0 0.0 0.0 0.0 0.0 0.0 0.0 0.0 0.0 0.0 0.0 0.0 0.0 0.0 0.0 0.0 0.0 0.0 0.0 0.0 0.0 0.0 0.0 0.0 0.0 0.0 0.0 0.0 0.0 0.0 0.0 0.0 0.0 0.0 0.0 0.0 0.0 0.0 0.0 0.0 0.0 0.0 0.0 0.0 0.0 0.0 0.0 0.0 0.0 0.0 0.0 0.0 0.0 0.0 0.0 0.0 0.0 0.0 0.0 0.0 0.0 0.0 0.0 0.0 0.0 0.0 0.0 0.0 0.0 0.0 0.0 0.0 0.0 0.0 0.0
0.008043915517 0.008663416813 0.009522716967 0.008672433175 0.008246036641 0.00857790399 0.008301219261 0.007470678488 0.007944648894 0.008364162467 0.008810129948 0.008953045093 0.009064772352 0.007659813561 0.008320429291 0.007465406465 0.008482725104 0.009523545512 0.009519545299 0.009058726096 0.008901581823 0.008078020731 0.008565847501 0.008886001764 0.386857099635 0.008454600021 0.0 0.0 0.0 0.0 0.0 0.0 0.0 0.0 0.0 0.0 0.0 0.0 0.0 0.0 0.0 0.0 0.0 0.0 0.0 0.0 0.0 0.0 0.0 0.0 0.0 0.0 0.0 0.0 0.0 0.0 0.0 0.0 0.0 0.0 0.0 0.0 0.0 0.0 0.0 0.0 0.0 0.0 0.0 0.0 0.0 0.0 0.0 0.0 0.0 0.0 0.0 0.0 0.0 0.0 0.0 0.0 0.0 0.0 0.0 0.0 0.0 0.0 0.0 0.0 0.0 0.0 0.0 0.0 0.0 0.0 0.0 0.0 0.0 0.0 0.0 0.0 0.0 0.0
0.00824865034 0.008398811092 0.008519699331 0.008383620763 0.008249121927 0.008361328312 0.008336061338 0.008158553633 0.008232494136 0.008331311931 0.008410958688 0.008449036887 0.008477333587 0.008081914064 0.008299692224 0.00799231805 0.008379814668 0.008503395052 0.008549198259 0.008457227477 0.008420376766 0.00833543198 0.008387793145 0.008437131424 0.008454600021 0.291058597521 0.0 0.0 0.0 0.0 0.0 0.0 0.0 0.0 0.0 0.0 0.0 0.0 0.0 0.0 0.0 0.0 0.0 0.0 0.0 0.0 0.0 0.0 0.0 0.0 0.0 0.0 0.0 0.0 0.0 0.0 0.0 0.0 0.0 0.0 0.0 0.0 0.0 0.0 0.0 0.0 0.0 0.0 0.0 0.0 0.0 0.0 0.0 0.0 0.0 0.0 0.0 0.0 0.0 0.0 0.0 0.0 0.0 0.0 0.0 0.0 0.0 0.0 0.0 0.0 0.0 0.0 0.0 0.0 0.0 0.0 0.0 0.0 0.0 0.0 0.0 0.0 0.0 0.0
0.0 0.0 0.0 0.0 0.0 0.0 0.0 0.0 0.0 0.0 0.0 0.0 0.0 0.0 0.0 0.0 0.0 0.0 0.0 0.0 0.0 0.0 0.0 0.0 0.0 0.0 0.428414859336 0.006906584341 0.00774047948 0.007889676 0.006434010956 0.006752673989 0.006550622535 0.005879224854 0.006737172641 0.007892131815 0.005768575515 0.006476295155 0.005817912563 0.006473697462 0.007327710708 0.006826304657 0.006555943215 0.00647040618 0.007483779371 0.005550269236 0.007966507213 0.006178416013 0.006341802246 0.006494116769 0.006766673571 0.007305419643 0.007792402149 0.008106697892 0.006623101621 0.0 0.0 0.0 0.0 0.0 0.0 0.0 0.0 0.0 0.0 0.0 0.0 0.0 0.0 0.0 0.0 0.0 0.0 0.0 0.0 0.0 0.0 0.0 0.0 0.0 0.0 0.0 0.0 0.0 0.0 0.0 0.0 0.0 0.0 0.0 0.0 0.0 0.0 0.0 0.0 0.0 0.0 0.0 0.0 0.0 0.0 0.0 0.0 0.0
0.0 0.0 0.0 0.0 0.0 0.0 0.0 0.0 0.0 0.0 0.0 0.0 0.0 0.0 0.0 0.0 0.0 0.0 0.0 0.0 0.0 0.0 0.0 0.0 0.0 0.0 0.006906584341 0.272330609056 0.006908391428 0.006920582692 0.006718175836 0.006781899207 0.006720332693 0.006468917146 0.006766589397 0.007744715106 0.006458410422 0.006733871033 0.006468794495 0.00671232498 0.0068584675 0.006792515629 0.00671714213 0.006738783207 0.006882047134 0.006373847959 0.0069299769 0.006610532685 0.006661180903 0.006755289958 0.006785965183 0.006865183054 0.006914283487 0.006924114611 0.006765059588 0.0 0.0 0.0 0.0 0.0 0.0 0.0 0.0 0.0 0.0 0.0 0.0 0.0 0.0 0.0 0.0 0.0 0.0 0.0 0.0 0.0 0.0 0.0 0.0 0.0 0.0 0.0 0.0 0.0 0.0 0.0 0.0 0.0 0.0 0.0 0.0 0.0 0.0 0.0 0.0 0.0 0.0 0.0 0.0 0.0 0.0 0.0 0.0 0.0
0.0 0.0 0.0 0.0 0.0 0.0 0.0 0.0 0.0 0.0 0.0 0.0 0.0 0.0 0.0 0.0 0.0 0.0 0.0 0.0 0.0 0.0 0.0 0.0 0.0 0.0 0.00774047948 0.006908391428 0.951591116957 0.007893606439 0.006440662313 0.006741351918 0.006550730095 0.005854265219 0.006698390182 0.008183829419 0.005759428593 0.006498567765 0.00579688536 0.006475720965 0.007318971703 0.006799529656 0.006536542109 0.00648662546 0.007433823659 0.005542266823 0.00790790357 0.006167072424 0.006312577776 0.006521574623 0.006741471217 0.007298595431 0.007716063625 0.007998104889 0.006635323614 0.0 0.0 0.0 0.0 0.0 0.0 0.0 0.0 0.0 0.0 0.0 0.0 0.0 0.0 0.0 0.0 0.0 0.0 0.0 0.0 0.0 0.0 0.0 0.0 0.0 0.0 0.0 0.0 0.0 0.0 0.0 0.0 0.0 0.0 0.0 0.0 0.0 0.0 0.0 0.0 0.0 0.0 0.0 0.0 0.0 0.0 0.0 0.0 0.0
0.0 0.0 0.0 0.0 0.0 0.0 0.0 0.0 0.0 0.0 0.0 0.0 0.0 0.0 0.0 0.0 0.0 0.0 0.0 0.0 0.0 0.0 0.0 0.0 0.0 0.0 0.007889676 0.006920582692 0.007893606439 29.6727618686 0.006375503727 0.006699772088 0.00649755252 0.005705842713 0.006635750345 0.008528250745 0.005593208277 0.006455244336 0.005624976031 0.006429150406 0.007416742522 0.006764209102 0.006482766624 0.006420975821 0.007534562276 0.005374908197 0.008094898804 0.006078511871 0.006223987677 0.006472563752 0.006686249534 0.00738489102 0.007847903399 0.008207374618 0.006611621578 0.0 0.0 0.0 0.0 0.0 0.0 0.0 0.0 0.0 0.0 0.0 0.0 0.0 0.0 0.0 0.0 0.0 0.0 0.0 0.0 0.0 0.0 0.0 0.0 0.0 0.0 0.0 0.0 0.0 0.0 0.0 0.0 0.0 0.0 0.0 0.0 0.0 0.0 0.0 0.0 0.0 0.0 0.0 0.0 0.0 0.0 0.0 0.0 0.0
0.0 0.0 0.0 0.0 0.0 0.0 0.0 0.0 0.0 0.0 0.0 0.0 0.0 0.0 0.0 0.0 0.0 0.0 0.0 0.0 0.0 0.0 0.0 0.0 0.0 0.0 0.006434010956 0.006718175836 0.006440662313 0.006375503727 0.44683579772 0.006767796954 0.006827103093 0.007031469467 0.006793538039 0.00659274391 0.007061405323 0.006835796171 0.007050544475 0.006854841523 0.006575408192 0.006749004322 0.006844414344 0.006875481615 0.00653015899 0.007123530084 0.00638588067 0.006966327514 0.006880022983 0.006849952988 0.00677858384 0.006565932817 0.006444960224 0.006344026032 0.006800424078 0.0 0.0 0.0 0.0 0.0 0.0 0.0 0.0 0.0 0.0 0.0 0.0 0.0 0.0 0.0 0.0 0.0 0.0 0.0 0.0 0.0 0.0 0.0 0.0 0.0 0.0 0.0 0.0 0.0 0.0 0.0 0.0 0.0 0.0 0.0 0.0 0.0 0.0 0.0 0.0 0.0 0.0 0.0 0.0 0.0 0.0 0.0 0.0 0.0
0.0 0.0 0.0 0.0 0.0 0.0 0.0 0.0 0.0 0.0 0.0 0.0 0.0 0.0 0.0 0.0 0.0 0.0 0.0 0.0 0.0 0.0 0.0 0.0 0.0 0.0 0.006752673989 0.006781899207 0.006741351918 0.006699772088 0.006767796954 0.433398337446 0.006763378384 0.006720855219 0.006800553359 0.007284188003 0.006735257329 0.0067683789 0.00671784497 0.00677536841 0.00674949496 0.006780515202 0.006771408239 0.006783331062 0.006759308549 0.006698496462 0.006744280952 0.006747105407 0.006770644007 0.006786275671 0.006786432253 0.006748917954 0.006754593266 0.006731994258 0.006769571913 0.0 0.0 0.0 0.0 0.0 0.0 0.0 0.0 0.0 0.0 0.0 0.0 0.0 0.0 0.0 0.0 0.0 0.0 0.0 0.0 0.0 0.0 0.0 0.0 0.0 0.0 0.0 0.0 0.0 0.0 0.0 0.0 0.0 0.0 0.0 0.0 0.0 0.0 0.0 0.0 0.0 0.0 0.0 0.0 0.0 0.0 0.0 0.0 0.0
0.0 0.0 0.0 0.0 0.0 0.0 0.0 0.0 0.0 0.0 0.0 0.0 0.0 0.0 0.0 0.0 0.0 0.0 0.0 0.0 0.0 0.0 0.0 0.0 0.0 0.0 0.006550622535 0.006720332693 0.006550730095 0.00649755252 0.006827103093 0.006763378384 0.435622482627 0.006952277091 0.006778757218 0.006380734173 0.006978594186 0.006810357833 0.006962353232 0.006820958273 0.006635593453 0.006750048932 0.006807336608 0.006816829002 0.006611188999 0.007012170082 0.006511898664 0.006885681902 0.006858058601 0.006807803137 0.006763000802 0.006636537257 0.006552640203 0.006495590151 0.006780924363 0.0 0.0 0.0 0.0 0.0 0.0 0.0 0.0 0.0 0.0 0.0 0.0 0.0 0.0 0.0 0.0 0.0 0.0 0.0 0.0 0.0 0.0 0.0 0.0 0.0 0.0 0.0 0.0 0.0 0.0 0.0 0.0 0.0 0.0 0.0 0.0 0.0 0.0 0.0 0.0 0.0 0.0 0.0 0.0 0.0 0.0 0.0 0.0 0.0
0.0 0.0 0.0 0.0 0.0 0.0 0.0 0.0 0.0 0.0 0.0 0.0 0.0 0.0 0.0 0.0 0.0 0.0 0.0 0.0 0.0 0.0 0.0 0.0 0.0 0.0 0.005879224854 0.006468917146 0.005854265219 0.005705842713 0.007031469467 0.006720855219 0.006952277091 0.31599254893 0.006852969766 0.001784273148 0.008245750806 0.006905644505 0.008118968724 0.007056230304 0.006176662342 0.006655315966 0.0070222139 0.006994311486 0.006058673756 0.008538070629 0.005733133881 0.007511324623 0.00728422367 0.006915552184 0.006737471017 0.006135392872 0.00587709698 0.005681542683 0.006781613134 0.0 0.0 0.0 0.0 0.0 0.0 0.0 0.0 0.0 0.0 0.0 0.0 0.0 0.0 0.0 0.0 0.0 0.0 0.0 0.0 0.0 0.0 0.0 0.0 0.0 0.0 0.0 0.0 0.0 0.0 0.0 0.0 0.0 0.0 0.0 0.0 0.0 0.0 0.0 0.0 0.0 0.0 0.0 0.0 0.0 0.0 0.0 0.0 0.0
0.0 0.0 0.0 0.0 0.0 0.0 0.0 0.0 0.0 0.0 0.0 0.0 0.0 0.0 0.0 0.0 0.0 0.0 0.0 0.0 0.0 0.0 0.0 0.0 0.0 0.0 0.006737172641 0.006766589397 0.006698390182 0.006635750345 0.006793538039 0.006800553359 0.006778757218 0.006852969766 0.525987135021 0.006700405444 0.006886430027 0.006760894611 0.006835993667 0.006812637813 0.006715498899 0.006787767149 0.006814565262 0.006823262156 0.006726353818 0.006852175906 0.006720174177 0.006816209148 0.006823450826 0.006809806582 0.006812542436 0.006695005925 0.00673370824 0.006700863704 0.006763627039 0.0 0.0 0.0 0.0 0.0 0.0 0.0 0.0 0.0 0.0 0.0 0.0 0.0 0.0 0.0 0.0 0.0 0.0 0.0 0.0 0.0 0.0 0.0 0.0 0.0 0.0 0.0 0.0 0.0 0.0 0.0 0.0 0.0 0.0 0.0 0.0 0.0 0.0 0.0 0.0 0.0 0.0 0.0 0.0 0.0 0.0 0.0 0.0 0.0
0.0 0.0 0.0 0.0 0.0 0.0 0.0 0.0 0.0 0.0 0.0 0.0 0.0 0.0 0.0 0.0 0.0 0.0 0.0 0.0 0.0 0.0 0.0 0.0 0.0 0.0 0.007892131815 0.007744715106 0.008183829419 0.008528250745 0.00659274391 0.007284188003 0.006380734173 0.001784273148 0.006700405444 4.44700449676 0.001662890708 0.006996551141 0.002175878432 0.006326149161 0.007940315136 0.007260028218 0.006309707763 0.006846703503 0.008054015583 0.0007387690854 0.008164443001 0.00481071616 0.005095904101 0.007096772473 0.007066715362 0.008130463553 0.008055052876 0.00799889473 0.007190944951 0.0 0.0 0.0 0.0 0.0 0.0 0.0 0.0 0.0 0.0 0.0 0.0 0.0 0.0 0.0 0.0 0.0 0.0 0.0 0.0 0.0 0.0 0.0 0.0 0.0 0.0 0.0 0.0 0.0 0.0 0.0 0.0 0.0 0.0 0.0 0.0 0.0 0.0 0.0 0.0 0.0 0.0 0.0 0.0 0.0 0.0 0.0 0.0 0.0
0.0 0.0 0.0 0.0 0.0 0.0 0.0 0.0 0.0 0.0 0.0 0.0 0.0 0.0 0.0 0.0 0.0 0.0 0.0 0.0 0.0 0.0 0.0 0.0 0.0 0.0 0.005768575515 0.006458410422 0.005759428593 0.005593208277 0.007061405323 0.006735257329 0.006978594186 0.008245750806 0.006886430027 0.001662890708 0.212869875952 0.006928342877 0.008221312909 0.007110947825 0.006119253016 0.006651450145 0.007056953328 0.007043491761 0.005981209529 0.008665113766 0.005620073973 0.007573181776 0.007355670537 0.006964010289 0.00674985749 0.006069744115 0.005779464213 0.005545025722 0.006794660279 0.0 0.0 0.0 0.0 0.0 0.0 0.0 0.0 0.0 0.0 0.0 0.0 0.0 0.0 0.0 0.0 0.0 0.0 0.0 0.0 0.0 0.0 0.0 0.0 0.0 0.0 0.0 0.0 0.0 0.0 0.0 0.0 0.0 0.0 0.0 0.0 0.0 0.0 0.0 0.0 0.0 0.0 0.0 0.0 0.0 0.0 0.0 0.0 0.0
0.0 0.0 0.0 0.0 0.0 0.0 0.0 0.0 0.0 0.0 0.0 0.0 0.0 0.0 0.0 0.0 0.0 0.0 0.0 0.0 0.0 0.0 0.0 0.0 0.0 0.0 0.006476295155 0.006733871033 0.006498567765 0.006455244336 0.006835796171 0.0067683789 0.006810357833 0.006905644505 0.006760894611 0.006996551141 0.006928342877 0.388180643308 0.006939674772 0.00682690894 0.006610558546 0.006753969006 0.006800716796 0.00682045777 0.006575577332 0.006975198371 0.006436159626 0.006863512288 0.006886526024 0.006828955617 0.006760127032 0.00662766736 0.006487171682 0.006407620242 0.006805881665 0.0 0.0 0.0 0.0 0.0 0.0 0.0 0.0 0.0 0.0 0.0 0.0 0.0 0.0 0.0 0.0 0.0 0.0 0.0 0.0 0.0 0.0 0.0 0.0 0.0 0.0 0.0 0.0 0.0 0.0 0.0 0.0 0.0 0.0 0.0 0.0 0.0 0.0 0.0 0.0 0.0 0.0 0.0 0.0 0.0 0.0 0.0 0.0 0.0
0.0 0.0 0.0 0.0 0.0 0.0 0.0 0.0 0.0 0.0 0.0 0.0 0.0 0.0 0.0 0.0 0.0 0.0 0.0 0.0 0.0 0.0 0.0 0.0 0.0 0.0 0.005817912563 0.006468794495 0.00579688536 0.005624976031 0.007050544475 0.00671784497 0.006962353232 0.008118968724 0.006835993667 0.002175878432 0.008221312909 0.006939674772 0.519738295589 0.007065666992 0.006144981243 0.006654181322 0.0070291244 0.006996587111 0.006017644693 0.008565901344 0.005665550265 0.007529636084 0.007326517052 0.006925161778 0.006733154782 0.006111245341 0.005814921995 0.005608192694 0.006797758738 0.0 0.0 0.0 0.0 0.0 0.0 0.0 0.0 0.0 0.0 0.0 0.0 0.0 0.0 0.0 0.0 0.0 0.0 0.0 0.0 0.0 0.0 0.0 0.0 0.0 0.0 0.0 0.0 0.0 0.0 0.0 0.0 0.0 0.0 0.0 0.0 0.0 0.0 0.0 0.0 0.0 0.0 0.0 0.0 0.0 0.0 0.0 0.0 0.0
0.0 0.0 0.0 0.0 0.0 0.0 0.0 0.0 0.0 0.0 0.0 0.0 0.0 0.0 0.0 0.0 0.0 0.0 0.0 0.0 0.0 0.0 0.0 0.0 0.0 0.0 0.006473697462 0.00671232498 0.006475720965 0.006429150406 0.006854841523 0.00677536841 0.006820958273 0.007056230304 0.006812637813 0.006326149161 0.007110947825 0.00682690894 0.007065666992 0.413661182461 0.006585282086 0.006749876016 0.006841749226 0.00685824793 0.006551336012 0.007149392585 0.006432132113 0.006946136052 0.006913029577 0.006843622998 0.006776834756 0.00657650832 0.006482670238 0.006395953031 0.006788458286 0.0 0.0 0.0 0.0 0.0 0.0 0.0 0.0 0.0 0.0 0.0 0.0 0.0 0.0 0.0 0.0 0.0 0.0 0.0 0.0 0.0 0.0 0.0 0.0 0.0 0.0 0.0 0.0 0.0 0.0 0.0 0.0 0.0 0.0 0.0 0.0 0.0 0.0 0.0 0.0 0.0 0.0 0.0 0.0 0.0 0.0 0.0 0.0 0.0
0.0 0.0 0.0 0.0 0.0 0.0 0.0 0.0 0.0 0.0 0.0 0.0 0.0 0.0 0.0 0.0 0.0 0.0 0.0 0.0 0.0 0.0 0.0 0.0 0.0 0.0 0.007327710708 0.0068584675 0.007318971703 0.007416742522 0.006575408192 0.00674949496 0.006635593453 0.006176662342 0.006715498899 0.007940315136 0.006119253016 0.006610558546 0.006144981243 0.006585282086 0.458590394231 0.006785581815 0.006620283826 0.006601674475 0.00715863721 0.005978556309 0.007429686721 0.006393122502 0.006475209156 0.006623402257 0.006750577957 0.007084493945 0.007315072658 0.007479390016 0.006692725743 0.0 0.0 0.0 0.0 0.0 0.0 0.0 0.0 0.0 0.0 0.0 0.0 0.0 0.0 0.0 0.0 0.0 0.0 0.0 0.0 0.0 0.0 0.0 0.0 0.0 0.0 0.0 0.0 0.0 0.0 0.0 0.0 0.0 0.0 0.0 0.0 0.0 0.0 0.0 0.0 0.0 0.0 0.0 0.0 0.0 0.0 0.0 0.0 0.0
0.0 0.0 0.0 0.0 0.0 0.0 0.0 0.0 0.0 0.0 0.0 0.0 0.0 0.0 0.0 0.0 0.0 0.0 0.0 0.0 0.0 0.0 0.0 0.0 0.0 0.0 0.006826304657 0.006792515629 0.006799529656 0.006764209102 0.006749004322 0.006780515202 0.006750048932 0.006655315966 0.006787767149 0.007260028218 0.006651450145 0.006753969006 0.006654181322 0.006749876016 0.006785581815 0.419793265708 0.006755459028 0.006756954098 0.006807044329 0.006610841311 0.006814512472 0.006708588423 0.006743484303 0.006760396386 0.006786570998 0.006786711202 0.006818219702 0.00682253074 0.006764187916 0.0 0.0 0.0 0.0 0.0 0.0 0.0 0.0 0.0 0.0 0.0 0.0 0.0 0.0 0.0 0.0 0.0 0.0 0.0 0.0 0.0 0.0 0.0 0.0 0.0 0.0 0.0 0.0 0.0 0.0 0.0 0.0 0.0 0.0 0.0 0.0 0.0 0.0 0.0 0.0 0.0 0.0 0.0 0.0 0.0 0.0 0.0 0.0 0.0
0.0 0.0 0.0 0.0 0.0 0.0 0.0 0.0 0.0 0.0 0.0 0.0 0.0 0.0 0.0 0.0 0.0 0.0 0.0 0.0 0.0 0.0 0.0 0.0 0.0 0.0 0.006555943215 0.00671714213 0.006536542109 0.006482766624 0.006844414344 0.006771408239 0.006807336608 0.0070222139 0.006814565262 0.006309707763 0.007056953328 0.006800716796 0.0070291244 0.006841749226 0.006620283826 0.006755459028 0.234528593942 0.006843689423 0.006598635193 0.007098016108 0.006514968802 0.006931637097 0.006882597697 0.006820346257 0.006780994364 0.006605098048 0.006555141316 0.006494520341 0.006777016421 0.0 0.0 0.0 0.0 0.0 0.0 0.0 0.0 0.0 0.0 0.0 0.0 0.0 0.0 0.0 0.0 0.0 0.0 0.0 0.0 0.0 0.0 0.0 0.0 0.0 0.0 0.0 0.0 0.0 0.0 0.0 0.0 0.0 0.0 0.0 0.0 0.0 0.0 0.0 0.0 0.0 0.0 0.0 0.0 0.0 0.0 0.0 0.0 0.0
0.0 0.0 0.0 0.0 0.0 0.0 0.0 0.0 0.0 0.0 0.0 0.0 0.0 0.0 0.0 0.0 0.0 0.0 0.0 0.0 0.0 0.0 0.0 0.0 0.0 0.0 0.00647040618 0.006738783207 0.00648662546 0.006420975821 0.006875481615 0.006783331062 0.006816829002 0.006994311486 0.006823262156 0.006846703503 0.007043491761 0.00682045777 0.006996587111 0.00685824793 0.006601674475 0.006756954098 0.006843689423 0.378548278176 0.00656043756 0.007065851847 0.006445978948 0.006938897647 0.00685597425 0.006865958178 0.006792893039 0.006583993966 0.006491391592 0.006384702802 0.006797435437 0.0 0.0 0.0 0.0 0.0 0.0 0.0 0.0 0.0 0.0 0.0 0.0 0.0 0.0 0.0 0.0 0.0 0.0 0.0 0.0 0.0 0.0 0.0 0.0 0.0 0.0 0.0 0.0 0.0 0.0 0.0 0.0 0.0 0.0 0.0 0.0 0.0 0.0 0.0 0.0 0.0 0.0 0.0 0.0 0.0 0.0 0.0 0.0 0.0
0.0 0.0 0.0 0.0 0.0 0.0 0.0 0.0 0.0 0.0 0.0 0.0 0.0 0.0 0.0 0.0 0.0 0.0 0.0 0.0 0.0 0.0 0.0 0.0 0.0 0.0 0.007483779371 0.006882047134 0.007433823659 0.007534562276 0.00653015899 0.006759308549 0.006611188999 0.006058673756 0.006726353818 0.008054015583 0.005981209529 0.006575577332 0.006017644693 0.006551336012 0.00715863721 0.006807044329 0.006598635193 0.00656043756 0.779528483256 0.005808425162 0.007570903561 0.006316633595 0.006430451977 0.006585216616 0.006759019046 0.007160283518 0.007457488477 0.00764545198 0.006677276472 0.0 0.0 0.0 0.0 0.0 0.0 0.0 0.0 0.0 0.0 0.0 0.0 0.0 0.0 0.0 0.0 0.0 0.0 0.0 0.0 0.0 0.0 0.0 0.0 0.0 0.0 0.0 0.0 0.0 0.0 0.0 0.0 0.0 0.0 0.0 0.0 0.0 0.0 0.0 0.0 0.0 0.0 0.0 0.0 0.0 0.0 0.0 0.0 0.0
0.0 0.0 0.0 0.0 0.0 0.0 0.0 0.0 0.0 0.0 0.0 0.0 0.0 0.0 0.0 0.0 0.0 0.0 0.0 0.0 0.0 0.0 0.0 0.0 0.0 0.0 0.005550269236 0.006373847959 0.005542266823 0.005374908197 0.007123530084 0.006698496462 0.007012170082 0.008538070629 0.006852175906 0.0007387690854 0.008665113766 0.006975198371 0.008565901344 0.007149392585 0.005978556309 0.006610841311 0.007098016108 0.007065851847 0.005808425162 1.11738162816 0.005373223877 0.00774782241 0.007456942757 0.006969845046 0.006712800451 0.0059283174 0.005554092055 0.005289497863 0.006797328109 0.0 0.0 0.0 0.0 0.0 0.0 0.0 0.0 0.0 0.0 0.0 0.0 0.0 0.0 0.0 0.0 0.0 0.0 0.0 0.0 0.0 0.0 0.0 0.0 0.0 0.0 0.0 0.0 0.0 0.0 0.0 0.0 0.0 0.0 0.0 0.0 0.0 0.0 0.0 0.0 0.0 0.0 0.0 0.0 0.0 0.0 0.0 0.0 0.0
0.0 0.0 0.0 0.0 0.0 0.0 0.0 0.0 0.0 0.0 0.0 0.0 0.0 0.0 0.0 0.0 0.0 0.0 0.0 0.0 0.0 0.0 0.0 0.0 0.0 0.0 0.007966507213 0.0069299769 0.00790790357 0.008094898804 0.00638588067 0.006744280952 0.006511898664 0.005733133881 0.006720174177 0.008164443001 0.005620073973 0.006436159626 0.005665550265 0.006432132113 0.007429686721 0.006814512472 0.006514968802 0.006445978948 0.007570903561 0.005373223877 0.77848742479 0.006085817173 0.006247106163 0.006476037929 0.006754505573 0.007383711624 0.007928565856 0.008280601405 0.006602870347 0.0 0.0 0.0 0.0 0.0 0.0 0.0 0.0 0.0 0.0 0.0 0.0 0.0 0.0 0.0 0.0 0.0 0.0 0.0 0.0 0.0 0.0 0.0 0.0 0.0 0.0 0.0 0.0 0.0 0.0 0.0 0.0 0.0 0.0 0.0 0.0 0.0 0.0 0.0 0.0 0.0 0.0 0.0 0.0 0.0 0.0 0.0 0.0 0.0
0.0 0.0 0.0 0.0 0.0 0.0 0.0 0.0 0.0 0.0 0.0 0.0 0.0 0.0 0.0 0.0 0.0 0.0 0.0 0.0 0.0 0.0 0.0 0.0 0.0 0.0 0.006178416013 0.006610532685 0.006167072424 0.006078511871 0.006966327514 0.006747105407 0.006885681902 0.007511324623 0.006816209148 0.00481071616 0.007573181776 0.006863512288 0.007529636084 0.006946136052 0.006393122502 0.006708588423 0.006931637097 0.006938897647 0.006316633595 0.00774782241 0.006085817173 0.359139376467 0.007042837313 0.00688075985 0.006763246777 0.006366417968 0.006181243045 0.006037413256 0.006796072467 0.0 0.0 0.0 0.0 0.0 0.0 0.0 0.0 0.0 0.0 0.0 0.0 0.0 0.0 0.0 0.0 0.0 0.0 0.0 0.0 0.0 0.0 0.0 0.0 0.0 0.0 0.0 0.0 0.0 0.0 0.0 0.0 0.0 0.0 0.0 0.0 0.0 0.0 0.0 0.0 0.0 0.0 0.0 0.0 0.0 0.0 0.0 0.0 0.0
0.0 0.0 0.0 0.0 0.0 0.0 0.0 0.0 0.0 0.0 0.0 0.0 0.0 0.0 0.0 0.0 0.0 0.0 0.0 0.0 0.0 0.0 0.0 0.0 0.0 0.0 0.006341802246 0.006661180903 0.006312577776 0.006223987677 0.006880022983 0.006770644007 0.006858058601 0.00728422367 0.006823450826 0.005095904101 0.007355670537 0.006886526024 0.007326517052 0.006913029577 0.006475209156 0.006743484303 0.006882597697 0.00685597425 0.006430451977 0.007456942757 0.006247106163 0.007042837313 0.416320711333 0.00685243819 0.006771788317 0.006478043572 0.006331881482 0.006238251388 0.006799483147 0.0 0.0 0.0 0.0 0.0 0.0 0.0 0.0 0.0 0.0 0.0 0.0 0.0 0.0 0.0 0.0 0.0 0.0 0.0 0.0 0.0 0.0 0.0 0.0 0.0 0.0 0.0 0.0 0.0 0.0 0.0 0.0 0.0 0.0 0.0 0.0 0.0 0.0 0.0 0.0 0.0 0.0 0.0 0.0 0.0 0.0 0.0 0.0 0.0
0.0 0.0 0.0 0.0 0.0 0.0 0.0 0.0 0.0 0.0 0.0 0.0 0.0 0.0 0.0 0.0 0.0 0.0 0.0 0.0 0.0 0.0 0.0 0.0 0.0 0.0 0.006494116769 0.006755289958 0.006521574623 0.006472563752 0.006849952988 0.006786275671 0.006807803137 0.006915552184 0.006809806582 0.007096772473 0.006964010289 0.006828955617 0.006925161778 0.006843622998 0.006623402257 0.006760396386 0.006820346257 0.006865958178 0.006585216616 0.006969845046 0.006476037929 0.00688075985 0.00685243819 0.20188073376 0.006786912485 0.00661989228 0.006519398789 0.006418466079 0.006800407066 0.0 0.0 0.0 0.0 0.0 0.0 0.0 0.0 0.0 0.0 0.0 0.0 0.0 0.0 0.0 0.0 0.0 0.0 0.0 0.0 0.0 0.0 0.0 0.0 0.0 0.0 0.0 0.0 0.0 0.0 0.0 0.0 0.0 0.0 0.0 0.0 0.0 0.0 0.0 0.0 0.0 0.0 0.0 0.0 0.0 0.0 0.0 0.0 0.0
0.0 0.0 0.0 0.0 0.0 0.0 0.0 0.0 0.0 0.0 0.0 0.0 0.0 0.0 0.0 0.0 0.0 0.0 0.0 0.0 0.0 0.0 0.0 0.0 0.0 0.0 0.006766673571 0.006785965183 0.006741471217 0.006686249534 0.00677858384 0.006786432253 0.006763000802 0.006737471017 0.006812542436 0.007066715362 0.00674985749 0.006760127032 0.006733154782 0.006776834756 0.006750577957 0.006786570998 0.006780994364 0.006792893039 0.006759019046 0.006712800451 0.006754505573 0.006763246777 0.006771788317 0.006786912485 1.25111922855 0.006740624245 0.006764088273 0.006745286964 0.006769361649 0.0 0.0 0.0 0.0 0.0 0.0 0.0 0.0 0.0 0.0 0.0 0.0 0.0 0.0 0.0 0.0 0.0 0.0 0.0 0.0 0.0 0.0 0.0 0.0 0.0 0.0 0.0 0.0 0.0 0.0 0.0 0.0 0.0 0.0 0.0 0.0 0.0 0.0 0.0 0.0 0.0 0.0 0.0 0.0 0.0 0.0 0.0 0.0 0.0
0.0 0.0 0.0 0.0 0.0 0.0 0.0 0.0 0.0 0.0 0.0 0.0 0.0 0.0 0.0 0.0 0.0 0.0 0.0 0.0 0.0 0.0 0.0 0.0 0.0 0.0 0.007305419643 0.006865183054 0.007298595431 0.00738489102 0.006565932817 0.006748917954 0.006636537257 0.006135392872 0.006695005925 0.008130463553 0.006069744115 0.00662766736 0.006111245341 0.00657650832 0.007084493945 0.006786711202 0.006605098048 0.006583993966 0.007160283518 0.0059283174 0.007383711624 0.006366417968 0.006478043572 0.00661989228 0.006740624245 0.58429018808 0.007295202735 0.007442037858 0.006700951063 0.0 0.0 0.0 0.0 0.0 0.0 0.0 0.0 0.0 0.0 0.0 0.0 0.0 0.0 0.0 0.0 0.0 0.0 0.0 0.0 0.0 0.0 0.0 0.0 0.0 0.0 0.0 0.0 0.0 0.0 0.0 0.0 0.0 0.0 0.0 0.0 0.0 0.0 0.0 0.0 0.0 0.0 0.0 0.0 0.0 0.0 0.0 0.0 0.0
0.0 0.0 0.0 0.0 0.0 0.0 0.0 0.0 0.0 0.0 0.0 0.0 0.0 0.0 0.0 0.0 0.0 0.0 0.0 0.0 0.0 0.0 0.0 0.0 0.0 0.0 0.007792402149 0.006914283487 0.007716063625 0.007847903399 0.006444960224 0.006754593266 0.006552640203 0.00587709698 0.00673370824 0.008055052876 0.005779464213 0.006487171682 0.005814921995 0.006482670238 0.007315072658 0.006818219702 0.006555141316 0.006491391592 0.007457488477 0.005554092055 0.007928565856 0.006181243045 0.006331881482 0.006519398789 0.006764088273 0.007295202735 0.380972684855 0.008034568636 0.006630455959 0.0 0.0 0.0 0.0 0.0 0.0 0.0 0.0 0.0 0.0 0.0 0.0 0.0 0.0 0.0 0.0 0.0 0.0 0.0 0.0 0.0 0.0 0.0 0.0 0.0 0.0 0.0 0.0 0.0 0.0 0.0 0.0 0.0 0.0 0.0 0.0 0.0 0.0 0.0 0.0 0.0 0.0 0.0 0.0 0.0 0.0 0.0 0.0 0.0
0.0 0.0 0.0 0.0 0.0 0.0 0.0 0.0 0.0 0.0 0.0 0.0 0.0 0.0 0.0 0.0 0.0 0.0 0.0 0.0 0.0 0.0 0.0 0.0 0.0 0.0 0.008106697892 0.006924114611 0.007998104889 0.008207374618 0.006344026032 0.006731994258 0.006495590151 0.005681542683 0.006700863704 0.00799889473 0.005545025722 0.006407620242 0.005608192694 0.006395953031 0.007479390016 0.00682253074 0.006494520341 0.006384702802 0.00764545198 0.005289497863 0.008280601405 0.006037413256 0.006238251388 0.006418466079 0.006745286964 0.007442037858 0.008034568636 0.231609975711 0.006583914492 0.0 0.0 0.0 0.0 0.0 0.0 0.0 0.0 0.0 0.0 0.0 0.0 0.0 0.0 0.0 0.0 0.0 0.0 0.0 0.0 0.0 0.0 0.0 0.0 0.0 0.0 0.0 0.0 0.0 0.0 0.0 0.0 0.0 0.0 0.0 0.0 0.0 0.0 0.0 0.0 0.0 0.0 0.0 0.0 0.0 0.0 0.0 0.0 0.0
0.0 0.0 0.0 0.0 0.0 0.0 0.0 0.0 0.0 0.0 0.0 0.0 0.0 0.0 0.0 0.0 0.0 0.0 0.0 0.0 0.0 0.0 0.0 0.0 0.0 0.0 0.006623101621 0.006765059588 0.006635323614 0.006611621578 0.006800424078 0.006769571913 0.006780924363 0.006781613134 0.006763627039 0.007190944951 0.006794660279 0.006805881665 0.006797758738 0.006788458286 0.006692725743 0.006764187916 0.006777016421 0.006797435437 0.006677276472 0.006797328109 0.006602870347 0.006796072467 0.006799483147 0.006800407066 0.006769361649 0.006700951063 0.006630455959 0.006583914492 0.221465708375 0.0 0.0 0.0 0.0 0.0 0.0 0.0 0.0 0.0 0.0 0.0 0.0 0.0 0.0 0.0 0.0 0.0 0.0 0.0 0.0 0.0 0.0 0.0 0.0 0.0 0.0 0.0 0.0 0.0 0.0 0.0 0.0 0.0 0.0 0.0 0.0 0.0 0.0 0.0 0.0 0.0 0.0 0.0 0.0 0.0 0.0 0.0 0.0 0.0
