69 69
0.754151904498 0.01543502256 0.01377573068 0.01380923315 0.01403760657 0.01353693325 0.0119847371 0.01319687896 0.01459381533 0.013799428 0.0137228763 0.01372419604 0.0135797904 0.0 0.0 0.0 0.0 0.0 0.0 0.0 0.0 0.0 0.0 0.0 0.0 0.0 0.0 0.0 0.0 0.0 0.0 0.0 0.0 0.0 0.0 0.0 0.0 0.0 0.0 0.0 0.0 0.0 0.0 0.0 0.0 0.0 0.0 0.0 0.0 0.0 0.0 0.0 0.0 0.0 0.0 0.0 0.0 0.0 0.0 0.0 0.0 0.0 0.0 0.0 0.0 0.0 0.0 0.0 0.0
0.01543502256 2.40038806989 0.01383823052 0.01384566255 0.01416981 0.0134943076 0.01158012849 0.01306844882 0.01489461768 0.01385893866 0.0137401911 0.01368400008 0.01355516126 0.0 0.0 0.0 0.0 0.0 0.0 0.0 0.0 0.0 0.0 0.0 0.0 0.0 0.0 0.0 0.0 0.0 0.0 0.0 0.0 0.0 0.0 0.0 0.0 0.0 0.0 0.0 0.0 0.0 0.0 0.0 0.0 0.0 0.0 0.0 0.0 0.0 0.0 0.0 0.0 0.0 0.0 0.0 0.0 0.0 0.0 0.0 0.0 0.0 0.0 0.0 0.0 0.0 0.0 0.0 0.0
0.01377573068 0.01383823052 1.35614654769 0.01382148729 0.01368027896 0.01358999488 0.01346392429 0.01354792638 0.01375328766 0.01376047023 0.01361424863 0.01372888994 0.0136308124 0.0 0.0 0.0 0.0 0.0 0.0 0.0 0.0 0.0 0.0 0.0 0.0 0.0 0.0 0.0 0.0 0.0 0.0 0.0 0.0 0.0 0.0 0.0 0.0 0.0 0.0 0.0 0.0 0.0 0.0 0.0 0.0 0.0 0.0 0.0 0.0 0.0 0.0 0.0 0.0 0.0 0.0 0.0 0.0 0.0 0.0 0.0 0.0 0.0 0.0 0.0 0.0 0.0 0.0 0.0 0.0
0.01380923315 0.01384566255 0.01382148729 1.25454997586 0.01377008932 0.01375278365 0.01345697251 0.01376203782 0.01384773421 0.01383977463 0.01375189282 0.01383462844 0.01375525995 0.0 0.0 0.0 0.0 0.0 0.0 0.0 0.0 0.0 0.0 0.0 0.0 0.0 0.0 0.0 0.0 0.0 0.0 0.0 0.0 0.0 0.0 0.0 0.0 0.0 0.0 0.0 0.0 0.0 0.0 0.0 0.0 0.0 0.0 0.0 0.0 0.0 0.0 0.0 0.0 0.0 0.0 0.0 0.0 0.0 0.0 0.0 0.0 0.0 0.0 0.0 0.0 0.0 0.0 0.0 0.0
0.01403760657 0.01416981 0.01368027896 0.01377008932 0.722637083348 0.01365969563 0.0129747146 0.01354432995 0.01396967065 0.01374482918 0.01370478303 0.01371173537 0.01364131462 0.0 0.0 0.0 0.0 0.0 0.0 0.0 0.0 0.0 0.0 0.0 0.0 0.0 0.0 0.0 0.0 0.0 0.0 0.0 0.0 0.0 0.0 0.0 0.0 0.0 0.0 0.0 0.0 0.0 0.0 0.0 0.0 0.0 0.0 0.0 0.0 0.0 0.0 0.0 0.0 0.0 0.0 0.0 0.0 0.0 0.0 0.0 0.0 0.0 0.0 0.0 0.0 0.0 0.0 0.0 0.0
0.01353693325 0.0134943076 0.01358999488 0.01375278365 0.01365969563 0.693898479375 0.01346428372 0.01377820902 0.01364554044 0.01371005593 0.01371706153 0.01369455306 0.01369266652 0.0 0.0 0.0 0.0 0.0 0.0 0.0 0.0 0.0 0.0 0.0 0.0 0.0 0.0 0.0 0.0 0.0 0.0 0.0 0.0 0.0 0.0 0.0 0.0 0.0 0.0 0.0 0.0 0.0 0.0 0.0 0.0 0.0 0.0 0.0 0.0 0.0 0.0 0.0 0.0 0.0 0.0 0.0 0.0 0.0 0.0 0.0 0.0 0.0 0.0 0.0 0.0 0.0 0.0 0.0 0.0
0.0119847371 0.01158012849 0.01346392429 0.01345697251 0.0129747146 0.01346428372 0.352917858608 0.01392853769 0.01234612448 0.01339677945 0.01324853861 0.01344652629 0.01343363675 0.0 0.0 0.0 0.0 0.0 0.0 0.0 0.0 0.0 0.0 0.0 0.0 0.0 0.0 0.0 0.0 0.0 0.0 0.0 0.0 0.0 0.0 0.0 0.0 0.0 0.0 0.0 0.0 0.0 0.0 0.0 0.0 0.0 0.0 0.0 0.0 0.0 0.0 0.0 0.0 0.0 0.0 0.0 0.0 0.0 0.0 0.0 0.0 0.0 0.0 0.0 0.0 0.0 0.0 0.0 0.0
0.01319687896 0.01306844882 0.01354792638 0.01376203782 0.01354432995 0.01377820902 0.01392853769 0.405676106372 0.01340035286 0.01369610728 0.01370022109 0.01369513108 0.01371047022 0.0 0.0 0.0 0.0 0.0 0.0 0.0 0.0 0.0 0.0 0.0 0.0 0.0 0.0 0.0 0.0 0.0 0.0 0.0 0.0 0.0 0.0 0.0 0.0 0.0 0.0 0.0 0.0 0.0 0.0 0.0 0.0 0.0 0.0 0.0 0.0 0.0 0.0 0.0 0.0 0.0 0.0 0.0 0.0 0.0 0.0 0.0 0.0 0.0 0.0 0.0 0.0 0.0 0.0 0.0 0.0
0.01459381533 0.01489461768 0.01375328766 0.01384773421 0.01396967065 0.01364554044 0.01234612448 0.01340035286 0.719502819794 0.01381930878 0.0137648823 0.01372800989 0.0136547474 0.0 0.0 0.0 0.0 0.0 0.0 0.0 0.0 0.0 0.0 0.0 0.0 0.0 0.0 0.0 0.0 0.0 0.0 0.0 0.0 0.0 0.0 0.0 0.0 0.0 0.0 0.0 0.0 0.0 0.0 0.0 0.0 0.0 0.0 0.0 0.0 0.0 0.0 0.0 0.0 0.0 0.0 0.0 0.0 0.0 0.0 0.0 0.0 0.0 0.0 0.0 0.0 0.0 0.0 0.0 0.0
0.013799428 0.01385893866 0.01376047023 0.01383977463 0.01374482918 0.01371005593 0.01339677945 0.01369610728 0.01381930878 0.589198026091 0.01372095212 0.01376958646 0.01368873549 0.0 0.0 0.0 0.0 0.0 0.0 0.0 0.0 0.0 0.0 0.0 0.0 0.0 0.0 0.0 0.0 0.0 0.0 0.0 0.0 0.0 0.0 0.0 0.0 0.0 0.0 0.0 0.0 0.0 0.0 0.0 0.0 0.0 0.0 0.0 0.0 0.0 0.0 0.0 0.0 0.0 0.0 0.0 0.0 0.0 0.0 0.0 0.0 0.0 0.0 0.0 0.0 0.0 0.0 0.0 0.0
0.0137228763 0.0137401911 0.01361424863 0.01375189282 0.01370478303 0.01371706153 0.01324853861 0.01370022109 0.0137648823 0.01372095212 0.484387681439 0.01365341101 0.01367858207 0.0 0.0 0.0 0.0 0.0 0.0 0.0 0.0 0.0 0.0 0.0 0.0 0.0 0.0 0.0 0.0 0.0 0.0 0.0 0.0 0.0 0.0 0.0 0.0 0.0 0.0 0.0 0.0 0.0 0.0 0.0 0.0 0.0 0.0 0.0 0.0 0.0 0.0 0.0 0.0 0.0 0.0 0.0 0.0 0.0 0.0 0.0 0.0 0.0 0.0 0.0 0.0 0.0 0.0 0.0 0.0
0.01372419604 0.01368400008 0.01372888994 0.01383462844 0.01371173537 0.01369455306 0.01344652629 0.01369513108 0.01372800989 0.01376958646 0.01365341101 50.8268357985 0.01368100989 0.0 0.0 0.0 0.0 0.0 0.0 0.0 0.0 0.0 0.0 0.0 0.0 0.0 0.0 0.0 0.0 0.0 0.0 0.0 0.0 0.0 0.0 0.0 0.0 0.0 0.0 0.0 0.0 0.0 0.0 0.0 0.0 0.0 0.0 0.0 0.0 0.0 0.0 0.0 0.0 0.0 0.0 0.0 0.0 0.0 0.0 0.0 0.0 0.0 0.0 0.0 0.0 0.0 0.0 0.0 0.0
0.0135797904 0.01355516126 0.0136308124 0.01375525995 0.01364131462 0.01369266652 0.01343363675 0.01371047022 0.0136547474 0.01368873549 0.01367858207 0.01368100989 0.450887726137 0.0 0.0 0.0 0.0 0.0 0.0 0.0 0.0 0.0 0.0 0.0 0.0 0.0 0.0 0.0 0.0 0.0 0.0 0.0 0.0 0.0 0.0 0.0 0.0 0.0 0.0 0.0 0.0 0.0 0.0 0.0 0.0 0.0 0.0 0.0 0.0 0.0 0.0 0.0 0.0 0.0 0.0 0.0 0.0 0.0 0.0 0.0 0.0 0.0 0.0 0.0 0.0 0.0 0.0 0.0 0.0
0.0 0.0 0.0 0.0 0.0 0.0 0.0 0.0 0.0 0.0 0.0 0.0 0.0 0.992382860632 0.01635093638 0.01431972018 0.01522478005 0.01584340881 0.01428126706 0.01327061384 0.01267863641 0.01261828608 0.01300163441 0.01424781787 0.01380948849 0.01208441723 0.01470855289 0.01333635954 0.01491440118 0.01346614492 0.01297144658 0.01251502531 0.01467423958 0.01223637656 0.01242823911 0.01457704897 0.01274643767 0.01205561333 0.0 0.0 0.0 0.0 0.0 0.0 0.0 0.0 0.0 0.0 0.0 0.0 0.0 0.0 0.0 0.0 0.0 0.0 0.0 0.0 0.0 0.0 0.0 0.0 0.0 0.0 0.0 0.0 0.0 0.0 0.0
0.0 0.0 0.0 0.0 0.0 0.0 0.0 0.0 0.0 0.0 0.0 0.0 0.0 0.01635093638 0.917661893171 0.01423021886 0.01500282024 0.01546984358 0.01422566057 0.01333693796 0.0128097177 0.01277703557 0.01314799695 0.0141889906 0.01379263082 0.01233240346 0.01458789263 0.01342404837 0.01476392102 0.01348927498 0.01306944971 0.01269087084 0.01454896938 0.01243787598 0.01240026795 0.01446174339 0.01285697333 0.01224394028 0.0 0.0 0.0 0.0 0.0 0.0 0.0 0.0 0.0 0.0 0.0 0.0 0.0 0.0 0.0 0.0 0.0 0.0 0.0 0.0 0.0 0.0 0.0 0.0 0.0 0.0 0.0 0.0 0.0 0.0 0.0
0.0 0.0 0.0 0.0 0.0 0.0 0.0 0.0 0.0 0.0 0.0 0.0 0.0 0.01431972018 0.01423021886 0.571129739257 0.01408425729 0.01418482883 0.01394325455 0.01368219274 0.01355239883 0.01351674668 0.01361509198 0.01394610709 0.01386396866 0.01334251987 0.01404495407 0.01370587985 0.01409031783 0.01376917152 0.01362804918 0.0134900074 0.01402569378 0.01337971884 0.01341594682 0.01400152118 0.01353104711 0.01328043283 0.0 0.0 0.0 0.0 0.0 0.0 0.0 0.0 0.0 0.0 0.0 0.0 0.0 0.0 0.0 0.0 0.0 0.0 0.0 0.0 0.0 0.0 0.0 0.0 0.0 0.0 0.0 0.0 0.0 0.0 0.0
0.0 0.0 0.0 0.0 0.0 0.0 0.0 0.0 0.0 0.0 0.0 0.0 0.0 0.01522478005 0.01500282024 0.01408425729 1.2189236714 0.01479435823 0.01407063382 0.01350952172 0.01320124811 0.01317958974 0.01337392097 0.01406157342 0.01384537802 0.01287486058 0.01429998431 0.01355881963 0.01442162578 0.01364154335 0.01336507627 0.01312418552 0.01427642356 0.01296805777 0.0129513987 0.014220005 0.01324609281 0.01284459619 0.0 0.0 0.0 0.0 0.0 0.0 0.0 0.0 0.0 0.0 0.0 0.0 0.0 0.0 0.0 0.0 0.0 0.0 0.0 0.0 0.0 0.0 0.0 0.0 0.0 0.0 0.0 0.0 0.0 0.0 0.0
0.0 0.0 0.0 0.0 0.0 0.0 0.0 0.0 0.0 0.0 0.0 0.0 0.0 0.01584340881 0.01546984358 0.01418482883 0.01479435823 2.04324397142 0.0141705867 0.01344175045 0.01302766276 0.01297392514 0.01322505529 0.01414095336 0.01384645799 0.01255963931 0.01446215258 0.01348129159 0.0146068111 0.0135950785 0.01323441205 0.01288754113 0.01442577493 0.0126813501 0.01259472708 0.01436351078 0.0130609233 0.01253677458 0.0 0.0 0.0 0.0 0.0 0.0 0.0 0.0 0.0 0.0 0.0 0.0 0.0 0.0 0.0 0.0 0.0 0.0 0.0 0.0 0.0 0.0 0.0 0.0 0.0 0.0 0.0 0.0 0.0 0.0 0.0
0.0 0.0 0.0 0.0 0.0 0.0 0.0 0.0 0.0 0.0 0.0 0.0 0.0 0.01428126706 0.01422566057 0.01394325455 0.01407063382 0.0141705867 1.58771356373 0.01370968563 0.01362708393 0.01357126821 0.01367163693 0.01398697937 0.01391012522 0.01343372177 0.01406938343 0.01373811895 0.01411052398 0.01380070232 0.01368434006 0.01355081415 0.01401616539 0.01341296176 0.01325796015 0.01404005694 0.01353993314 0.01325586311 0.0 0.0 0.0 0.0 0.0 0.0 0.0 0.0 0.0 0.0 0.0 0.0 0.0 0.0 0.0 0.0 0.0 0.0 0.0 0.0 0.0 0.0 0.0 0.0 0.0 0.0 0.0 0.0 0.0 0.0 0.0
0.0 0.0 0.0 0.0 0.0 0.0 0.0 0.0 0.0 0.0 0.0 0.0 0.0 0.01327061384 0.01333693796 0.01368219274 0.01350952172 0.01344175045 0.01370968563 2.07604218098 0.01398393796 0.01393000878 0.01386441551 0.01371722568 0.01380221985 0.01398669689 0.01363720247 0.01379890053 0.01360315858 0.01382681779 0.01390804018 0.01394878723 0.01361036858 0.01391660757 0.01399777914 0.01366576456 0.01387927914 0.01385338066 0.0 0.0 0.0 0.0 0.0 0.0 0.0 0.0 0.0 0.0 0.0 0.0 0.0 0.0 0.0 0.0 0.0 0.0 0.0 0.0 0.0 0.0 0.0 0.0 0.0 0.0 0.0 0.0 0.0 0.0 0.0
0.0 0.0 0.0 0.0 0.0 0.0 0.0 0.0 0.0 0.0 0.0 0.0 0.0 0.01267863641 0.0128097177 0.01355239883 0.01320124811 0.01302766276 0.01362708393 0.01398393796 1.14589137438 0.01426528678 0.0140118961 0.01364669311 0.0138651949 0.0144251935 0.01343732595 0.01388688894 0.0133638554 0.01397921614 0.01419731294 0.01429367693 0.0134223382 0.01432946966 0.01421223582 0.01352221728 0.01420025996 0.01435432507 0.0 0.0 0.0 0.0 0.0 0.0 0.0 0.0 0.0 0.0 0.0 0.0 0.0 0.0 0.0 0.0 0.0 0.0 0.0 0.0 0.0 0.0 0.0 0.0 0.0 0.0 0.0 0.0 0.0 0.0 0.0
0.0 0.0 0.0 0.0 0.0 0.0 0.0 0.0 0.0 0.0 0.0 0.0 0.0 0.01261828608 0.01277703557 0.01351674668 0.01317958974 0.01297392514 0.01357126821 0.01393000878 0.01426528678 0.948103363891 0.01403427609 0.01358978097 0.01379056786 0.01441107211 0.01338172696 0.01387200449 0.01332722774 0.01389889346 0.01410652074 0.01427258119 0.01338270827 0.01430615732 0.01413969271 0.01346130188 0.01413124463 0.01427207581 0.0 0.0 0.0 0.0 0.0 0.0 0.0 0.0 0.0 0.0 0.0 0.0 0.0 0.0 0.0 0.0 0.0 0.0 0.0 0.0 0.0 0.0 0.0 0.0 0.0 0.0 0.0 0.0 0.0 0.0 0.0
0.0 0.0 0.0 0.0 0.0 0.0 0.0 0.0 0.0 0.0 0.0 0.0 0.0 0.01300163441 0.01314799695 0.01361509198 0.01337392097 0.01322505529 0.01367163693 0.01386441551 0.0140118961 0.01403427609 0.685575991258 0.01368109224 0.01378313194 0.01416262203 0.01354718538 0.01386583865 0.01351452731 0.01383277967 0.01395402746 0.01407930381 0.01353018626 0.01404484074 0.01392340148 0.01358871339 0.01391888655 0.01392858763 0.0 0.0 0.0 0.0 0.0 0.0 0.0 0.0 0.0 0.0 0.0 0.0 0.0 0.0 0.0 0.0 0.0 0.0 0.0 0.0 0.0 0.0 0.0 0.0 0.0 0.0 0.0 0.0 0.0 0.0 0.0
0.0 0.0 0.0 0.0 0.0 0.0 0.0 0.0 0.0 0.0 0.0 0.0 0.0 0.01424781787 0.0141889906 0.01394610709 0.01406157342 0.01414095336 0.01398697937 0.01371722568 0.01364669311 0.01358978097 0.01368109224 1.3389272534 0.01391822555 0.01345005345 0.01405525452 0.01373938534 0.01409860478 0.01381056963 0.01369419358 0.01357366816 0.01400979036 0.01343954067 0.01327821459 0.01402727505 0.01356672085 0.0132895942 0.0 0.0 0.0 0.0 0.0 0.0 0.0 0.0 0.0 0.0 0.0 0.0 0.0 0.0 0.0 0.0 0.0 0.0 0.0 0.0 0.0 0.0 0.0 0.0 0.0 0.0 0.0 0.0 0.0 0.0 0.0
0.0 0.0 0.0 0.0 0.0 0.0 0.0 0.0 0.0 0.0 0.0 0.0 0.0 0.01380948849 0.01379263082 0.01386396866 0.01384537802 0.01384645799 0.01391012522 0.01380221985 0.0138651949 0.01379056786 0.01378313194 0.01391822555 1.27323118806 0.01372626317 0.01390414235 0.01379185701 0.01391761108 0.01388626328 0.01385269409 0.01379109989 0.01386573354 0.01369481425 0.01353890752 0.01391129623 0.01375800339 0.01356957864 0.0 0.0 0.0 0.0 0.0 0.0 0.0 0.0 0.0 0.0 0.0 0.0 0.0 0.0 0.0 0.0 0.0 0.0 0.0 0.0 0.0 0.0 0.0 0.0 0.0 0.0 0.0 0.0 0.0 0.0 0.0
0.0 0.0 0.0 0.0 0.0 0.0 0.0 0.0 0.0 0.0 0.0 0.0 0.0 0.01208441723 0.01233240346 0.01334251987 0.01287486058 0.01255963931 0.01343372177 0.01398669689 0.0144251935 0.01441107211 0.01416262203 0.01345005345 0.01372626317 2.5893004512 0.01312188479 0.01386291877 0.01302341651 0.01386947685 0.01420109947 0.01451662569 0.01310224692 0.01455334723 0.01447356429 0.01326079179 0.01427345629 0.01449991206 0.0 0.0 0.0 0.0 0.0 0.0 0.0 0.0 0.0 0.0 0.0 0.0 0.0 0.0 0.0 0.0 0.0 0.0 0.0 0.0 0.0 0.0 0.0 0.0 0.0 0.0 0.0 0.0 0.0 0.0 0.0
0.0 0.0 0.0 0.0 0.0 0.0 0.0 0.0 0.0 0.0 0.0 0.0 0.0 0.01470855289 0.01458789263 0.01404495407 0.01429998431 0.01446215258 0.01406938343 0.01363720247 0.01343732595 0.01338172696 0.01354718538 0.01405525452 0.01390414235 0.01312188479 2.72894062557 0.01369599219 0.01430014028 0.01375713888 0.01354755715 0.01333555168 0.01418466896 0.01319079795 0.01315076038 0.01415466178 0.01339135725 0.01305108732 0.0 0.0 0.0 0.0 0.0 0.0 0.0 0.0 0.0 0.0 0.0 0.0 0.0 0.0 0.0 0.0 0.0 0.0 0.0 0.0 0.0 0.0 0.0 0.0 0.0 0.0 0.0 0.0 0.0 0.0 0.0
0.0 0.0 0.0 0.0 0.0 0.0 0.0 0.0 0.0 0.0 0.0 0.0 0.0 0.01333635954 0.01342404837 0.01370587985 0.01355881963 0.01348129159 0.01373811895 0.01379890053 0.01388688894 0.01387200449 0.01386583865 0.01373938534 0.01379185701 0.01386291877 0.01369599219 0.781664959048 0.01368883513 0.01383565734 0.01386881248 0.01387322485 0.01371305978 0.01388372363 0.013769169 0.01369365229 0.01381427748 0.01383334561 0.0 0.0 0.0 0.0 0.0 0.0 0.0 0.0 0.0 0.0 0.0 0.0 0.0 0.0 0.0 0.0 0.0 0.0 0.0 0.0 0.0 0.0 0.0 0.0 0.0 0.0 0.0 0.0 0.0 0.0 0.0
0.0 0.0 0.0 0.0 0.0 0.0 0.0 0.0 0.0 0.0 0.0 0.0 0.0 0.01491440118 0.01476392102 0.01409031783 0.01442162578 0.0146068111 0.01411052398 0.01360315858 0.0133638554 0.01332722774 0.01351452731 0.01409860478 0.01391761108 0.01302341651 0.01430014028 0.01368883513 1.22673670213 0.01375564134 0.01351666217 0.01327577375 0.01427529913 0.01312089916 0.01304192478 0.01421957382 0.01334632373 0.01296742698 0.0 0.0 0.0 0.0 0.0 0.0 0.0 0.0 0.0 0.0 0.0 0.0 0.0 0.0 0.0 0.0 0.0 0.0 0.0 0.0 0.0 0.0 0.0 0.0 0.0 0.0 0.0 0.0 0.0 0.0 0.0
0.0 0.0 0.0 0.0 0.0 0.0 0.0 0.0 0.0 0.0 0.0 0.0 0.0 0.01346614492 0.01348927498 0.01376917152 0.01364154335 0.0135950785 0.01380070232 0.01382681779 0.01397921614 0.01389889346 0.01383277967 0.01381056963 0.01388626328 0.01386947685 0.01375713888 0.01383565734 0.01375564134 1.20225418873 0.01393487353 0.0139024399 0.01375634695 0.01388362844 0.01372395739 0.01377506878 0.01387281743 0.01384616336 0.0 0.0 0.0 0.0 0.0 0.0 0.0 0.0 0.0 0.0 0.0 0.0 0.0 0.0 0.0 0.0 0.0 0.0 0.0 0.0 0.0 0.0 0.0 0.0 0.0 0.0 0.0 0.0 0.0 0.0 0.0
0.0 0.0 0.0 0.0 0.0 0.0 0.0 0.0 0.0 0.0 0.0 0.0 0.0 0.01297144658 0.01306944971 0.01362804918 0.01336507627 0.01323441205 0.01368434006 0.01390804018 0.01419731294 0.01410652074 0.01395402746 0.01369419358 0.01385269409 0.01420109947 0.01354755715 0.01386881248 0.01351666217 0.01393487353 1.06795085464 0.0141372413 0.01354834307 0.01415798545 0.01408810554 0.01361113703 0.01406100187 0.01414776991 0.0 0.0 0.0 0.0 0.0 0.0 0.0 0.0 0.0 0.0 0.0 0.0 0.0 0.0 0.0 0.0 0.0 0.0 0.0 0.0 0.0 0.0 0.0 0.0 0.0 0.0 0.0 0.0 0.0 0.0 0.0
0.0 0.0 0.0 0.0 0.0 0.0 0.0 0.0 0.0 0.0 0.0 0.0 0.0 0.01251502531 0.01269087084 0.0134900074 0.01312418552 0.01288754113 0.01355081415 0.01394878723 0.01429367693 0.01427258119 0.01407930381 0.01357366816 0.01379109989 0.01451662569 0.01333555168 0.01387322485 0.01327577375 0.0139024399 0.0141372413 0.68253832209 0.01332824027 0.01436641214 0.01425786141 0.01343242096 0.01417000189 0.01431013963 0.0 0.0 0.0 0.0 0.0 0.0 0.0 0.0 0.0 0.0 0.0 0.0 0.0 0.0 0.0 0.0 0.0 0.0 0.0 0.0 0.0 0.0 0.0 0.0 0.0 0.0 0.0 0.0 0.0 0.0 0.0
0.0 0.0 0.0 0.0 0.0 0.0 0.0 0.0 0.0 0.0 0.0 0.0 0.0 0.01467423958 0.01454896938 0.01402569378 0.01427642356 0.01442577493 0.01401616539 0.01361036858 0.0134223382 0.01338270827 0.01353018626 0.01400979036 0.01386573354 0.01310224692 0.01418466896 0.01371305978 0.01427529913 0.01375634695 0.01354834307 0.01332824027 0.807944134532 0.0132358822 0.01318403597 0.01411161397 0.0134095737 0.01314246293 0.0 0.0 0.0 0.0 0.0 0.0 0.0 0.0 0.0 0.0 0.0 0.0 0.0 0.0 0.0 0.0 0.0 0.0 0.0 0.0 0.0 0.0 0.0 0.0 0.0 0.0 0.0 0.0 0.0 0.0 0.0
0.0 0.0 0.0 0.0 0.0 0.0 0.0 0.0 0.0 0.0 0.0 0.0 0.0 0.01223637656 0.01243787598 0.01337971884 0.01296805777 0.0126813501 0.01341296176 0.01391660757 0.01432946966 0.01430615732 0.01404484074 0.01343954067 0.01369481425 0.01455334723 0.01319079795 0.01388372363 0.01312089916 0.01388362844 0.01415798545 0.01436641214 0.0132358822 0.501224615959 0.01440878104 0.01328278047 0.01425822076 0.01464472944 0.0 0.0 0.0 0.0 0.0 0.0 0.0 0.0 0.0 0.0 0.0 0.0 0.0 0.0 0.0 0.0 0.0 0.0 0.0 0.0 0.0 0.0 0.0 0.0 0.0 0.0 0.0 0.0 0.0 0.0 0.0
0.0 0.0 0.0 0.0 0.0 0.0 0.0 0.0 0.0 0.0 0.0 0.0 0.0 0.01242823911 0.01240026795 0.01341594682 0.0129513987 0.01259472708 0.01325796015 0.01399777914 0.01421223582 0.01413969271 0.01392340148 0.01327821459 0.01353890752 0.01447356429 0.01315076038 0.013769169 0.01304192478 0.01372395739 0.01408810554 0.01425786141 0.01318403597 0.01440878104 65.7180453504 0.01319575917 0.01419669101 0.01471632819 0.0 0.0 0.0 0.0 0.0 0.0 0.0 0.0 0.0 0.0 0.0 0.0 0.0 0.0 0.0 0.0 0.0 0.0 0.0 0.0 0.0 0.0 0.0 0.0 0.0 0.0 0.0 0.0 0.0 0.0 0.0
0.0 0.0 0.0 0.0 0.0 0.0 0.0 0.0 0.0 0.0 0.0 0.0 0.0 0.01457704897 0.01446174339 0.01400152118 0.014220005 0.01436351078 0.01404005694 0.01366576456 0.01352221728 0.01346130188 0.01358871339 0.01402727505 0.01391129623 0.01326079179 0.01415466178 0.01369365229 0.01421957382 0.01377506878 0.01361113703 0.01343242096 0.01411161397 0.01328278047 0.01319575917 0.672640941811 0.01346087108 0.01313091495 0.0 0.0 0.0 0.0 0.0 0.0 0.0 0.0 0.0 0.0 0.0 0.0 0.0 0.0 0.0 0.0 0.0 0.0 0.0 0.0 0.0 0.0 0.0 0.0 0.0 0.0 0.0 0.0 0.0 0.0 0.0
0.0 0.0 0.0 0.0 0.0 0.0 0.0 0.0 0.0 0.0 0.0 0.0 0.0 0.01274643767 0.01285697333 0.01353104711 0.01324609281 0.0130609233 0.01353993314 0.01387927914 0.01420025996 0.01413124463 0.01391888655 0.01356672085 0.01375800339 0.01427345629 0.01339135725 0.01381427748 0.01334632373 0.01387281743 0.01406100187 0.01417000189 0.0134095737 0.01425822076 0.01419669101 0.01346087108 1.11632253548 0.01436478089 0.0 0.0 0.0 0.0 0.0 0.0 0.0 0.0 0.0 0.0 0.0 0.0 0.0 0.0 0.0 0.0 0.0 0.0 0.0 0.0 0.0 0.0 0.0 0.0 0.0 0.0 0.0 0.0 0.0 0.0 0.0
0.0 0.0 0.0 0.0 0.0 0.0 0.0 0.0 0.0 0.0 0.0 0.0 0.0 0.01205561333 0.01224394028 0.01328043283 0.01284459619 0.01253677458 0.01325586311 0.01385338066 0.01435432507 0.01427207581 0.01392858763 0.0132895942 0.01356957864 0.01449991206 0.01305108732 0.01383334561 0.01296742698 0.01384616336 0.01414776991 0.01431013963 0.01314246293 0.01464472944 0.01471632819 0.01313091495 0.01436478089 1.03992879252 0.0 0.0 0.0 0.0 0.0 0.0 0.0 0.0 0.0 0.0 0.0 0.0 0.0 0.0 0.0 0.0 0.0 0.0 0.0 0.0 0.0 0.0 0.0 0.0 0.0 0.0 0.0 0.0 0.0 0.0 0.0
0.0 0.0 0.0 0.0 0.0 0.0 0.0 0.0 0.0 0.0 0.0 0.0 0.0 0.0 0.0 0.0 0.0 0.0 0.0 0.0 0.0 0.0 0.0 0.0 0.0 0.0 0.0 0.0 0.0 0.0 0.0 0.0 0.0 0.0 0.0 0.0 0.0 0.0 0.600279018887 0.008321685911 0.00830650209 0.008240170847 0.007749592963 0.007340116071 0.007638874067 0.007398386648 0.00788186281 0.007627508551 0.007076547328 0.00825421642 0.007308985192 0.008370872086 0.008058558382 0.007813142505 0.007483455481 0.008344555141 0.00800128832 0.007728545533 0.007687598744 0.008020147598 0.0 0.0 0.0 0.0 0.0 0.0 0.0 0.0 0.0
0.0 0.0 0.0 0.0 0.0 0.0 0.0 0.0 0.0 0.0 0.0 0.0 0.0 0.0 0.0 0.0 0.0 0.0 0.0 0.0 0.0 0.0 0.0 0.0 0.0 0.0 0.0 0.0 0.0 0.0 0.0 0.0 0.0 0.0 0.0 0.0 0.0 0.0 0.008321685911 0.520448471104 0.008338120487 0.008268274521 0.007750264899 0.0073173658 0.007638560964 0.007382341622 0.0078907629 0.007620711375 0.007041521334 0.008291766105 0.007288728884 0.008418767441 0.00807684632 0.007822323823 0.007475768893 0.008391369798 0.008028135602 0.007732906173 0.00769190974 0.008037270058 0.0 0.0 0.0 0.0 0.0 0.0 0.0 0.0 0.0
0.0 0.0 0.0 0.0 0.0 0.0 0.0 0.0 0.0 0.0 0.0 0.0 0.0 0.0 0.0 0.0 0.0 0.0 0.0 0.0 0.0 0.0 0.0 0.0 0.0 0.0 0.0 0.0 0.0 0.0 0.0 0.0 0.0 0.0 0.0 0.0 0.0 0.0 0.00830650209 0.008338120487 0.664144015747 0.008259664921 0.007750248801 0.007331759733 0.007630084099 0.007392710866 0.007880125282 0.007639680484 0.007050516759 0.008274288615 0.007322817948 0.00838910625 0.008075310768 0.007822459716 0.00749022584 0.008359797457 0.008005340591 0.007739049599 0.007698192694 0.008026197271 0.0 0.0 0.0 0.0 0.0 0.0 0.0 0.0 0.0
0.0 0.0 0.0 0.0 0.0 0.0 0.0 0.0 0.0 0.0 0.0 0.0 0.0 0.0 0.0 0.0 0.0 0.0 0.0 0.0 0.0 0.0 0.0 0.0 0.0 0.0 0.0 0.0 0.0 0.0 0.0 0.0 0.0 0.0 0.0 0.0 0.0 0.0 0.008240170847 0.008268274521 0.008259664921 0.902196545233 0.007784953054 0.007374686377 0.00765998146 0.007441851078 0.007887460966 0.007663592972 0.007177690105 0.008222397559 0.007366230995 0.008333196339 0.008039342621 0.007826703586 0.007525281529 0.008290711397 0.008016780694 0.007748816149 0.007707503364 0.008014686709 0.0 0.0 0.0 0.0 0.0 0.0 0.0 0.0 0.0
0.0 0.0 0.0 0.0 0.0 0.0 0.0 0.0 0.0 0.0 0.0 0.0 0.0 0.0 0.0 0.0 0.0 0.0 0.0 0.0 0.0 0.0 0.0 0.0 0.0 0.0 0.0 0.0 0.0 0.0 0.0 0.0 0.0 0.0 0.0 0.0 0.0 0.0 0.007749592963 0.007750264899 0.007750248801 0.007784953054 0.713218039783 0.007536094936 0.007604923542 0.00757704367 0.007751116464 0.007654210776 0.007614529778 0.007759423364 0.007511752427 0.007817092919 0.007715445236 0.007723232206 0.007591731212 0.007746324541 0.007780786383 0.007666934782 0.007634357869 0.007755989548 0.0 0.0 0.0 0.0 0.0 0.0 0.0 0.0 0.0
0.0 0.0 0.0 0.0 0.0 0.0 0.0 0.0 0.0 0.0 0.0 0.0 0.0 0.0 0.0 0.0 0.0 0.0 0.0 0.0 0.0 0.0 0.0 0.0 0.0 0.0 0.0 0.0 0.0 0.0 0.0 0.0 0.0 0.0 0.0 0.0 0.0 0.0 0.007340116071 0.0073173658 0.007331759733 0.007374686377 0.007536094936 0.643658731528 0.007557305515 0.007676315473 0.007484278044 0.007569527484 0.00783685121 0.007340877565 0.007650823234 0.007333712955 0.007397158962 0.007499453987 0.007580434809 0.007295598091 0.007451700098 0.007517519754 0.007500921867 0.007434606472 0.0 0.0 0.0 0.0 0.0 0.0 0.0 0.0 0.0
0.0 0.0 0.0 0.0 0.0 0.0 0.0 0.0 0.0 0.0 0.0 0.0 0.0 0.0 0.0 0.0 0.0 0.0 0.0 0.0 0.0 0.0 0.0 0.0 0.0 0.0 0.0 0.0 0.0 0.0 0.0 0.0 0.0 0.0 0.0 0.0 0.0 0.0 0.007638874067 0.007638560964 0.007630084099 0.00765998146 0.007604923542 0.007557305515 0.966930778749 0.007600683825 0.007674484563 0.007621803548 0.007661520985 0.007657723242 0.007521172261 0.007674115267 0.007637886843 0.007660050623 0.007584021102 0.007646163421 0.007692632873 0.007618509349 0.007606277269 0.007673425011 0.0 0.0 0.0 0.0 0.0 0.0 0.0 0.0 0.0
0.0 0.0 0.0 0.0 0.0 0.0 0.0 0.0 0.0 0.0 0.0 0.0 0.0 0.0 0.0 0.0 0.0 0.0 0.0 0.0 0.0 0.0 0.0 0.0 0.0 0.0 0.0 0.0 0.0 0.0 0.0 0.0 0.0 0.0 0.0 0.0 0.0 0.0 0.007398386648 0.007382341622 0.007392710866 0.007441851078 0.00757704367 0.007676315473 0.007600683825 0.374800116362 0.0075325568 0.007603195852 0.007846080027 0.007409943013 0.007664849513 0.007407421004 0.007449894556 0.007542337618 0.007599872389 0.007364134114 0.007510268507 0.00756032192 0.007533123245 0.007492218886 0.0 0.0 0.0 0.0 0.0 0.0 0.0 0.0 0.0
0.0 0.0 0.0 0.0 0.0 0.0 0.0 0.0 0.0 0.0 0.0 0.0 0.0 0.0 0.0 0.0 0.0 0.0 0.0 0.0 0.0 0.0 0.0 0.0 0.0 0.0 0.0 0.0 0.0 0.0 0.0 0.0 0.0 0.0 0.0 0.0 0.0 0.0 0.00788186281 0.0078907629 0.007880125282 0.007887460966 0.007751116464 0.007484278044 0.007674484563 0.0075325568 0.533359013152 0.007640608292 0.007495528761 0.007884996955 0.007443957427 0.007946927436 0.007802141937 0.007740972622 0.007558352294 0.007899846818 0.007849742534 0.007677676353 0.007651870955 0.007830343909 0.0 0.0 0.0 0.0 0.0 0.0 0.0 0.0 0.0
0.0 0.0 0.0 0.0 0.0 0.0 0.0 0.0 0.0 0.0 0.0 0.0 0.0 0.0 0.0 0.0 0.0 0.0 0.0 0.0 0.0 0.0 0.0 0.0 0.0 0.0 0.0 0.0 0.0 0.0 0.0 0.0 0.0 0.0 0.0 0.0 0.0 0.0 0.007627508551 0.007620711375 0.007639680484 0.007663592972 0.007654210776 0.007569527484 0.007621803548 0.007603195852 0.007640608292 0.563181749774 0.0075964165 0.007644427622 0.007614934175 0.007656115374 0.007642487285 0.007661842711 0.007627458816 0.007620524885 0.007661406605 0.00764010616 0.007623146016 0.007650042661 0.0 0.0 0.0 0.0 0.0 0.0 0.0 0.0 0.0
0.0 0.0 0.0 0.0 0.0 0.0 0.0 0.0 0.0 0.0 0.0 0.0 0.0 0.0 0.0 0.0 0.0 0.0 0.0 0.0 0.0 0.0 0.0 0.0 0.0 0.0 0.0 0.0 0.0 0.0 0.0 0.0 0.0 0.0 0.0 0.0 0.0 0.0 0.007076547328 0.007041521334 0.007050516759 0.007177690105 0.007614529778 0.00783685121 0.007661520985 0.007846080027 0.007495528761 0.0075964165 0.43333320776 0.007115338859 0.007727419907 0.007080973912 0.007227927108 0.007518432282 0.007646579648 0.007012060605 0.007397341006 0.007502077684 0.007498046236 0.007358158392 0.0 0.0 0.0 0.0 0.0 0.0 0.0 0.0 0.0
0.0 0.0 0.0 0.0 0.0 0.0 0.0 0.0 0.0 0.0 0.0 0.0 0.0 0.0 0.0 0.0 0.0 0.0 0.0 0.0 0.0 0.0 0.0 0.0 0.0 0.0 0.0 0.0 0.0 0.0 0.0 0.0 0.0 0.0 0.0 0.0 0.0 0.0 0.00825421642 0.008291766105 0.008274288615 0.008222397559 0.007759423364 0.007340877565 0.007657723242 0.007409943013 0.007884996955 0.007644427622 0.007115338859 1.06482486656 0.007335645007 0.008348941499 0.008055211922 0.00783198612 0.007508599028 0.008326617077 0.008015426365 0.007742831801 0.007708273168 0.008019382527 0.0 0.0 0.0 0.0 0.0 0.0 0.0 0.0 0.0
0.0 0.0 0.0 0.0 0.0 0.0 0.0 0.0 0.0 0.0 0.0 0.0 0.0 0.0 0.0 0.0 0.0 0.0 0.0 0.0 0.0 0.0 0.0 0.0 0.0 0.0 0.0 0.0 0.0 0.0 0.0 0.0 0.0 0.0 0.0 0.0 0.0 0.0 0.007308985192 0.007288728884 0.007322817948 0.007366230995 0.007511752427 0.007650823234 0.007521172261 0.007664849513 0.007443957427 0.007614934175 0.007727419907 0.007335645007 0.230042381311 0.007298883274 0.007403092519 0.007503633536 0.007632660859 0.007278067159 0.007430764205 0.007549607667 0.007533541687 0.007413516157 0.0 0.0 0.0 0.0 0.0 0.0 0.0 0.0 0.0
0.0 0.0 0.0 0.0 0.0 0.0 0.0 0.0 0.0 0.0 0.0 0.0 0.0 0.0 0.0 0.0 0.0 0.0 0.0 0.0 0.0 0.0 0.0 0.0 0.0 0.0 0.0 0.0 0.0 0.0 0.0 0.0 0.0 0.0 0.0 0.0 0.0 0.0 0.008370872086 0.008418767441 0.00838910625 0.008333196339 0.007817092919 0.007333712955 0.007674115267 0.007407421004 0.007946927436 0.007656115374 0.007080973912 0.008348941499 0.007298883274 0.584090383488 0.008111916931 0.007871013539 0.007495433321 0.008442719079 0.008128551679 0.007775216402 0.007716244352 0.008092495811 0.0 0.0 0.0 0.0 0.0 0.0 0.0 0.0 0.0
0.0 0.0 0.0 0.0 0.0 0.0 0.0 0.0 0.0 0.0 0.0 0.0 0.0 0.0 0.0 0.0 0.0 0.0 0.0 0.0 0.0 0.0 0.0 0.0 0.0 0.0 0.0 0.0 0.0 0.0 0.0 0.0 0.0 0.0 0.0 0.0 0.0 0.0 0.008058558382 0.00807684632 0.008075310768 0.008039342621 0.007715445236 0.007397158962 0.007637886843 0.007449894556 0.007802141937 0.007642487285 0.007227927108 0.008055211922 0.007403092519 0.008111916931 0.422320169167 0.007776797138 0.007534267177 0.008101093664 0.007880504294 0.007704278803 0.007679823609 0.007898893478 0.0 0.0 0.0 0.0 0.0 0.0 0.0 0.0 0.0
0.0 0.0 0.0 0.0 0.0 0.0 0.0 0.0 0.0 0.0 0.0 0.0 0.0 0.0 0.0 0.0 0.0 0.0 0.0 0.0 0.0 0.0 0.0 0.0 0.0 0.0 0.0 0.0 0.0 0.0 0.0 0.0 0.0 0.0 0.0 0.0 0.0 0.0 0.007813142505 0.007822323823 0.007822459716 0.007826703586 0.007723232206 0.007499453987 0.007660050623 0.007542337618 0.007740972622 0.007661842711 0.007518432282 0.00783198612 0.007503633536 0.007871013539 0.007776797138 0.385810508784 0.007591251947 0.007837582567 0.00778376339 0.007683663739 0.007662013538 0.007779089769 0.0 0.0 0.0 0.0 0.0 0.0 0.0 0.0 0.0
0.0 0.0 0.0 0.0 0.0 0.0 0.0 0.0 0.0 0.0 0.0 0.0 0.0 0.0 0.0 0.0 0.0 0.0 0.0 0.0 0.0 0.0 0.0 0.0 0.0 0.0 0.0 0.0 0.0 0.0 0.0 0.0 0.0 0.0 0.0 0.0 0.0 0.0 0.007483455481 0.007475768893 0.00749022584 0.007525281529 0.007591731212 0.007580434809 0.007584021102 0.007599872389 0.007558352294 0.007627458816 0.007646579648 0.007508599028 0.007632660859 0.007495433321 0.007534267177 0.007591251947 0.711476137276 0.007477844519 0.007560281542 0.007585504407 0.007578590655 0.007547659351 0.0 0.0 0.0 0.0 0.0 0.0 0.0 0.0 0.0
0.0 0.0 0.0 0.0 0.0 0.0 0.0 0.0 0.0 0.0 0.0 0.0 0.0 0.0 0.0 0.0 0.0 0.0 0.0 0.0 0.0 0.0 0.0 0.0 0.0 0.0 0.0 0.0 0.0 0.0 0.0 0.0 0.0 0.0 0.0 0.0 0.0 0.0 0.008344555141 0.008391369798 0.008359797457 0.008290711397 0.007746324541 0.007295598091 0.007646163421 0.007364134114 0.007899846818 0.007620524885 0.007012060605 0.008326617077 0.007278067159 0.008442719079 0.008101093664 0.007837582567 0.007477844519 1.08509147469 0.008046135833 0.007739114243 0.007706210637 0.008055316515 0.0 0.0 0.0 0.0 0.0 0.0 0.0 0.0 0.0
0.0 0.0 0.0 0.0 0.0 0.0 0.0 0.0 0.0 0.0 0.0 0.0 0.0 0.0 0.0 0.0 0.0 0.0 0.0 0.0 0.0 0.0 0.0 0.0 0.0 0.0 0.0 0.0 0.0 0.0 0.0 0.0 0.0 0.0 0.0 0.0 0.0 0.0 0.00800128832 0.008028135602 0.008005340591 0.008016780694 0.007780786383 0.007451700098 0.007692632873 0.007510268507 0.007849742534 0.007661406605 0.007397341006 0.008015426365 0.007430764205 0.008128551679 0.007880504294 0.00778376339 0.007560281542 0.008046135833 0.351879589894 0.007723853333 0.007680384143 0.007913292986 0.0 0.0 0.0 0.0 0.0 0.0 0.0 0.0 0.0
0.0 0.0 0.0 0.0 0.0 0.0 0.0 0.0 0.0 0.0 0.0 0.0 0.0 0.0 0.0 0.0 0.0 0.0 0.0 0.0 0.0 0.0 0.0 0.0 0.0 0.0 0.0 0.0 0.0 0.0 0.0 0.0 0.0 0.0 0.0 0.0 0.0 0.0 0.007728545533 0.007732906173 0.007739049599 0.007748816149 0.007666934782 0.007517519754 0.007618509349 0.00756032192 0.007677676353 0.00764010616 0.007502077684 0.007742831801 0.007549607667 0.007775216402 0.007704278803 0.007683663739 0.007585504407 0.007739114243 0.007723853333 0.548637782884 0.007625977348 0.007707372277 0.0 0.0 0.0 0.0 0.0 0.0 0.0 0.0 0.0
0.0 0.0 0.0 0.0 0.0 0.0 0.0 0.0 0.0 0.0 0.0 0.0 0.0 0.0 0.0 0.0 0.0 0.0 0.0 0.0 0.0 0.0 0.0 0.0 0.0 0.0 0.0 0.0 0.0 0.0 0.0 0.0 0.0 0.0 0.0 0.0 0.0 0.0 0.007687598744 0.00769190974 0.007698192694 0.007707503364 0.007634357869 0.007500921867 0.007606277269 0.007533123245 0.007651870955 0.007623146016 0.007498046236 0.007708273168 0.007533541687 0.007716244352 0.007679823609 0.007662013538 0.007578590655 0.007706210637 0.007680384143 0.007625977348 0.401241869142 0.00767844235 0.0 0.0 0.0 0.0 0.0 0.0 0.0 0.0 0.0
0.0 0.0 0.0 0.0 0.0 0.0 0.0 0.0 0.0 0.0 0.0 0.0 0.0 0.0 0.0 0.0 0.0 0.0 0.0 0.0 0.0 0.0 0.0 0.0 0.0 0.0 0.0 0.0 0.0 0.0 0.0 0.0 0.0 0.0 0.0 0.0 0.0 0.0 0.008020147598 0.008037270058 0.008026197271 0.008014686709 0.007755989548 0.007434606472 0.007673425011 0.007492218886 0.007830343909 0.007650042661 0.007358158392 0.008019382527 0.007413516157 0.008092495811 0.007898893478 0.007779089769 0.007547659351 0.008055316515 0.007913292986 0.007707372277 0.00767844235 0.836341449942 0.0 0.0 0.0 0.0 0.0 0.0 0.0 0.0 0.0
0.0 0.0 0.0 0.0 0.0 0.0 0.0 0.0 0.0 0.0 0.0 0.0 0.0 0.0 0.0 0.0 0.0 0.0 0.0 0.0 0.0 0.0 0.0 0.0 0.0 0.0 0.0 0.0 0.0 0.0 0.0 0.0 0.0 0.0 0.0 0.0 0.0 0.0 0.0 0.0 0.0 0.0 0.0 0.0 0.0 0.0 0.0 0.0 0.0 0.0 0.0 0.0 0.0 0.0 0.0 0.0 0.0 0.0 0.0 0.0 2.32512970276 0.01950110323 0.01655855507 0.01803637622 0.01766697287 0.0214985222 0.01758910709 0.01726290221 0.01559058772
0.0 0.0 0.0 0.0 0.0 0.0 0.0 0.0 0.0 0.0 0.0 0.0 0.0 0.0 0.0 0.0 0.0 0.0 0.0 0.0 0.0 0.0 0.0 0.0 0.0 0.0 0.0 0.0 0.0 0.0 0.0 0.0 0.0 0.0 0.0 0.0 0.0 0.0 0.0 0.0 0.0 0.0 0.0 0.0 0.0 0.0 0.0 0.0 0.0 0.0 0.0 0.0 0.0 0.0 0.0 0.0 0.0 0.0 0.0 0.0 0.01950110323 1.18033810208 0.01620279367 0.01703553294 0.01683830544 0.01897626957 0.01681325677 0.01662485512 0.01543752307
0.0 0.0 0.0 0.0 0.0 0.0 0.0 0.0 0.0 0.0 0.0 0.0 0.0 0.0 0.0 0.0 0.0 0.0 0.0 0.0 0.0 0.0 0.0 0.0 0.0 0.0 0.0 0.0 0.0 0.0 0.0 0.0 0.0 0.0 0.0 0.0 0.0 0.0 0.0 0.0 0.0 0.0 0.0 0.0 0.0 0.0 0.0 0.0 0.0 0.0 0.0 0.0 0.0 0.0 0.0 0.0 0.0 0.0 0.0 0.0 0.01655855507 0.01620279367 0.608125273984 0.01599565467 0.01597396811 0.01654392613 0.0159716956 0.01594499762 0.01529184984
0.0 0.0 0.0 0.0 0.0 0.0 0.0 0.0 0.0 0.0 0.0 0.0 0.0 0.0 0.0 0.0 0.0 0.0 0.0 0.0 0.0 0.0 0.0 0.0 0.0 0.0 0.0 0.0 0.0 0.0 0.0 0.0 0.0 0.0 0.0 0.0 0.0 0.0 0.0 0.0 0.0 0.0 0.0 0.0 0.0 0.0 0.0 0.0 0.0 0.0 0.0 0.0 0.0 0.0 0.0 0.0 0.0 0.0 0.0 0.0 0.01803637622 0.01703553294 0.01599565467 0.576840988177 0.01641841748 0.0177264358 0.01637902777 0.01628953963 0.01535432873
0.0 0.0 0.0 0.0 0.0 0.0 0.0 0.0 0.0 0.0 0.0 0.0 0.0 0.0 0.0 0.0 0.0 0.0 0.0 0.0 0.0 0.0 0.0 0.0 0.0 0.0 0.0 0.0 0.0 0.0 0.0 0.0 0.0 0.0 0.0 0.0 0.0 0.0 0.0 0.0 0.0 0.0 0.0 0.0 0.0 0.0 0.0 0.0 0.0 0.0 0.0 0.0 0.0 0.0 0.0 0.0 0.0 0.0 0.0 0.0 0.01766697287 0.01683830544 0.01597396811 0.01641841748 0.522095057121 0.01742813709 0.01629128222 0.01622043853 0.01536099449
0.0 0.0 0.0 0.0 0.0 0.0 0.0 0.0 0.0 0.0 0.0 0.0 0.0 0.0 0.0 0.0 0.0 0.0 0.0 0.0 0.0 0.0 0.0 0.0 0.0 0.0 0.0 0.0 0.0 0.0 0.0 0.0 0.0 0.0 0.0 0.0 0.0 0.0 0.0 0.0 0.0 0.0 0.0 0.0 0.0 0.0 0.0 0.0 0.0 0.0 0.0 0.0 0.0 0.0 0.0 0.0 0.0 0.0 0.0 0.0 0.0214985222 0.01897626957 0.01654392613 0.0177264358 0.01742813709 1.35077410247 0.01740411456 0.01714326441 0.01555902562
0.0 0.0 0.0 0.0 0.0 0.0 0.0 0.0 0.0 0.0 0.0 0.0 0.0 0.0 0.0 0.0 0.0 0.0 0.0 0.0 0.0 0.0 0.0 0.0 0.0 0.0 0.0 0.0 0.0 0.0 0.0 0.0 0.0 0.0 0.0 0.0 0.0 0.0 0.0 0.0 0.0 0.0 0.0 0.0 0.0 0.0 0.0 0.0 0.0 0.0 0.0 0.0 0.0 0.0 0.0 0.0 0.0 0.0 0.0 0.0 0.01758910709 0.01681325677 0.0159716956 0.01637902777 0.01629128222 0.01740411456 0.388174405932 0.01621930813 0.0153504665
0.0 0.0 0.0 0.0 0.0 0.0 0.0 0.0 0.0 0.0 0.0 0.0 0.0 0.0 0.0 0.0 0.0 0.0 0.0 0.0 0.0 0.0 0.0 0.0 0.0 0.0 0.0 0.0 0.0 0.0 0.0 0.0 0.0 0.0 0.0 0.0 0.0 0.0 0.0 0.0 0.0 0.0 0.0 0.0 0.0 0.0 0.0 0.0 0.0 0.0 0.0 0.0 0.0 0.0 0.0 0.0 0.0 0.0 0.0 0.0 0.01726290221 0.01662485512 0.01594499762 0.01628953963 0.01622043853 0.01714326441 0.01621930813 0.465423366007 0.01532778269
0.0 0.0 0.0 0.0 0.0 0.0 0.0 0.0 0.0 0.0 0.0 0.0 0.0 0.0 0.0 0.0 0.0 0.0 0.0 0.0 0.0 0.0 0.0 0.0 0.0 0.0 0.0 0.0 0.0 0.0 0.0 0.0 0.0 0.0 0.0 0.0 0.0 0.0 0.0 0.0 0.0 0.0 0.0 0.0 0.0 0.0 0.0 0.0 0.0 0.0 0.0 0.0 0.0 0.0 0.0 0.0 0.0 0.0 0.0 0.0 0.01559058772 0.01543752307 0.01529184984 0.01535432873 0.01536099449 0.01555902562 0.0153504665 0.01532778269 0.289174764846
