101 101
0.295775220886 0.009366886786 0.009072817368 0.009403997532 0.009567185346 0.009439835948 0.00961340465 0.01005045569 0.009797169144 0.009544302098 0.009323430983 0.009316700326 0.009318646131 0.009902854078 0.009569248925 0.01001451994 0.009504227682 0.009155678739 0.009097025716 0.009224125657 0.009327069643 0.009772421412 0.009581037046 0.00934060789 0.009340584998 0.009518488052 0.0 0.0 0.0 0.0 0.0 0.0 0.0 0.0 0.0 0.0 0.0 0.0 0.0 0.0 0.0 0.0 0.0 0.0 0.0 0.0 0.0 0.0 0.0 0.0 0.0 0.0 0.0 0.0 0.0 0.0 0.0 0.0 0.0 0.0 0.0 0.0 0.0 0.0 0.0 0.0 0.0 0.0 0.0 0.0 0.0 0.0 0.0 0.0 0.0 0.0 0.0 0.0 0.0 0.0 0.0 0.0 0.0 0.0 0.0 0.0 0.0 0.0 0.0 0.0 0.0 0.0 0.0 0.0 0.0 0.0 0.0 0.0 0.0 0.0 0.0
0.009366886786 1.3497273586 0.01040927858 0.009750815895 0.009561404186 0.009697042129 0.009540834561 0.009013365972 0.009206135064 0.009620257735 0.00992960602 0.009940126189 0.009994644036 0.009011631218 0.009573672661 0.008786880478 0.009578054299 0.01020874697 0.01033934204 0.01007417195 0.009867335854 0.009397532091 0.00960797314 0.009956319076 0.009937014308 0.009702412577 0.0 0.0 0.0 0.0 0.0 0.0 0.0 0.0 0.0 0.0 0.0 0.0 0.0 0.0 0.0 0.0 0.0 0.0 0.0 0.0 0.0 0.0 0.0 0.0 0.0 0.0 0.0 0.0 0.0 0.0 0.0 0.0 0.0 0.0 0.0 0.0 0.0 0.0 0.0 0.0 0.0 0.0 0.0 0.0 0.0 0.0 0.0 0.0 0.0 0.0 0.0 0.0 0.0 0.0 0.0 0.0 0.0 0.0 0.0 0.0 0.0 0.0 0.0 0.0 0.0 0.0 0.0 0.0 0.0 0.0 0.0 0.0 0.0 0.0 0.0
0.009072817368 0.01040927858 4.4613381293 0.01023781271 0.009499715604 0.01002165231 0.009538153838 0.00781197613 0.008728682306 0.009689080935 0.01062383522 0.01067919652 0.01073838939 0.008219326722 0.009607796263 0.007785533708 0.00989530619 0.01165533597 0.0120080343 0.01116528998 0.01057075196 0.008990710995 0.009766738431 0.01059122195 0.0106474421 0.009885425364 0.0 0.0 0.0 0.0 0.0 0.0 0.0 0.0 0.0 0.0 0.0 0.0 0.0 0.0 0.0 0.0 0.0 0.0 0.0 0.0 0.0 0.0 0.0 0.0 0.0 0.0 0.0 0.0 0.0 0.0 0.0 0.0 0.0 0.0 0.0 0.0 0.0 0.0 0.0 0.0 0.0 0.0 0.0 0.0 0.0 0.0 0.0 0.0 0.0 0.0 0.0 0.0 0.0 0.0 0.0 0.0 0.0 0.0 0.0 0.0 0.0 0.0 0.0 0.0 0.0 0.0 0.0 0.0 0.0 0.0 0.0 0.0 0.0 0.0 0.0
0.009403997532 0.009750815895 0.01023781271 0.30625517617 0.009534668435 0.009761182571 0.009556110647 0.008853724239 0.009328382161 0.009605178992 0.009895907576 0.009916562786 0.009902958664 0.009069963547 0.009565845362 0.008899698523 0.009782705153 0.01014790565 0.01020496507 0.01004856719 0.009930615454 0.009342211125 0.009616315489 0.009854003191 0.009895619823 0.00967851658 0.0 0.0 0.0 0.0 0.0 0.0 0.0 0.0 0.0 0.0 0.0 0.0 0.0 0.0 0.0 0.0 0.0 0.0 0.0 0.0 0.0 0.0 0.0 0.0 0.0 0.0 0.0 0.0 0.0 0.0 0.0 0.0 0.0 0.0 0.0 0.0 0.0 0.0 0.0 0.0 0.0 0.0 0.0 0.0 0.0 0.0 0.0 0.0 0.0 0.0 0.0 0.0 0.0 0.0 0.0 0.0 0.0 0.0 0.0 0.0 0.0 0.0 0.0 0.0 0.0 0.0 0.0 0.0 0.0 0.0 0.0 0.0 0.0 0.0 0.0
0.009567185346 0.009561404186 0.009499715604 0.009534668435 0.282433669634 0.009541997479 0.009545444814 0.009573650522 0.009525276097 0.009565855496 0.009538216688 0.009534099162 0.009538778286 0.009571416068 0.009577800419 0.009539210288 0.009502625111 0.009507555603 0.009470440119 0.009507170879 0.009515443486 0.00955123798 0.009571685911 0.00955491972 0.009538254861 0.009539874251 0.0 0.0 0.0 0.0 0.0 0.0 0.0 0.0 0.0 0.0 0.0 0.0 0.0 0.0 0.0 0.0 0.0 0.0 0.0 0.0 0.0 0.0 0.0 0.0 0.0 0.0 0.0 0.0 0.0 0.0 0.0 0.0 0.0 0.0 0.0 0.0 0.0 0.0 0.0 0.0 0.0 0.0 0.0 0.0 0.0 0.0 0.0 0.0 0.0 0.0 0.0 0.0 0.0 0.0 0.0 0.0 0.0 0.0 0.0 0.0 0.0 0.0 0.0 0.0 0.0 0.0 0.0 0.0 0.0 0.0 0.0 0.0 0.0 0.0 0.0
0.009439835948 0.009697042129 0.01002165231 0.009761182571 0.009541997479 0.525857409247 0.0095515213 0.009012022963 0.009395047905 0.009594473088 0.009800625924 0.009816970761 0.009798995305 0.009180206547 0.009559000321 0.00904928668 0.009731595358 0.009960517348 0.01001084896 0.009906292582 0.009834062427 0.009392774842 0.009589244861 0.009765657831 0.009795574953 0.009646455652 0.0 0.0 0.0 0.0 0.0 0.0 0.0 0.0 0.0 0.0 0.0 0.0 0.0 0.0 0.0 0.0 0.0 0.0 0.0 0.0 0.0 0.0 0.0 0.0 0.0 0.0 0.0 0.0 0.0 0.0 0.0 0.0 0.0 0.0 0.0 0.0 0.0 0.0 0.0 0.0 0.0 0.0 0.0 0.0 0.0 0.0 0.0 0.0 0.0 0.0 0.0 0.0 0.0 0.0 0.0 0.0 0.0 0.0 0.0 0.0 0.0 0.0 0.0 0.0 0.0 0.0 0.0 0.0 0.0 0.0 0.0 0.0 0.0 0.0 0.0
0.00961340465 0.009540834561 0.009538153838 0.009556110647 0.009545444814 0.0095515213 0.34180171554 0.009670201549 0.009638420824 0.009580973296 0.009545704033 0.009550176807 0.009568549478 0.009577060463 0.009573336689 0.00959224149 0.009613291904 0.009538144085 0.009550501019 0.009539396697 0.009546310748 0.009680244101 0.009620884632 0.009553514711 0.009570461019 0.009627929743 0.0 0.0 0.0 0.0 0.0 0.0 0.0 0.0 0.0 0.0 0.0 0.0 0.0 0.0 0.0 0.0 0.0 0.0 0.0 0.0 0.0 0.0 0.0 0.0 0.0 0.0 0.0 0.0 0.0 0.0 0.0 0.0 0.0 0.0 0.0 0.0 0.0 0.0 0.0 0.0 0.0 0.0 0.0 0.0 0.0 0.0 0.0 0.0 0.0 0.0 0.0 0.0 0.0 0.0 0.0 0.0 0.0 0.0 0.0 0.0 0.0 0.0 0.0 0.0 0.0 0.0 0.0 0.0 0.0 0.0 0.0 0.0 0.0 0.0 0.0
0.01005045569 0.009013365972 0.00781197613 0.008853724239 0.009573650522 0.009012022963 0.009670201549 0.205278123663 0.01026939719 0.009457650104 0.00866751824 0.008621376611 0.008673444649 0.01100942723 0.009558343528 0.01148598572 0.009088974561 0.008058708728 0.007930948569 0.008302751669 0.008614433553 0.01037000614 0.009499627554 0.008764005061 0.008703115781 0.00934296014 0.0 0.0 0.0 0.0 0.0 0.0 0.0 0.0 0.0 0.0 0.0 0.0 0.0 0.0 0.0 0.0 0.0 0.0 0.0 0.0 0.0 0.0 0.0 0.0 0.0 0.0 0.0 0.0 0.0 0.0 0.0 0.0 0.0 0.0 0.0 0.0 0.0 0.0 0.0 0.0 0.0 0.0 0.0 0.0 0.0 0.0 0.0 0.0 0.0 0.0 0.0 0.0 0.0 0.0 0.0 0.0 0.0 0.0 0.0 0.0 0.0 0.0 0.0 0.0 0.0 0.0 0.0 0.0 0.0 0.0 0.0 0.0 0.0 0.0 0.0
0.009797169144 0.009206135064 0.008728682306 0.009328382161 0.009525276097 0.009395047905 0.009638420824 0.01026939719 0.335459800273 0.009508549733 0.009168765058 0.009158827674 0.009132158363 0.0101066687 0.009530573743 0.01037529271 0.009546307244 0.008877290911 0.008823881012 0.009027159888 0.009223092412 0.00986135868 0.009520720783 0.00915825821 0.009175431041 0.009471100624 0.0 0.0 0.0 0.0 0.0 0.0 0.0 0.0 0.0 0.0 0.0 0.0 0.0 0.0 0.0 0.0 0.0 0.0 0.0 0.0 0.0 0.0 0.0 0.0 0.0 0.0 0.0 0.0 0.0 0.0 0.0 0.0 0.0 0.0 0.0 0.0 0.0 0.0 0.0 0.0 0.0 0.0 0.0 0.0 0.0 0.0 0.0 0.0 0.0 0.0 0.0 0.0 0.0 0.0 0.0 0.0 0.0 0.0 0.0 0.0 0.0 0.0 0.0 0.0 0.0 0.0 0.0 0.0 0.0 0.0 0.0 0.0 0.0 0.0 0.0
0.009544302098 0.009620257735 0.009689080935 0.009605178992 0.009565855496 0.009594473088 0.009580973296 0.009457650104 0.009508549733 0.742165099012 0.009627371371 0.009635131687 0.009647709459 0.009430590982 0.009574769366 0.009357131878 0.009593303219 0.009673433414 0.009688412687 0.009649124639 0.009618900699 0.009567623622 0.00960476051 0.009635918179 0.009640942729 0.009621297867 0.0 0.0 0.0 0.0 0.0 0.0 0.0 0.0 0.0 0.0 0.0 0.0 0.0 0.0 0.0 0.0 0.0 0.0 0.0 0.0 0.0 0.0 0.0 0.0 0.0 0.0 0.0 0.0 0.0 0.0 0.0 0.0 0.0 0.0 0.0 0.0 0.0 0.0 0.0 0.0 0.0 0.0 0.0 0.0 0.0 0.0 0.0 0.0 0.0 0.0 0.0 0.0 0.0 0.0 0.0 0.0 0.0 0.0 0.0 0.0 0.0 0.0 0.0 0.0 0.0 0.0 0.0 0.0 0.0 0.0 0.0 0.0 0.0 0.0 0.0
0.009323430983 0.00992960602 0.01062383522 0.009895907576 0.009538216688 0.009800625924 0.009545704033 0.00866751824 0.009168765058 0.009627371371 2.65034017175 0.01007576445 0.0100951784 0.008875735869 0.009578208917 0.008624040933 0.009746182483 0.01045425237 0.01054182816 0.01026458137 0.01004141685 0.009279555623 0.009642336263 0.01002738375 0.01005874845 0.009725572079 0.0 0.0 0.0 0.0 0.0 0.0 0.0 0.0 0.0 0.0 0.0 0.0 0.0 0.0 0.0 0.0 0.0 0.0 0.0 0.0 0.0 0.0 0.0 0.0 0.0 0.0 0.0 0.0 0.0 0.0 0.0 0.0 0.0 0.0 0.0 0.0 0.0 0.0 0.0 0.0 0.0 0.0 0.0 0.0 0.0 0.0 0.0 0.0 0.0 0.0 0.0 0.0 0.0 0.0 0.0 0.0 0.0 0.0 0.0 0.0 0.0 0.0 0.0 0.0 0.0 0.0 0.0 0.0 0.0 0.0 0.0 0.0 0.0 0.0 0.0
0.009316700326 0.009940126189 0.01067919652 0.009916562786 0.009534099162 0.009816970761 0.009550176807 0.008621376611 0.009158827674 0.009635131687 0.01007576445 1.50638309196 0.0101198082 0.008830642903 0.009578869959 0.008571544884 0.009780920812 0.01048882521 0.0106219266 0.01030712101 0.0100720457 0.009272477567 0.00964953869 0.01004633477 0.0100825751 0.009747650377 0.0 0.0 0.0 0.0 0.0 0.0 0.0 0.0 0.0 0.0 0.0 0.0 0.0 0.0 0.0 0.0 0.0 0.0 0.0 0.0 0.0 0.0 0.0 0.0 0.0 0.0 0.0 0.0 0.0 0.0 0.0 0.0 0.0 0.0 0.0 0.0 0.0 0.0 0.0 0.0 0.0 0.0 0.0 0.0 0.0 0.0 0.0 0.0 0.0 0.0 0.0 0.0 0.0 0.0 0.0 0.0 0.0 0.0 0.0 0.0 0.0 0.0 0.0 0.0 0.0 0.0 0.0 0.0 0.0 0.0 0.0 0.0 0.0 0.0 0.0
0.009318646131 0.009994644036 0.01073838939 0.009902958664 0.009538778286 0.009798995305 0.009568549478 0.008673444649 0.009132158363 0.009647709459 0.0100951784 0.0101198082 0.232372898207 0.008812111328 0.009589456246 0.008526541335 0.009740681469 0.01053185813 0.01066768323 0.01032464168 0.01005944984 0.009313905553 0.009674291762 0.01008808173 0.01011403745 0.009779788774 0.0 0.0 0.0 0.0 0.0 0.0 0.0 0.0 0.0 0.0 0.0 0.0 0.0 0.0 0.0 0.0 0.0 0.0 0.0 0.0 0.0 0.0 0.0 0.0 0.0 0.0 0.0 0.0 0.0 0.0 0.0 0.0 0.0 0.0 0.0 0.0 0.0 0.0 0.0 0.0 0.0 0.0 0.0 0.0 0.0 0.0 0.0 0.0 0.0 0.0 0.0 0.0 0.0 0.0 0.0 0.0 0.0 0.0 0.0 0.0 0.0 0.0 0.0 0.0 0.0 0.0 0.0 0.0 0.0 0.0 0.0 0.0 0.0 0.0 0.0
0.009902854078 0.009011631218 0.008219326722 0.009069963547 0.009571416068 0.009180206547 0.009577060463 0.01100942723 0.0101066687 0.009430590982 0.008875735869 0.008830642903 0.008812111328 0.192750173916 0.009551303351 0.01127425025 0.009250492889 0.008429852522 0.008273996328 0.008605540918 0.008870958921 0.009945929302 0.009453155418 0.008894768592 0.008867096319 0.009261431863 0.0 0.0 0.0 0.0 0.0 0.0 0.0 0.0 0.0 0.0 0.0 0.0 0.0 0.0 0.0 0.0 0.0 0.0 0.0 0.0 0.0 0.0 0.0 0.0 0.0 0.0 0.0 0.0 0.0 0.0 0.0 0.0 0.0 0.0 0.0 0.0 0.0 0.0 0.0 0.0 0.0 0.0 0.0 0.0 0.0 0.0 0.0 0.0 0.0 0.0 0.0 0.0 0.0 0.0 0.0 0.0 0.0 0.0 0.0 0.0 0.0 0.0 0.0 0.0 0.0 0.0 0.0 0.0 0.0 0.0 0.0 0.0 0.0 0.0 0.0
0.009569248925 0.009573672661 0.009607796263 0.009565845362 0.009577800419 0.009559000321 0.009573336689 0.009558343528 0.009530573743 0.009574769366 0.009578208917 0.009578869959 0.009589456246 0.009551303351 0.290490988518 0.009521977266 0.009552315751 0.009601373618 0.009592269447 0.009576385626 0.009559595043 0.00957417005 0.009601799243 0.009587195495 0.009588073292 0.00957940018 0.0 0.0 0.0 0.0 0.0 0.0 0.0 0.0 0.0 0.0 0.0 0.0 0.0 0.0 0.0 0.0 0.0 0.0 0.0 0.0 0.0 0.0 0.0 0.0 0.0 0.0 0.0 0.0 0.0 0.0 0.0 0.0 0.0 0.0 0.0 0.0 0.0 0.0 0.0 0.0 0.0 0.0 0.0 0.0 0.0 0.0 0.0 0.0 0.0 0.0 0.0 0.0 0.0 0.0 0.0 0.0 0.0 0.0 0.0 0.0 0.0 0.0 0.0 0.0 0.0 0.0 0.0 0.0 0.0 0.0 0.0 0.0 0.0 0.0 0.0
0.01001451994 0.008786880478 0.007785533708 0.008899698523 0.009539210288 0.00904928668 0.00959224149 0.01148598572 0.01037529271 0.009357131878 0.008624040933 0.008571544884 0.008526541335 0.01127425025 0.009521977266 0.149053853991 0.009184955583 0.008047194244 0.007876690097 0.008285526381 0.008645736731 0.01004992879 0.009372896922 0.008627304055 0.008603057492 0.009123057051 0.0 0.0 0.0 0.0 0.0 0.0 0.0 0.0 0.0 0.0 0.0 0.0 0.0 0.0 0.0 0.0 0.0 0.0 0.0 0.0 0.0 0.0 0.0 0.0 0.0 0.0 0.0 0.0 0.0 0.0 0.0 0.0 0.0 0.0 0.0 0.0 0.0 0.0 0.0 0.0 0.0 0.0 0.0 0.0 0.0 0.0 0.0 0.0 0.0 0.0 0.0 0.0 0.0 0.0 0.0 0.0 0.0 0.0 0.0 0.0 0.0 0.0 0.0 0.0 0.0 0.0 0.0 0.0 0.0 0.0 0.0 0.0 0.0 0.0 0.0
0.009504227682 0.009578054299 0.00989530619 0.009782705153 0.009502625111 0.009731595358 0.009613291904 0.009088974561 0.009546307244 0.009593303219 0.009746182483 0.009780920812 0.009740681469 0.009250492889 0.009552315751 0.009184955583 0.369270634033 0.009878169928 0.00995718768 0.00986936499 0.009848399854 0.009471016403 0.009610903405 0.009688210751 0.009758325105 0.009685955952 0.0 0.0 0.0 0.0 0.0 0.0 0.0 0.0 0.0 0.0 0.0 0.0 0.0 0.0 0.0 0.0 0.0 0.0 0.0 0.0 0.0 0.0 0.0 0.0 0.0 0.0 0.0 0.0 0.0 0.0 0.0 0.0 0.0 0.0 0.0 0.0 0.0 0.0 0.0 0.0 0.0 0.0 0.0 0.0 0.0 0.0 0.0 0.0 0.0 0.0 0.0 0.0 0.0 0.0 0.0 0.0 0.0 0.0 0.0 0.0 0.0 0.0 0.0 0.0 0.0 0.0 0.0 0.0 0.0 0.0 0.0 0.0 0.0 0.0 0.0
0.009155678739 0.01020874697 0.01165533597 0.01014790565 0.009507555603 0.009960517348 0.009538144085 0.008058708728 0.008877290911 0.009673433414 0.01045425237 0.01048882521 0.01053185813 0.008429852522 0.009601373618 0.008047194244 0.009878169928 2.88883649169 0.01152631287 0.01089070369 0.01041723602 0.009070180116 0.0097348742 0.0103969473 0.01046620214 0.009835121869 0.0 0.0 0.0 0.0 0.0 0.0 0.0 0.0 0.0 0.0 0.0 0.0 0.0 0.0 0.0 0.0 0.0 0.0 0.0 0.0 0.0 0.0 0.0 0.0 0.0 0.0 0.0 0.0 0.0 0.0 0.0 0.0 0.0 0.0 0.0 0.0 0.0 0.0 0.0 0.0 0.0 0.0 0.0 0.0 0.0 0.0 0.0 0.0 0.0 0.0 0.0 0.0 0.0 0.0 0.0 0.0 0.0 0.0 0.0 0.0 0.0 0.0 0.0 0.0 0.0 0.0 0.0 0.0 0.0 0.0 0.0 0.0 0.0 0.0 0.0
0.009097025716 0.01033934204 0.0120080343 0.01020496507 0.009470440119 0.01001084896 0.009550501019 0.007930948569 0.008823881012 0.009688412687 0.01054182816 0.0106219266 0.01066768323 0.008273996328 0.009592269447 0.007876690097 0.00995718768 0.01152631287 1.14676088944 0.01110927691 0.01054248091 0.009056396706 0.009731724837 0.01050417314 0.01057920479 0.009917610532 0.0 0.0 0.0 0.0 0.0 0.0 0.0 0.0 0.0 0.0 0.0 0.0 0.0 0.0 0.0 0.0 0.0 0.0 0.0 0.0 0.0 0.0 0.0 0.0 0.0 0.0 0.0 0.0 0.0 0.0 0.0 0.0 0.0 0.0 0.0 0.0 0.0 0.0 0.0 0.0 0.0 0.0 0.0 0.0 0.0 0.0 0.0 0.0 0.0 0.0 0.0 0.0 0.0 0.0 0.0 0.0 0.0 0.0 0.0 0.0 0.0 0.0 0.0 0.0 0.0 0.0 0.0 0.0 0.0 0.0 0.0 0.0 0.0 0.0 0.0
0.009224125657 0.01007417195 0.01116528998 0.01004856719 0.009507170879 0.009906292582 0.009539396697 0.008302751669 0.009027159888 0.009649124639 0.01026458137 0.01030712101 0.01032464168 0.008605540918 0.009576385626 0.008285526381 0.00986936499 0.01089070369 0.01110927691 0.374580778031 0.01027660441 0.009159826544 0.009670366898 0.01021627417 0.01027375934 0.009799274208 0.0 0.0 0.0 0.0 0.0 0.0 0.0 0.0 0.0 0.0 0.0 0.0 0.0 0.0 0.0 0.0 0.0 0.0 0.0 0.0 0.0 0.0 0.0 0.0 0.0 0.0 0.0 0.0 0.0 0.0 0.0 0.0 0.0 0.0 0.0 0.0 0.0 0.0 0.0 0.0 0.0 0.0 0.0 0.0 0.0 0.0 0.0 0.0 0.0 0.0 0.0 0.0 0.0 0.0 0.0 0.0 0.0 0.0 0.0 0.0 0.0 0.0 0.0 0.0 0.0 0.0 0.0 0.0 0.0 0.0 0.0 0.0 0.0 0.0 0.0
0.009327069643 0.009867335854 0.01057075196 0.009930615454 0.009515443486 0.009834062427 0.009546310748 0.008614433553 0.009223092412 0.009618900699 0.01004141685 0.0100720457 0.01005944984 0.008870958921 0.009559595043 0.008645736731 0.009848399854 0.01041723602 0.01054248091 0.01027660441 0.393909869545 0.009261383884 0.009621056345 0.009985220568 0.01003871945 0.009726749529 0.0 0.0 0.0 0.0 0.0 0.0 0.0 0.0 0.0 0.0 0.0 0.0 0.0 0.0 0.0 0.0 0.0 0.0 0.0 0.0 0.0 0.0 0.0 0.0 0.0 0.0 0.0 0.0 0.0 0.0 0.0 0.0 0.0 0.0 0.0 0.0 0.0 0.0 0.0 0.0 0.0 0.0 0.0 0.0 0.0 0.0 0.0 0.0 0.0 0.0 0.0 0.0 0.0 0.0 0.0 0.0 0.0 0.0 0.0 0.0 0.0 0.0 0.0 0.0 0.0 0.0 0.0 0.0 0.0 0.0 0.0 0.0 0.0 0.0 0.0
0.009772421412 0.009397532091 0.008990710995 0.009342211125 0.00955123798 0.009392774842 0.009680244101 0.01037000614 0.00986135868 0.009567623622 0.009279555623 0.009272477567 0.009313905553 0.009945929302 0.00957417005 0.01004992879 0.009471016403 0.009070180116 0.009056396706 0.009159826544 0.009261383884 0.297139439179 0.009619676233 0.00932453261 0.009323457262 0.009600260601 0.0 0.0 0.0 0.0 0.0 0.0 0.0 0.0 0.0 0.0 0.0 0.0 0.0 0.0 0.0 0.0 0.0 0.0 0.0 0.0 0.0 0.0 0.0 0.0 0.0 0.0 0.0 0.0 0.0 0.0 0.0 0.0 0.0 0.0 0.0 0.0 0.0 0.0 0.0 0.0 0.0 0.0 0.0 0.0 0.0 0.0 0.0 0.0 0.0 0.0 0.0 0.0 0.0 0.0 0.0 0.0 0.0 0.0 0.0 0.0 0.0 0.0 0.0 0.0 0.0 0.0 0.0 0.0 0.0 0.0 0.0 0.0 0.0 0.0 0.0
0.009581037046 0.00960797314 0.009766738431 0.009616315489 0.009571685911 0.009589244861 0.009620884632 0.009499627554 0.009520720783 0.00960476051 0.009642336263 0.00964953869 0.009674291762 0.009453155418 0.009601799243 0.009372896922 0.009610903405 0.0097348742 0.009731724837 0.009670366898 0.009621056345 0.009619676233 0.291996563291 0.009656238359 0.00967446412 0.009650544775 0.0 0.0 0.0 0.0 0.0 0.0 0.0 0.0 0.0 0.0 0.0 0.0 0.0 0.0 0.0 0.0 0.0 0.0 0.0 0.0 0.0 0.0 0.0 0.0 0.0 0.0 0.0 0.0 0.0 0.0 0.0 0.0 0.0 0.0 0.0 0.0 0.0 0.0 0.0 0.0 0.0 0.0 0.0 0.0 0.0 0.0 0.0 0.0 0.0 0.0 0.0 0.0 0.0 0.0 0.0 0.0 0.0 0.0 0.0 0.0 0.0 0.0 0.0 0.0 0.0 0.0 0.0 0.0 0.0 0.0 0.0 0.0 0.0 0.0 0.0
0.00934060789 0.009956319076 0.01059122195 0.009854003191 0.00955491972 0.009765657831 0.009553514711 0.008764005061 0.00915825821 0.009635918179 0.01002738375 0.01004633477 0.01008808173 0.008894768592 0.009587195495 0.008627304055 0.009688210751 0.0103969473 0.01050417314 0.01021627417 0.009985220568 0.00932453261 0.009656238359 0.299109767021 0.01004096938 0.009739107806 0.0 0.0 0.0 0.0 0.0 0.0 0.0 0.0 0.0 0.0 0.0 0.0 0.0 0.0 0.0 0.0 0.0 0.0 0.0 0.0 0.0 0.0 0.0 0.0 0.0 0.0 0.0 0.0 0.0 0.0 0.0 0.0 0.0 0.0 0.0 0.0 0.0 0.0 0.0 0.0 0.0 0.0 0.0 0.0 0.0 0.0 0.0 0.0 0.0 0.0 0.0 0.0 0.0 0.0 0.0 0.0 0.0 0.0 0.0 0.0 0.0 0.0 0.0 0.0 0.0 0.0 0.0 0.0 0.0 0.0 0.0 0.0 0.0 0.0 0.0
0.009340584998 0.009937014308 0.0106474421 0.009895619823 0.009538254861 0.009795574953 0.009570461019 0.008703115781 0.009175431041 0.009640942729 0.01005874845 0.0100825751 0.01011403745 0.008867096319 0.009588073292 0.008603057492 0.009758325105 0.01046620214 0.01057920479 0.01027375934 0.01003871945 0.009323457262 0.00967446412 0.01004096938 0.387292059437 0.009763195893 0.0 0.0 0.0 0.0 0.0 0.0 0.0 0.0 0.0 0.0 0.0 0.0 0.0 0.0 0.0 0.0 0.0 0.0 0.0 0.0 0.0 0.0 0.0 0.0 0.0 0.0 0.0 0.0 0.0 0.0 0.0 0.0 0.0 0.0 0.0 0.0 0.0 0.0 0.0 0.0 0.0 0.0 0.0 0.0 0.0 0.0 0.0 0.0 0.0 0.0 0.0 0.0 0.0 0.0 0.0 0.0 0.0 0.0 0.0 0.0 0.0 0.0 0.0 0.0 0.0 0.0 0.0 0.0 0.0 0.0 0.0 0.0 0.0 0.0 0.0
0.009518488052 0.009702412577 0.009885425364 0.00967851658 0.009539874251 0.009646455652 0.009627929743 0.00934296014 0.009471100624 0.009621297867 0.009725572079 0.009747650377 0.009779788774 0.009261431863 0.00957940018 0.009123057051 0.009685955952 0.009835121869 0.009917610532 0.009799274208 0.009726749529 0.009600260601 0.009650544775 0.009739107806 0.009763195893 0.511855079368 0.0 0.0 0.0 0.0 0.0 0.0 0.0 0.0 0.0 0.0 0.0 0.0 0.0 0.0 0.0 0.0 0.0 0.0 0.0 0.0 0.0 0.0 0.0 0.0 0.0 0.0 0.0 0.0 0.0 0.0 0.0 0.0 0.0 0.0 0.0 0.0 0.0 0.0 0.0 0.0 0.0 0.0 0.0 0.0 0.0 0.0 0.0 0.0 0.0 0.0 0.0 0.0 0.0 0.0 0.0 0.0 0.0 0.0 0.0 0.0 0.0 0.0 0.0 0.0 0.0 0.0 0.0 0.0 0.0 0.0 0.0 0.0 0.0 0.0 0.0
0.0 0.0 0.0 0.0 0.0 0.0 0.0 0.0 0.0 0.0 0.0 0.0 0.0 0.0 0.0 0.0 0.0 0.0 0.0 0.0 0.0 0.0 0.0 0.0 0.0 0.0 0.502857974422 0.01297379675 0.01295438873 0.01314347244 0.0131252776 0.01312409999 0.01311786016 0.01313132555 0.01309298155 0.0131778943 0.01312955189 0.01315096155 0.01299038551 0.01311771736 0.01313777865 0.01315247378 0.01304341184 0.0131108597 0.01295664052 0.01312199944 0.01316886381 0.0131593663 0.01312007979 0.01307189056 0.01299387514 0.01294216671 0.01313504563 0.0 0.0 0.0 0.0 0.0 0.0 0.0 0.0 0.0 0.0 0.0 0.0 0.0 0.0 0.0 0.0 0.0 0.0 0.0 0.0 0.0 0.0 0.0 0.0 0.0 0.0 0.0 0.0 0.0 0.0 0.0 0.0 0.0 0.0 0.0 0.0 0.0 0.0 0.0 0.0 0.0 0.0 0.0 0.0 0.0 0.0 0.0 0.0
0.0 0.0 0.0 0.0 0.0 0.0 0.0 0.0 0.0 0.0 0.0 0.0 0.0 0.0 0.0 0.0 0.0 0.0 0.0 0.0 0.0 0.0 0.0 0.0 0.0 0.0 0.01297379675 2.39966920827 0.0151669434 0.01250873168 0.01315181089 0.01221791795 0.01163490007 0.01278233355 0.01077265171 0.01219888856 0.01105490568 0.01210546997 0.0146878727 0.01311344321 0.01240221782 0.01227793329 0.01412192344 0.01052958347 0.01512336639 0.0119171401 0.01203721366 0.01243225811 0.01279058042 0.01375822867 0.01475248992 0.0150783406 0.01281626304 0.0 0.0 0.0 0.0 0.0 0.0 0.0 0.0 0.0 0.0 0.0 0.0 0.0 0.0 0.0 0.0 0.0 0.0 0.0 0.0 0.0 0.0 0.0 0.0 0.0 0.0 0.0 0.0 0.0 0.0 0.0 0.0 0.0 0.0 0.0 0.0 0.0 0.0 0.0 0.0 0.0 0.0 0.0 0.0 0.0 0.0 0.0 0.0
0.0 0.0 0.0 0.0 0.0 0.0 0.0 0.0 0.0 0.0 0.0 0.0 0.0 0.0 0.0 0.0 0.0 0.0 0.0 0.0 0.0 0.0 0.0 0.0 0.0 0.0 0.01295438873 0.0151669434 28.3198838307 0.01242027634 0.01315207672 0.01213072507 0.01151947668 0.01267034862 0.010580538 0.01216732456 0.01095842077 0.01200392433 0.01487111199 0.01309113706 0.01231785597 0.01216085997 0.01418214982 0.01031724181 0.01524040591 0.01184430882 0.01194110482 0.01233404862 0.01277417188 0.01386574506 0.01483017682 0.01528312979 0.01277763791 0.0 0.0 0.0 0.0 0.0 0.0 0.0 0.0 0.0 0.0 0.0 0.0 0.0 0.0 0.0 0.0 0.0 0.0 0.0 0.0 0.0 0.0 0.0 0.0 0.0 0.0 0.0 0.0 0.0 0.0 0.0 0.0 0.0 0.0 0.0 0.0 0.0 0.0 0.0 0.0 0.0 0.0 0.0 0.0 0.0 0.0 0.0 0.0
0.0 0.0 0.0 0.0 0.0 0.0 0.0 0.0 0.0 0.0 0.0 0.0 0.0 0.0 0.0 0.0 0.0 0.0 0.0 0.0 0.0 0.0 0.0 0.0 0.0 0.0 0.01314347244 0.01250873168 0.01242027634 1.10177725781 0.01308364955 0.01339262696 0.01356307404 0.01322373664 0.01377879265 0.01338606579 0.01372358626 0.0134356622 0.01259826497 0.01310986644 0.01335875496 0.01342067999 0.01276551464 0.01387827815 0.01246006177 0.01350605011 0.01341507795 0.013342491 0.01322928702 0.01288588089 0.01256003898 0.01243118192 0.01320850217 0.0 0.0 0.0 0.0 0.0 0.0 0.0 0.0 0.0 0.0 0.0 0.0 0.0 0.0 0.0 0.0 0.0 0.0 0.0 0.0 0.0 0.0 0.0 0.0 0.0 0.0 0.0 0.0 0.0 0.0 0.0 0.0 0.0 0.0 0.0 0.0 0.0 0.0 0.0 0.0 0.0 0.0 0.0 0.0 0.0 0.0 0.0 0.0
0.0 0.0 0.0 0.0 0.0 0.0 0.0 0.0 0.0 0.0 0.0 0.0 0.0 0.0 0.0 0.0 0.0 0.0 0.0 0.0 0.0 0.0 0.0 0.0 0.0 0.0 0.0131252776 0.01315181089 0.01315207672 0.01308364955 0.733829867403 0.01302417939 0.01294647076 0.01315968753 0.01280598861 0.01302703126 0.01287376092 0.01302692678 0.01314230467 0.01317766073 0.01307688955 0.01306841125 0.0131790045 0.01276259276 0.01320667163 0.01298816564 0.0130147879 0.01307410059 0.01309692163 0.01311659857 0.01319645107 0.01318244284 0.01311180332 0.0 0.0 0.0 0.0 0.0 0.0 0.0 0.0 0.0 0.0 0.0 0.0 0.0 0.0 0.0 0.0 0.0 0.0 0.0 0.0 0.0 0.0 0.0 0.0 0.0 0.0 0.0 0.0 0.0 0.0 0.0 0.0 0.0 0.0 0.0 0.0 0.0 0.0 0.0 0.0 0.0 0.0 0.0 0.0 0.0 0.0 0.0 0.0
0.0 0.0 0.0 0.0 0.0 0.0 0.0 0.0 0.0 0.0 0.0 0.0 0.0 0.0 0.0 0.0 0.0 0.0 0.0 0.0 0.0 0.0 0.0 0.0 0.0 0.0 0.01312409999 0.01221791795 0.01213072507 0.01339262696 0.01302417939 0.78354997819 0.01400320471 0.01329002665 0.01466796157 0.01349868808 0.01437129941 0.01367087284 0.01233490575 0.01306598471 0.01349928144 0.0135629307 0.01255416867 0.01478091192 0.01216100431 0.0138186446 0.01363857596 0.01343592948 0.01327440349 0.01273028466 0.01229489415 0.01213991693 0.01319850169 0.0 0.0 0.0 0.0 0.0 0.0 0.0 0.0 0.0 0.0 0.0 0.0 0.0 0.0 0.0 0.0 0.0 0.0 0.0 0.0 0.0 0.0 0.0 0.0 0.0 0.0 0.0 0.0 0.0 0.0 0.0 0.0 0.0 0.0 0.0 0.0 0.0 0.0 0.0 0.0 0.0 0.0 0.0 0.0 0.0 0.0 0.0 0.0
0.0 0.0 0.0 0.0 0.0 0.0 0.0 0.0 0.0 0.0 0.0 0.0 0.0 0.0 0.0 0.0 0.0 0.0 0.0 0.0 0.0 0.0 0.0 0.0 0.0 0.0 0.01311786016 0.01163490007 0.01151947668 0.01356307404 0.01294647076 0.01400320471 0.740242553442 0.01338685581 0.01596350848 0.01377259626 0.01543648425 0.01404102602 0.01183249793 0.01303571391 0.01375157841 0.01382244112 0.012183346 0.01619168768 0.0115638214 0.014371689 0.01409875615 0.0135898496 0.01335997572 0.0124543581 0.01176012455 0.01157721721 0.01323709406 0.0 0.0 0.0 0.0 0.0 0.0 0.0 0.0 0.0 0.0 0.0 0.0 0.0 0.0 0.0 0.0 0.0 0.0 0.0 0.0 0.0 0.0 0.0 0.0 0.0 0.0 0.0 0.0 0.0 0.0 0.0 0.0 0.0 0.0 0.0 0.0 0.0 0.0 0.0 0.0 0.0 0.0 0.0 0.0 0.0 0.0 0.0 0.0
0.0 0.0 0.0 0.0 0.0 0.0 0.0 0.0 0.0 0.0 0.0 0.0 0.0 0.0 0.0 0.0 0.0 0.0 0.0 0.0 0.0 0.0 0.0 0.0 0.0 0.0 0.01313132555 0.01278233355 0.01267034862 0.01322373664 0.01315968753 0.01329002665 0.01338685581 1.12294412813 0.01365310171 0.01317676142 0.01347026501 0.01333194415 0.01278343821 0.01316985665 0.01330318069 0.01334666438 0.01291257936 0.01357527262 0.0128306716 0.01333369367 0.01322948371 0.01328113886 0.01321601357 0.0129092484 0.0128454953 0.01272516123 0.01314813927 0.0 0.0 0.0 0.0 0.0 0.0 0.0 0.0 0.0 0.0 0.0 0.0 0.0 0.0 0.0 0.0 0.0 0.0 0.0 0.0 0.0 0.0 0.0 0.0 0.0 0.0 0.0 0.0 0.0 0.0 0.0 0.0 0.0 0.0 0.0 0.0 0.0 0.0 0.0 0.0 0.0 0.0 0.0 0.0 0.0 0.0 0.0 0.0
0.0 0.0 0.0 0.0 0.0 0.0 0.0 0.0 0.0 0.0 0.0 0.0 0.0 0.0 0.0 0.0 0.0 0.0 0.0 0.0 0.0 0.0 0.0 0.0 0.0 0.0 0.01309298155 0.01077265171 0.010580538 0.01377879265 0.01280598861 0.01466796157 0.01596350848 0.01365310171 0.487692594051 0.01408932992 0.01710241571 0.0147342388 0.01104776619 0.01295642521 0.01418959386 0.01431740635 0.01153966824 0.01865703823 0.01063267319 0.01522862173 0.01466875944 0.0139217512 0.01351005622 0.01199039351 0.01095826055 0.01061424324 0.01325082124 0.0 0.0 0.0 0.0 0.0 0.0 0.0 0.0 0.0 0.0 0.0 0.0 0.0 0.0 0.0 0.0 0.0 0.0 0.0 0.0 0.0 0.0 0.0 0.0 0.0 0.0 0.0 0.0 0.0 0.0 0.0 0.0 0.0 0.0 0.0 0.0 0.0 0.0 0.0 0.0 0.0 0.0 0.0 0.0 0.0 0.0 0.0 0.0
0.0 0.0 0.0 0.0 0.0 0.0 0.0 0.0 0.0 0.0 0.0 0.0 0.0 0.0 0.0 0.0 0.0 0.0 0.0 0.0 0.0 0.0 0.0 0.0 0.0 0.0 0.0131778943 0.01219888856 0.01216732456 0.01338606579 0.01302703126 0.01349868808 0.01377259626 0.01317676142 0.01408932992 0.797148845367 0.01408953155 0.01358278423 0.0123400555 0.01305121805 0.01340569821 0.01346294133 0.0125785918 0.01430474988 0.0120921735 0.0136293676 0.01374648862 0.01342380321 0.01323993927 0.01281913533 0.01225910107 0.01214460445 0.01323962601 0.0 0.0 0.0 0.0 0.0 0.0 0.0 0.0 0.0 0.0 0.0 0.0 0.0 0.0 0.0 0.0 0.0 0.0 0.0 0.0 0.0 0.0 0.0 0.0 0.0 0.0 0.0 0.0 0.0 0.0 0.0 0.0 0.0 0.0 0.0 0.0 0.0 0.0 0.0 0.0 0.0 0.0 0.0 0.0 0.0 0.0 0.0 0.0
0.0 0.0 0.0 0.0 0.0 0.0 0.0 0.0 0.0 0.0 0.0 0.0 0.0 0.0 0.0 0.0 0.0 0.0 0.0 0.0 0.0 0.0 0.0 0.0 0.0 0.0 0.01312955189 0.01105490568 0.01095842077 0.01372358626 0.01287376092 0.01437129941 0.01543648425 0.01347026501 0.01710241571 0.01408953155 0.779037875353 0.01442117855 0.01134398702 0.01298320338 0.01399895888 0.01409459678 0.0117893358 0.0175224507 0.0109546165 0.01487183067 0.01456302502 0.01378835475 0.01345591288 0.01220868055 0.01123215915 0.01097229421 0.01327616328 0.0 0.0 0.0 0.0 0.0 0.0 0.0 0.0 0.0 0.0 0.0 0.0 0.0 0.0 0.0 0.0 0.0 0.0 0.0 0.0 0.0 0.0 0.0 0.0 0.0 0.0 0.0 0.0 0.0 0.0 0.0 0.0 0.0 0.0 0.0 0.0 0.0 0.0 0.0 0.0 0.0 0.0 0.0 0.0 0.0 0.0 0.0 0.0
0.0 0.0 0.0 0.0 0.0 0.0 0.0 0.0 0.0 0.0 0.0 0.0 0.0 0.0 0.0 0.0 0.0 0.0 0.0 0.0 0.0 0.0 0.0 0.0 0.0 0.0 0.01315096155 0.01210546997 0.01200392433 0.0134356622 0.01302692678 0.01367087284 0.01404102602 0.01333194415 0.0147342388 0.01358278423 0.01442117855 0.685800080553 0.0122325457 0.01306460295 0.01354676994 0.01364133144 0.01248322982 0.01485249425 0.01203489804 0.01385570893 0.0136898017 0.01350892109 0.013301585 0.01269677747 0.01218222732 0.01198009109 0.0132282876 0.0 0.0 0.0 0.0 0.0 0.0 0.0 0.0 0.0 0.0 0.0 0.0 0.0 0.0 0.0 0.0 0.0 0.0 0.0 0.0 0.0 0.0 0.0 0.0 0.0 0.0 0.0 0.0 0.0 0.0 0.0 0.0 0.0 0.0 0.0 0.0 0.0 0.0 0.0 0.0 0.0 0.0 0.0 0.0 0.0 0.0 0.0 0.0
0.0 0.0 0.0 0.0 0.0 0.0 0.0 0.0 0.0 0.0 0.0 0.0 0.0 0.0 0.0 0.0 0.0 0.0 0.0 0.0 0.0 0.0 0.0 0.0 0.0 0.0 0.01299038551 0.0146878727 0.01487111199 0.01259826497 0.01314230467 0.01233490575 0.01183249793 0.01278343821 0.01104776619 0.0123400555 0.01134398702 0.0122325457 1.0108713839 0.0130981472 0.01248937002 0.01238535867 0.01397320151 0.01086601249 0.01481820825 0.01208905288 0.01218524414 0.01250881898 0.012812691 0.01368542698 0.01449340273 0.01480726651 0.01286812248 0.0 0.0 0.0 0.0 0.0 0.0 0.0 0.0 0.0 0.0 0.0 0.0 0.0 0.0 0.0 0.0 0.0 0.0 0.0 0.0 0.0 0.0 0.0 0.0 0.0 0.0 0.0 0.0 0.0 0.0 0.0 0.0 0.0 0.0 0.0 0.0 0.0 0.0 0.0 0.0 0.0 0.0 0.0 0.0 0.0 0.0 0.0 0.0
0.0 0.0 0.0 0.0 0.0 0.0 0.0 0.0 0.0 0.0 0.0 0.0 0.0 0.0 0.0 0.0 0.0 0.0 0.0 0.0 0.0 0.0 0.0 0.0 0.0 0.0 0.01311771736 0.01311344321 0.01309113706 0.01310986644 0.01317766073 0.01306598471 0.01303571391 0.01316985665 0.01295642521 0.01305121805 0.01298320338 0.01306460295 0.0130981472 0.862660603538 0.01310931959 0.01309543615 0.01314740647 0.0129114235 0.01315349045 0.01304755396 0.01308050609 0.01308310833 0.01310864011 0.01308109612 0.01315899706 0.01315447315 0.01310680963 0.0 0.0 0.0 0.0 0.0 0.0 0.0 0.0 0.0 0.0 0.0 0.0 0.0 0.0 0.0 0.0 0.0 0.0 0.0 0.0 0.0 0.0 0.0 0.0 0.0 0.0 0.0 0.0 0.0 0.0 0.0 0.0 0.0 0.0 0.0 0.0 0.0 0.0 0.0 0.0 0.0 0.0 0.0 0.0 0.0 0.0 0.0 0.0
0.0 0.0 0.0 0.0 0.0 0.0 0.0 0.0 0.0 0.0 0.0 0.0 0.0 0.0 0.0 0.0 0.0 0.0 0.0 0.0 0.0 0.0 0.0 0.0 0.0 0.0 0.01313777865 0.01240221782 0.01231785597 0.01335875496 0.01307688955 0.01349928144 0.01375157841 0.01330318069 0.01418959386 0.01340569821 0.01399895888 0.01354676994 0.01248937002 0.01310931959 0.641368685358 0.01350873809 0.01267805514 0.01425522065 0.01237655098 0.01363824662 0.013493322 0.0133941732 0.01325985426 0.01280222736 0.01247226271 0.01231852491 0.01319981018 0.0 0.0 0.0 0.0 0.0 0.0 0.0 0.0 0.0 0.0 0.0 0.0 0.0 0.0 0.0 0.0 0.0 0.0 0.0 0.0 0.0 0.0 0.0 0.0 0.0 0.0 0.0 0.0 0.0 0.0 0.0 0.0 0.0 0.0 0.0 0.0 0.0 0.0 0.0 0.0 0.0 0.0 0.0 0.0 0.0 0.0 0.0 0.0
0.0 0.0 0.0 0.0 0.0 0.0 0.0 0.0 0.0 0.0 0.0 0.0 0.0 0.0 0.0 0.0 0.0 0.0 0.0 0.0 0.0 0.0 0.0 0.0 0.0 0.0 0.01315247378 0.01227793329 0.01216085997 0.01342067999 0.01306841125 0.0135629307 0.01382244112 0.01334666438 0.01431740635 0.01346294133 0.01409459678 0.01364133144 0.01238535867 0.01309543615 0.01350873809 0.769332659608 0.01259331509 0.01438575967 0.01223969819 0.01372297153 0.01350480783 0.01349212985 0.01330770992 0.01276393496 0.01234745391 0.01212111975 0.01322977057 0.0 0.0 0.0 0.0 0.0 0.0 0.0 0.0 0.0 0.0 0.0 0.0 0.0 0.0 0.0 0.0 0.0 0.0 0.0 0.0 0.0 0.0 0.0 0.0 0.0 0.0 0.0 0.0 0.0 0.0 0.0 0.0 0.0 0.0 0.0 0.0 0.0 0.0 0.0 0.0 0.0 0.0 0.0 0.0 0.0 0.0 0.0 0.0
0.0 0.0 0.0 0.0 0.0 0.0 0.0 0.0 0.0 0.0 0.0 0.0 0.0 0.0 0.0 0.0 0.0 0.0 0.0 0.0 0.0 0.0 0.0 0.0 0.0 0.0 0.01304341184 0.01412192344 0.01418214982 0.01276551464 0.0131790045 0.01255416867 0.012183346 0.01291257936 0.01153966824 0.0125785918 0.0117893358 0.01248322982 0.01397320151 0.01314740647 0.01267805514 0.01259331509 2.22551468128 0.01141127191 0.01422077559 0.01236897638 0.01247006969 0.01268797756 0.01289656764 0.01349007432 0.01404805146 0.0142191644 0.0129631326 0.0 0.0 0.0 0.0 0.0 0.0 0.0 0.0 0.0 0.0 0.0 0.0 0.0 0.0 0.0 0.0 0.0 0.0 0.0 0.0 0.0 0.0 0.0 0.0 0.0 0.0 0.0 0.0 0.0 0.0 0.0 0.0 0.0 0.0 0.0 0.0 0.0 0.0 0.0 0.0 0.0 0.0 0.0 0.0 0.0 0.0 0.0 0.0
0.0 0.0 0.0 0.0 0.0 0.0 0.0 0.0 0.0 0.0 0.0 0.0 0.0 0.0 0.0 0.0 0.0 0.0 0.0 0.0 0.0 0.0 0.0 0.0 0.0 0.0 0.0131108597 0.01052958347 0.01031724181 0.01387827815 0.01276259276 0.01478091192 0.01619168768 0.01357527262 0.01865703823 0.01430474988 0.0175224507 0.01485249425 0.01086601249 0.0129114235 0.01425522065 0.01438575967 0.01141127191 1.27032146331 0.01037688483 0.01543605968 0.01493631836 0.01396160122 0.0135328192 0.01194803114 0.01071828493 0.01036945696 0.0132966734 0.0 0.0 0.0 0.0 0.0 0.0 0.0 0.0 0.0 0.0 0.0 0.0 0.0 0.0 0.0 0.0 0.0 0.0 0.0 0.0 0.0 0.0 0.0 0.0 0.0 0.0 0.0 0.0 0.0 0.0 0.0 0.0 0.0 0.0 0.0 0.0 0.0 0.0 0.0 0.0 0.0 0.0 0.0 0.0 0.0 0.0 0.0 0.0
0.0 0.0 0.0 0.0 0.0 0.0 0.0 0.0 0.0 0.0 0.0 0.0 0.0 0.0 0.0 0.0 0.0 0.0 0.0 0.0 0.0 0.0 0.0 0.0 0.0 0.0 0.01295664052 0.01512336639 0.01524040591 0.01246006177 0.01320667163 0.01216100431 0.0115638214 0.0128306716 0.01063267319 0.0120921735 0.0109546165 0.01203489804 0.01481820825 0.01315349045 0.01237655098 0.01223969819 0.01422077559 0.01037688483 1.71439228897 0.01185944441 0.01194154754 0.01237188969 0.01279178728 0.01375897043 0.01490400553 0.01528150803 0.0127906868 0.0 0.0 0.0 0.0 0.0 0.0 0.0 0.0 0.0 0.0 0.0 0.0 0.0 0.0 0.0 0.0 0.0 0.0 0.0 0.0 0.0 0.0 0.0 0.0 0.0 0.0 0.0 0.0 0.0 0.0 0.0 0.0 0.0 0.0 0.0 0.0 0.0 0.0 0.0 0.0 0.0 0.0 0.0 0.0 0.0 0.0 0.0 0.0
0.0 0.0 0.0 0.0 0.0 0.0 0.0 0.0 0.0 0.0 0.0 0.0 0.0 0.0 0.0 0.0 0.0 0.0 0.0 0.0 0.0 0.0 0.0 0.0 0.0 0.0 0.01312199944 0.0119171401 0.01184430882 0.01350605011 0.01298816564 0.0138186446 0.014371689 0.01333369367 0.01522862173 0.0136293676 0.01487183067 0.01385570893 0.01208905288 0.01304755396 0.01363824662 0.01372297153 0.01236897638 0.01543605968 0.01185944441 0.828789246649 0.01382686717 0.0135293269 0.0133440048 0.01260106015 0.01201418305 0.01182483621 0.01323592371 0.0 0.0 0.0 0.0 0.0 0.0 0.0 0.0 0.0 0.0 0.0 0.0 0.0 0.0 0.0 0.0 0.0 0.0 0.0 0.0 0.0 0.0 0.0 0.0 0.0 0.0 0.0 0.0 0.0 0.0 0.0 0.0 0.0 0.0 0.0 0.0 0.0 0.0 0.0 0.0 0.0 0.0 0.0 0.0 0.0 0.0 0.0 0.0
0.0 0.0 0.0 0.0 0.0 0.0 0.0 0.0 0.0 0.0 0.0 0.0 0.0 0.0 0.0 0.0 0.0 0.0 0.0 0.0 0.0 0.0 0.0 0.0 0.0 0.0 0.01316886381 0.01203721366 0.01194110482 0.01341507795 0.0130147879 0.01363857596 0.01409875615 0.01322948371 0.01466875944 0.01374648862 0.01456302502 0.0136898017 0.01218524414 0.01308050609 0.013493322 0.01350480783 0.01247006969 0.01493631836 0.01194154754 0.01382686717 1.41664500446 0.01341108747 0.01323665751 0.0126956665 0.01214269383 0.01206143162 0.01322544381 0.0 0.0 0.0 0.0 0.0 0.0 0.0 0.0 0.0 0.0 0.0 0.0 0.0 0.0 0.0 0.0 0.0 0.0 0.0 0.0 0.0 0.0 0.0 0.0 0.0 0.0 0.0 0.0 0.0 0.0 0.0 0.0 0.0 0.0 0.0 0.0 0.0 0.0 0.0 0.0 0.0 0.0 0.0 0.0 0.0 0.0 0.0 0.0
0.0 0.0 0.0 0.0 0.0 0.0 0.0 0.0 0.0 0.0 0.0 0.0 0.0 0.0 0.0 0.0 0.0 0.0 0.0 0.0 0.0 0.0 0.0 0.0 0.0 0.0 0.0131593663 0.01243225811 0.01233404862 0.013342491 0.01307410059 0.01343592948 0.0135898496 0.01328113886 0.0139217512 0.01342380321 0.01378835475 0.01350892109 0.01250881898 0.01308310833 0.0133941732 0.01349212985 0.01268797756 0.01396160122 0.01237188969 0.0135293269 0.01341108747 0.4237845569 0.01329789123 0.01285202153 0.01248887106 0.01229081361 0.01321583236 0.0 0.0 0.0 0.0 0.0 0.0 0.0 0.0 0.0 0.0 0.0 0.0 0.0 0.0 0.0 0.0 0.0 0.0 0.0 0.0 0.0 0.0 0.0 0.0 0.0 0.0 0.0 0.0 0.0 0.0 0.0 0.0 0.0 0.0 0.0 0.0 0.0 0.0 0.0 0.0 0.0 0.0 0.0 0.0 0.0 0.0 0.0 0.0
0.0 0.0 0.0 0.0 0.0 0.0 0.0 0.0 0.0 0.0 0.0 0.0 0.0 0.0 0.0 0.0 0.0 0.0 0.0 0.0 0.0 0.0 0.0 0.0 0.0 0.0 0.01312007979 0.01279058042 0.01277417188 0.01322928702 0.01309692163 0.01327440349 0.01335997572 0.01321601357 0.01351005622 0.01323993927 0.01345591288 0.013301585 0.012812691 0.01310864011 0.01325985426 0.01330770992 0.01289656764 0.0135328192 0.01279178728 0.0133440048 0.01323665751 0.01329789123 1.3684091914 0.01296069138 0.01282043039 0.01273062966 0.01315080711 0.0 0.0 0.0 0.0 0.0 0.0 0.0 0.0 0.0 0.0 0.0 0.0 0.0 0.0 0.0 0.0 0.0 0.0 0.0 0.0 0.0 0.0 0.0 0.0 0.0 0.0 0.0 0.0 0.0 0.0 0.0 0.0 0.0 0.0 0.0 0.0 0.0 0.0 0.0 0.0 0.0 0.0 0.0 0.0 0.0 0.0 0.0 0.0
0.0 0.0 0.0 0.0 0.0 0.0 0.0 0.0 0.0 0.0 0.0 0.0 0.0 0.0 0.0 0.0 0.0 0.0 0.0 0.0 0.0 0.0 0.0 0.0 0.0 0.0 0.01307189056 0.01375822867 0.01386574506 0.01288588089 0.01311659857 0.01273028466 0.0124543581 0.0129092484 0.01199039351 0.01281913533 0.01220868055 0.01269677747 0.01368542698 0.01308109612 0.01280222736 0.01276393496 0.01349007432 0.01194803114 0.01375897043 0.01260106015 0.0126956665 0.01285202153 0.01296069138 1.38286267691 0.01367772616 0.01377718184 0.01302271463 0.0 0.0 0.0 0.0 0.0 0.0 0.0 0.0 0.0 0.0 0.0 0.0 0.0 0.0 0.0 0.0 0.0 0.0 0.0 0.0 0.0 0.0 0.0 0.0 0.0 0.0 0.0 0.0 0.0 0.0 0.0 0.0 0.0 0.0 0.0 0.0 0.0 0.0 0.0 0.0 0.0 0.0 0.0 0.0 0.0 0.0 0.0 0.0
0.0 0.0 0.0 0.0 0.0 0.0 0.0 0.0 0.0 0.0 0.0 0.0 0.0 0.0 0.0 0.0 0.0 0.0 0.0 0.0 0.0 0.0 0.0 0.0 0.0 0.0 0.01299387514 0.01475248992 0.01483017682 0.01256003898 0.01319645107 0.01229489415 0.01176012455 0.0128454953 0.01095826055 0.01225910107 0.01123215915 0.01218222732 0.01449340273 0.01315899706 0.01247226271 0.01234745391 0.01404805146 0.01071828493 0.01490400553 0.01201418305 0.01214269383 0.01248887106 0.01282043039 0.01367772616 0.914429670467 0.01491274363 0.01285297412 0.0 0.0 0.0 0.0 0.0 0.0 0.0 0.0 0.0 0.0 0.0 0.0 0.0 0.0 0.0 0.0 0.0 0.0 0.0 0.0 0.0 0.0 0.0 0.0 0.0 0.0 0.0 0.0 0.0 0.0 0.0 0.0 0.0 0.0 0.0 0.0 0.0 0.0 0.0 0.0 0.0 0.0 0.0 0.0 0.0 0.0 0.0 0.0
0.0 0.0 0.0 0.0 0.0 0.0 0.0 0.0 0.0 0.0 0.0 0.0 0.0 0.0 0.0 0.0 0.0 0.0 0.0 0.0 0.0 0.0 0.0 0.0 0.0 0.0 0.01294216671 0.0150783406 0.01528312979 0.01243118192 0.01318244284 0.01213991693 0.01157721721 0.01272516123 0.01061424324 0.01214460445 0.01097229421 0.01198009109 0.01480726651 0.01315447315 0.01231852491 0.01212111975 0.0142191644 0.01036945696 0.01528150803 0.01182483621 0.01206143162 0.01229081361 0.01273062966 0.01377718184 0.01491274363 0.789947622873 0.01277578406 0.0 0.0 0.0 0.0 0.0 0.0 0.0 0.0 0.0 0.0 0.0 0.0 0.0 0.0 0.0 0.0 0.0 0.0 0.0 0.0 0.0 0.0 0.0 0.0 0.0 0.0 0.0 0.0 0.0 0.0 0.0 0.0 0.0 0.0 0.0 0.0 0.0 0.0 0.0 0.0 0.0 0.0 0.0 0.0 0.0 0.0 0.0 0.0
0.0 0.0 0.0 0.0 0.0 0.0 0.0 0.0 0.0 0.0 0.0 0.0 0.0 0.0 0.0 0.0 0.0 0.0 0.0 0.0 0.0 0.0 0.0 0.0 0.0 0.0 0.01313504563 0.01281626304 0.01277763791 0.01320850217 0.01311180332 0.01319850169 0.01323709406 0.01314813927 0.01325082124 0.01323962601 0.01327616328 0.0132282876 0.01286812248 0.01310680963 0.01319981018 0.01322977057 0.0129631326 0.0132966734 0.0127906868 0.01323592371 0.01322544381 0.01321583236 0.01315080711 0.01302271463 0.01285297412 0.01277578406 0.586479811201 0.0 0.0 0.0 0.0 0.0 0.0 0.0 0.0 0.0 0.0 0.0 0.0 0.0 0.0 0.0 0.0 0.0 0.0 0.0 0.0 0.0 0.0 0.0 0.0 0.0 0.0 0.0 0.0 0.0 0.0 0.0 0.0 0.0 0.0 0.0 0.0 0.0 0.0 0.0 0.0 0.0 0.0 0.0 0.0 0.0 0.0 0.0 0.0
0.0 0.0 0.0 0.0 0.0 0.0 0.0 0.0 0.0 0.0 0.0 0.0 0.0 0.0 0.0 0.0 0.0 0.0 0.0 0.0 0.0 0.0 0.0 0.0 0.0 0.0 0.0 0.0 0.0 0.0 0.0 0.0 0.0 0.0 0.0 0.0 0.0 0.0 0.0 0.0 0.0 0.0 0.0 0.0 0.0 0.0 0.0 0.0 0.0 0.0 0.0 0.0 0.0 0.157365694071 0.004417740983 0.004516772814 0.004510359107 0.004465986006 0.004687361065 0.004449406443 0.004421338067 0.004645598991 0.004631882262 0.004563359308 0.004536707383 0.004399514007 0.004766765683 0.004492497539 0.004544525449 0.004654778765 0.004590273915 0.004613006404 0.004707916409 0.004292144525 0.00443343502 0.004410754602 0.004679501853 0.004590176358 0.004656832338 0.004351863167 0.004484246914 0.004362455025 0.004637131131 0.0 0.0 0.0 0.0 0.0 0.0 0.0 0.0 0.0 0.0 0.0 0.0 0.0 0.0 0.0 0.0 0.0 0.0
0.0 0.0 0.0 0.0 0.0 0.0 0.0 0.0 0.0 0.0 0.0 0.0 0.0 0.0 0.0 0.0 0.0 0.0 0.0 0.0 0.0 0.0 0.0 0.0 0.0 0.0 0.0 0.0 0.0 0.0 0.0 0.0 0.0 0.0 0.0 0.0 0.0 0.0 0.0 0.0 0.0 0.0 0.0 0.0 0.0 0.0 0.0 0.0 0.0 0.0 0.0 0.0 0.0 0.004417740983 0.687146813432 0.004500297927 0.00451726904 0.004555181505 0.004337967303 0.00456152755 0.004587466187 0.004324153481 0.00441601219 0.00448094477 0.004501510669 0.00459146636 0.004228789557 0.004539056067 0.004487404967 0.004311200459 0.004416212412 0.004404737571 0.004302271509 0.004711096342 0.004571686689 0.004593291219 0.004385501268 0.004567307308 0.00438280444 0.004650676193 0.004536128936 0.004662310168 0.004360681491 0.0 0.0 0.0 0.0 0.0 0.0 0.0 0.0 0.0 0.0 0.0 0.0 0.0 0.0 0.0 0.0 0.0 0.0
0.0 0.0 0.0 0.0 0.0 0.0 0.0 0.0 0.0 0.0 0.0 0.0 0.0 0.0 0.0 0.0 0.0 0.0 0.0 0.0 0.0 0.0 0.0 0.0 0.0 0.0 0.0 0.0 0.0 0.0 0.0 0.0 0.0 0.0 0.0 0.0 0.0 0.0 0.0 0.0 0.0 0.0 0.0 0.0 0.0 0.0 0.0 0.0 0.0 0.0 0.0 0.0 0.0 0.004516772814 0.004500297927 0.304719603773 0.004523666358 0.004520407116 0.004513641201 0.004507211257 0.004512060035 0.004521537595 0.004529067828 0.004509502793 0.004528796963 0.004507950624 0.004489120598 0.004514610905 0.004529755616 0.00451753815 0.004528492818 0.004522704356 0.004502564511 0.004492654733 0.004514894245 0.004513063381 0.004506446454 0.004495545194 0.00451420234 0.004486116789 0.00452879947 0.004501580475 0.004512190707 0.0 0.0 0.0 0.0 0.0 0.0 0.0 0.0 0.0 0.0 0.0 0.0 0.0 0.0 0.0 0.0 0.0 0.0
0.0 0.0 0.0 0.0 0.0 0.0 0.0 0.0 0.0 0.0 0.0 0.0 0.0 0.0 0.0 0.0 0.0 0.0 0.0 0.0 0.0 0.0 0.0 0.0 0.0 0.0 0.0 0.0 0.0 0.0 0.0 0.0 0.0 0.0 0.0 0.0 0.0 0.0 0.0 0.0 0.0 0.0 0.0 0.0 0.0 0.0 0.0 0.0 0.0 0.0 0.0 0.0 0.0 0.004510359107 0.00451726904 0.004523666358 0.214174594216 0.004529494679 0.004499319591 0.004487114411 0.004500110589 0.004453992365 0.004498388937 0.004523857081 0.004520849347 0.00451103038 0.004452971604 0.004513738071 0.00451390457 0.004451144359 0.004487983334 0.004491372711 0.004482357172 0.00448938337 0.004510460526 0.004513686375 0.004502736475 0.004450784852 0.004495583077 0.004509490145 0.004520879001 0.004511718279 0.004466262911 0.0 0.0 0.0 0.0 0.0 0.0 0.0 0.0 0.0 0.0 0.0 0.0 0.0 0.0 0.0 0.0 0.0 0.0
0.0 0.0 0.0 0.0 0.0 0.0 0.0 0.0 0.0 0.0 0.0 0.0 0.0 0.0 0.0 0.0 0.0 0.0 0.0 0.0 0.0 0.0 0.0 0.0 0.0 0.0 0.0 0.0 0.0 0.0 0.0 0.0 0.0 0.0 0.0 0.0 0.0 0.0 0.0 0.0 0.0 0.0 0.0 0.0 0.0 0.0 0.0 0.0 0.0 0.0 0.0 0.0 0.0 0.004465986006 0.004555181505 0.004520407116 0.004529494679 0.259247956912 0.004406716362 0.004531713816 0.004556092918 0.004380786528 0.004460518694 0.004493309542 0.004517616692 0.004568284401 0.004329959476 0.004535061597 0.004508108462 0.004380169307 0.004455141552 0.004450546631 0.004384538033 0.004627095535 0.004550359213 0.004561794199 0.004441284115 0.004414824067 0.004439367981 0.004588929239 0.004540586887 0.004602969668 0.004408750438 0.0 0.0 0.0 0.0 0.0 0.0 0.0 0.0 0.0 0.0 0.0 0.0 0.0 0.0 0.0 0.0 0.0 0.0
