82 82
2.66361037024 0.007997249599 0.007914627802 0.007003154429 0.006687889894 0.006761333836 0.008211654972 0.006572442603 0.006016150745 0.006149195636 0.005569749946 0.006024518761 0.006084084701 0.006246591288 0.006279464393 0.005549356574 0.006021167006 0.008742978974 0.005905631678 0.007711634952 0.006212697381 0.0 0.0 0.0 0.0 0.0 0.0 0.0 0.0 0.0 0.0 0.0 0.0 0.0 0.0 0.0 0.0 0.0 0.0 0.0 0.0 0.0 0.0 0.0 0.0 0.0 0.0 0.0 0.0 0.0 0.0 0.0 0.0 0.0 0.0 0.0 0.0 0.0 0.0 0.0 0.0 0.0 0.0 0.0 0.0 0.0 0.0 0.0 0.0 0.0 0.0 0.0 0.0 0.0 0.0 0.0 0.0 0.0 0.0 0.0 0.0 0.0
0.007997249599 0.882921292052 0.007642087356 0.006884158985 0.006634408021 0.006676376103 0.007846980668 0.006539491625 0.006059042538 0.006141223676 0.00564627936 0.006056313117 0.006075630061 0.006254008089 0.006283224338 0.005614779473 0.00606572683 0.008279701286 0.005925676171 0.007431769418 0.006174552 0.0 0.0 0.0 0.0 0.0 0.0 0.0 0.0 0.0 0.0 0.0 0.0 0.0 0.0 0.0 0.0 0.0 0.0 0.0 0.0 0.0 0.0 0.0 0.0 0.0 0.0 0.0 0.0 0.0 0.0 0.0 0.0 0.0 0.0 0.0 0.0 0.0 0.0 0.0 0.0 0.0 0.0 0.0 0.0 0.0 0.0 0.0 0.0 0.0 0.0 0.0 0.0 0.0 0.0 0.0 0.0 0.0 0.0 0.0 0.0 0.0
0.007914627802 0.007642087356 0.825176805835 0.006891369785 0.006644124319 0.006692731713 0.007814263702 0.006541401321 0.006061506486 0.006141198091 0.005643933127 0.006072347863 0.006092233207 0.006268087919 0.006291307138 0.005636075509 0.006066367136 0.008274524086 0.005948108461 0.007452897109 0.006193522101 0.0 0.0 0.0 0.0 0.0 0.0 0.0 0.0 0.0 0.0 0.0 0.0 0.0 0.0 0.0 0.0 0.0 0.0 0.0 0.0 0.0 0.0 0.0 0.0 0.0 0.0 0.0 0.0 0.0 0.0 0.0 0.0 0.0 0.0 0.0 0.0 0.0 0.0 0.0 0.0 0.0 0.0 0.0 0.0 0.0 0.0 0.0 0.0 0.0 0.0 0.0 0.0 0.0 0.0 0.0 0.0 0.0 0.0 0.0 0.0 0.0
0.007003154429 0.006884158985 0.006891369785 0.673222469904 0.006465921728 0.006501085314 0.006991493688 0.006386116599 0.006090468867 0.00614763025 0.005832297247 0.00610400247 0.006118761509 0.00623501889 0.006241780471 0.005821995009 0.006102963639 0.007318481144 0.00602501624 0.006871037682 0.006186045612 0.0 0.0 0.0 0.0 0.0 0.0 0.0 0.0 0.0 0.0 0.0 0.0 0.0 0.0 0.0 0.0 0.0 0.0 0.0 0.0 0.0 0.0 0.0 0.0 0.0 0.0 0.0 0.0 0.0 0.0 0.0 0.0 0.0 0.0 0.0 0.0 0.0 0.0 0.0 0.0 0.0 0.0 0.0 0.0 0.0 0.0 0.0 0.0 0.0 0.0 0.0 0.0 0.0 0.0 0.0 0.0 0.0 0.0 0.0 0.0 0.0
0.006687889894 0.006634408021 0.006644124319 0.006465921728 0.377490318593 0.006431035341 0.006703979092 0.006343796873 0.006137792041 0.006176866587 0.005916770456 0.006155364401 0.006143642036 0.006264807666 0.006245993385 0.005899033892 0.006151803282 0.006910294988 0.006064648888 0.006635744387 0.0061752017 0.0 0.0 0.0 0.0 0.0 0.0 0.0 0.0 0.0 0.0 0.0 0.0 0.0 0.0 0.0 0.0 0.0 0.0 0.0 0.0 0.0 0.0 0.0 0.0 0.0 0.0 0.0 0.0 0.0 0.0 0.0 0.0 0.0 0.0 0.0 0.0 0.0 0.0 0.0 0.0 0.0 0.0 0.0 0.0 0.0 0.0 0.0 0.0 0.0 0.0 0.0 0.0 0.0 0.0 0.0 0.0 0.0 0.0 0.0 0.0 0.0
0.006761333836 0.006676376103 0.006692731713 0.006501085314 0.006431035341 0.359031127276 0.00677520149 0.006349375831 0.006131340215 0.006172357098 0.005902482098 0.006155257371 0.006156252351 0.006265172148 0.006246338317 0.005908226197 0.006145352448 0.007029863788 0.006082029011 0.006704695556 0.006195831281 0.0 0.0 0.0 0.0 0.0 0.0 0.0 0.0 0.0 0.0 0.0 0.0 0.0 0.0 0.0 0.0 0.0 0.0 0.0 0.0 0.0 0.0 0.0 0.0 0.0 0.0 0.0 0.0 0.0 0.0 0.0 0.0 0.0 0.0 0.0 0.0 0.0 0.0 0.0 0.0 0.0 0.0 0.0 0.0 0.0 0.0 0.0 0.0 0.0 0.0 0.0 0.0 0.0 0.0 0.0 0.0 0.0 0.0 0.0 0.0 0.0
0.008211654972 0.007846980668 0.007814263702 0.006991493688 0.006703979092 0.00677520149 0.633457622128 0.00657699473 0.006049847479 0.006151987881 0.00559243772 0.006069533419 0.006119096106 0.006282406525 0.006301871792 0.005609312625 0.006053371029 0.00862492063 0.005960682686 0.007660984055 0.006241639304 0.0 0.0 0.0 0.0 0.0 0.0 0.0 0.0 0.0 0.0 0.0 0.0 0.0 0.0 0.0 0.0 0.0 0.0 0.0 0.0 0.0 0.0 0.0 0.0 0.0 0.0 0.0 0.0 0.0 0.0 0.0 0.0 0.0 0.0 0.0 0.0 0.0 0.0 0.0 0.0 0.0 0.0 0.0 0.0 0.0 0.0 0.0 0.0 0.0 0.0 0.0 0.0 0.0 0.0 0.0 0.0 0.0 0.0 0.0 0.0 0.0
0.006572442603 0.006539491625 0.006541401321 0.006386116599 0.006343796873 0.006349375831 0.00657699473 0.768808031734 0.006117278188 0.006160867477 0.005945643424 0.006116874727 0.006110157436 0.006209517068 0.006210927827 0.00587931853 0.006127190139 0.006689200594 0.006026740501 0.00651564105 0.006131476007 0.0 0.0 0.0 0.0 0.0 0.0 0.0 0.0 0.0 0.0 0.0 0.0 0.0 0.0 0.0 0.0 0.0 0.0 0.0 0.0 0.0 0.0 0.0 0.0 0.0 0.0 0.0 0.0 0.0 0.0 0.0 0.0 0.0 0.0 0.0 0.0 0.0 0.0 0.0 0.0 0.0 0.0 0.0 0.0 0.0 0.0 0.0 0.0 0.0 0.0 0.0 0.0 0.0 0.0 0.0 0.0 0.0 0.0 0.0 0.0 0.0
0.006016150745 0.006059042538 0.006061506486 0.006090468867 0.006137792041 0.006131340215 0.006049847479 0.006117278188 0.274676005315 0.006127593178 0.006192259414 0.006237416415 0.006171154225 0.006186473752 0.006159147178 0.00624781732 0.006211170446 0.006068317144 0.006245926 0.006043889049 0.006152476989 0.0 0.0 0.0 0.0 0.0 0.0 0.0 0.0 0.0 0.0 0.0 0.0 0.0 0.0 0.0 0.0 0.0 0.0 0.0 0.0 0.0 0.0 0.0 0.0 0.0 0.0 0.0 0.0 0.0 0.0 0.0 0.0 0.0 0.0 0.0 0.0 0.0 0.0 0.0 0.0 0.0 0.0 0.0 0.0 0.0 0.0 0.0 0.0 0.0 0.0 0.0 0.0 0.0 0.0 0.0 0.0 0.0 0.0 0.0 0.0 0.0
0.006149195636 0.006141223676 0.006141198091 0.00614763025 0.006176866587 0.006172357098 0.006151987881 0.006160867477 0.006127593178 0.250989250747 0.006084570715 0.006136663377 0.006122487598 0.006163150575 0.006146077626 0.006038648654 0.006124961372 0.006138533551 0.006074664586 0.006179404584 0.006128606292 0.0 0.0 0.0 0.0 0.0 0.0 0.0 0.0 0.0 0.0 0.0 0.0 0.0 0.0 0.0 0.0 0.0 0.0 0.0 0.0 0.0 0.0 0.0 0.0 0.0 0.0 0.0 0.0 0.0 0.0 0.0 0.0 0.0 0.0 0.0 0.0 0.0 0.0 0.0 0.0 0.0 0.0 0.0 0.0 0.0 0.0 0.0 0.0 0.0 0.0 0.0 0.0 0.0 0.0 0.0 0.0 0.0 0.0 0.0 0.0 0.0
0.005569749946 0.00564627936 0.005643933127 0.005832297247 0.005916770456 0.005902482098 0.00559243772 0.005945643424 0.006192259414 0.006084570715 0.290057607102 0.006191402222 0.006159040023 0.006070945439 0.00605376369 0.006410387476 0.006171833798 0.005463288833 0.006275480161 0.005652860186 0.006105431775 0.0 0.0 0.0 0.0 0.0 0.0 0.0 0.0 0.0 0.0 0.0 0.0 0.0 0.0 0.0 0.0 0.0 0.0 0.0 0.0 0.0 0.0 0.0 0.0 0.0 0.0 0.0 0.0 0.0 0.0 0.0 0.0 0.0 0.0 0.0 0.0 0.0 0.0 0.0 0.0 0.0 0.0 0.0 0.0 0.0 0.0 0.0 0.0 0.0 0.0 0.0 0.0 0.0 0.0 0.0 0.0 0.0 0.0 0.0 0.0 0.0
0.006024518761 0.006056313117 0.006072347863 0.00610400247 0.006155364401 0.006155257371 0.006069533419 0.006116874727 0.006237416415 0.006136663377 0.006191402222 0.268261130894 0.00620896244 0.006221531455 0.006176123146 0.006298347267 0.006220029187 0.006147495329 0.006291387313 0.006095107024 0.006185595949 0.0 0.0 0.0 0.0 0.0 0.0 0.0 0.0 0.0 0.0 0.0 0.0 0.0 0.0 0.0 0.0 0.0 0.0 0.0 0.0 0.0 0.0 0.0 0.0 0.0 0.0 0.0 0.0 0.0 0.0 0.0 0.0 0.0 0.0 0.0 0.0 0.0 0.0 0.0 0.0 0.0 0.0 0.0 0.0 0.0 0.0 0.0 0.0 0.0 0.0 0.0 0.0 0.0 0.0 0.0 0.0 0.0 0.0 0.0 0.0 0.0
0.006084084701 0.006075630061 0.006092233207 0.006118761509 0.006143642036 0.006156252351 0.006119096106 0.006110157436 0.006171154225 0.006122487598 0.006159040023 0.00620896244 0.326039683697 0.006174354401 0.006139081765 0.006285484244 0.006157964944 0.006206333032 0.006244120643 0.006148305309 0.006182798979 0.0 0.0 0.0 0.0 0.0 0.0 0.0 0.0 0.0 0.0 0.0 0.0 0.0 0.0 0.0 0.0 0.0 0.0 0.0 0.0 0.0 0.0 0.0 0.0 0.0 0.0 0.0 0.0 0.0 0.0 0.0 0.0 0.0 0.0 0.0 0.0 0.0 0.0 0.0 0.0 0.0 0.0 0.0 0.0 0.0 0.0 0.0 0.0 0.0 0.0 0.0 0.0 0.0 0.0 0.0 0.0 0.0 0.0 0.0 0.0 0.0
0.006246591288 0.006254008089 0.006268087919 0.00623501889 0.006264807666 0.006265172148 0.006282406525 0.006209517068 0.006186473752 0.006163150575 0.006070945439 0.006221531455 0.006174354401 0.342234194206 0.006209199829 0.006098559419 0.006194123076 0.006394162483 0.006172964908 0.006282909168 0.006168746189 0.0 0.0 0.0 0.0 0.0 0.0 0.0 0.0 0.0 0.0 0.0 0.0 0.0 0.0 0.0 0.0 0.0 0.0 0.0 0.0 0.0 0.0 0.0 0.0 0.0 0.0 0.0 0.0 0.0 0.0 0.0 0.0 0.0 0.0 0.0 0.0 0.0 0.0 0.0 0.0 0.0 0.0 0.0 0.0 0.0 0.0 0.0 0.0 0.0 0.0 0.0 0.0 0.0 0.0 0.0 0.0 0.0 0.0 0.0 0.0 0.0
0.006279464393 0.006283224338 0.006291307138 0.006241780471 0.006245993385 0.006246338317 0.006301871792 0.006210927827 0.006159147178 0.006146077626 0.00605376369 0.006176123146 0.006139081765 0.006209199829 0.381765840552 0.006047242412 0.006164548668 0.006389773726 0.00612888567 0.00628622049 0.006145265601 0.0 0.0 0.0 0.0 0.0 0.0 0.0 0.0 0.0 0.0 0.0 0.0 0.0 0.0 0.0 0.0 0.0 0.0 0.0 0.0 0.0 0.0 0.0 0.0 0.0 0.0 0.0 0.0 0.0 0.0 0.0 0.0 0.0 0.0 0.0 0.0 0.0 0.0 0.0 0.0 0.0 0.0 0.0 0.0 0.0 0.0 0.0 0.0 0.0 0.0 0.0 0.0 0.0 0.0 0.0 0.0 0.0 0.0 0.0 0.0 0.0
0.005549356574 0.005614779473 0.005636075509 0.005821995009 0.005899033892 0.005908226197 0.005609312625 0.00587931853 0.00624781732 0.006038648654 0.006410387476 0.006298347267 0.006285484244 0.006098559419 0.006047242412 0.402684507441 0.006194744904 0.005658735752 0.006476903334 0.005714824969 0.006188889416 0.0 0.0 0.0 0.0 0.0 0.0 0.0 0.0 0.0 0.0 0.0 0.0 0.0 0.0 0.0 0.0 0.0 0.0 0.0 0.0 0.0 0.0 0.0 0.0 0.0 0.0 0.0 0.0 0.0 0.0 0.0 0.0 0.0 0.0 0.0 0.0 0.0 0.0 0.0 0.0 0.0 0.0 0.0 0.0 0.0 0.0 0.0 0.0 0.0 0.0 0.0 0.0 0.0 0.0 0.0 0.0 0.0 0.0 0.0 0.0 0.0
0.006021167006 0.00606572683 0.006066367136 0.006102963639 0.006151803282 0.006145352448 0.006053371029 0.006127190139 0.006211170446 0.006124961372 0.006171833798 0.006220029187 0.006157964944 0.006194123076 0.006164548668 0.006194744904 0.344929988055 0.006072086819 0.006233015436 0.006035760456 0.006139966082 0.0 0.0 0.0 0.0 0.0 0.0 0.0 0.0 0.0 0.0 0.0 0.0 0.0 0.0 0.0 0.0 0.0 0.0 0.0 0.0 0.0 0.0 0.0 0.0 0.0 0.0 0.0 0.0 0.0 0.0 0.0 0.0 0.0 0.0 0.0 0.0 0.0 0.0 0.0 0.0 0.0 0.0 0.0 0.0 0.0 0.0 0.0 0.0 0.0 0.0 0.0 0.0 0.0 0.0 0.0 0.0 0.0 0.0 0.0 0.0 0.0
0.008742978974 0.008279701286 0.008274524086 0.007318481144 0.006910294988 0.007029863788 0.00862492063 0.006689200594 0.006068317144 0.006138533551 0.005463288833 0.006147495329 0.006206333032 0.006394162483 0.006389773726 0.005658735752 0.006072086819 0.981119665608 0.006055729873 0.008183233171 0.006359514791 0.0 0.0 0.0 0.0 0.0 0.0 0.0 0.0 0.0 0.0 0.0 0.0 0.0 0.0 0.0 0.0 0.0 0.0 0.0 0.0 0.0 0.0 0.0 0.0 0.0 0.0 0.0 0.0 0.0 0.0 0.0 0.0 0.0 0.0 0.0 0.0 0.0 0.0 0.0 0.0 0.0 0.0 0.0 0.0 0.0 0.0 0.0 0.0 0.0 0.0 0.0 0.0 0.0 0.0 0.0 0.0 0.0 0.0 0.0 0.0 0.0
0.005905631678 0.005925676171 0.005948108461 0.00602501624 0.006064648888 0.006082029011 0.005960682686 0.006026740501 0.006245926 0.006074664586 0.006275480161 0.006291387313 0.006244120643 0.006172964908 0.00612888567 0.006476903334 0.006233015436 0.006055729873 0.389759467053 0.005970014789 0.006208530867 0.0 0.0 0.0 0.0 0.0 0.0 0.0 0.0 0.0 0.0 0.0 0.0 0.0 0.0 0.0 0.0 0.0 0.0 0.0 0.0 0.0 0.0 0.0 0.0 0.0 0.0 0.0 0.0 0.0 0.0 0.0 0.0 0.0 0.0 0.0 0.0 0.0 0.0 0.0 0.0 0.0 0.0 0.0 0.0 0.0 0.0 0.0 0.0 0.0 0.0 0.0 0.0 0.0 0.0 0.0 0.0 0.0 0.0 0.0 0.0 0.0
0.007711634952 0.007431769418 0.007452897109 0.006871037682 0.006635744387 0.006704695556 0.007660984055 0.00651564105 0.006043889049 0.006179404584 0.005652860186 0.006095107024 0.006148305309 0.006282909168 0.00628622049 0.005714824969 0.006035760456 0.008183233171 0.005970014789 0.941479037701 0.006250049357 0.0 0.0 0.0 0.0 0.0 0.0 0.0 0.0 0.0 0.0 0.0 0.0 0.0 0.0 0.0 0.0 0.0 0.0 0.0 0.0 0.0 0.0 0.0 0.0 0.0 0.0 0.0 0.0 0.0 0.0 0.0 0.0 0.0 0.0 0.0 0.0 0.0 0.0 0.0 0.0 0.0 0.0 0.0 0.0 0.0 0.0 0.0 0.0 0.0 0.0 0.0 0.0 0.0 0.0 0.0 0.0 0.0 0.0 0.0 0.0 0.0
0.006212697381 0.006174552 0.006193522101 0.006186045612 0.0061752017 0.006195831281 0.006241639304 0.006131476007 0.006152476989 0.006128606292 0.006105431775 0.006185595949 0.006182798979 0.006168746189 0.006145265601 0.006188889416 0.006139966082 0.006359514791 0.006208530867 0.006250049357 0.371605500509 0.0 0.0 0.0 0.0 0.0 0.0 0.0 0.0 0.0 0.0 0.0 0.0 0.0 0.0 0.0 0.0 0.0 0.0 0.0 0.0 0.0 0.0 0.0 0.0 0.0 0.0 0.0 0.0 0.0 0.0 0.0 0.0 0.0 0.0 0.0 0.0 0.0 0.0 0.0 0.0 0.0 0.0 0.0 0.0 0.0 0.0 0.0 0.0 0.0 0.0 0.0 0.0 0.0 0.0 0.0 0.0 0.0 0.0 0.0 0.0 0.0
0.0 0.0 0.0 0.0 0.0 0.0 0.0 0.0 0.0 0.0 0.0 0.0 0.0 0.0 0.0 0.0 0.0 0.0 0.0 0.0 0.0 0.399554506069 0.003678505013 0.003706225791 0.003853657537 0.003499980094 0.003720686871 0.003601628192 0.003634423007 0.003545580094 0.003355932053 0.003873478765 0.00355190688 0.003205881327 0.003276026236 0.003324683155 0.003022508149 0.003408455914 0.003240398623 0.00317241716 0.003290815357 0.003138090297 0.00379591981 0.003407485899 0.003458737504 0.003273553162 0.0 0.0 0.0 0.0 0.0 0.0 0.0 0.0 0.0 0.0 0.0 0.0 0.0 0.0 0.0 0.0 0.0 0.0 0.0 0.0 0.0 0.0 0.0 0.0 0.0 0.0 0.0 0.0 0.0 0.0 0.0 0.0 0.0 0.0 0.0 0.0
0.0 0.0 0.0 0.0 0.0 0.0 0.0 0.0 0.0 0.0 0.0 0.0 0.0 0.0 0.0 0.0 0.0 0.0 0.0 0.0 0.0 0.003678505013 5.44136047885 0.003985890299 0.004323201184 0.003572210468 0.004011841422 0.003750616846 0.003835625456 0.003646078491 0.003324296963 0.004293978239 0.003676615517 0.003083697799 0.003195113903 0.003281338614 0.002821751549 0.003420749677 0.003156191484 0.003037055672 0.003226876575 0.002993220206 0.004174398185 0.003416391872 0.003514903075 0.003199216168 0.0 0.0 0.0 0.0 0.0 0.0 0.0 0.0 0.0 0.0 0.0 0.0 0.0 0.0 0.0 0.0 0.0 0.0 0.0 0.0 0.0 0.0 0.0 0.0 0.0 0.0 0.0 0.0 0.0 0.0 0.0 0.0 0.0 0.0 0.0 0.0
0.0 0.0 0.0 0.0 0.0 0.0 0.0 0.0 0.0 0.0 0.0 0.0 0.0 0.0 0.0 0.0 0.0 0.0 0.0 0.0 0.0 0.003706225791 0.003985890299 0.415404320633 0.004430581708 0.003597271594 0.004069635137 0.003790416755 0.003875558132 0.003675767015 0.003312181344 0.004490693175 0.003701423038 0.003040736663 0.003170780769 0.003260702923 0.002763824223 0.003421615195 0.003120491453 0.00300029161 0.003210315465 0.002944036556 0.004273994757 0.003413100834 0.003547459531 0.003176333721 0.0 0.0 0.0 0.0 0.0 0.0 0.0 0.0 0.0 0.0 0.0 0.0 0.0 0.0 0.0 0.0 0.0 0.0 0.0 0.0 0.0 0.0 0.0 0.0 0.0 0.0 0.0 0.0 0.0 0.0 0.0 0.0 0.0 0.0 0.0 0.0
0.0 0.0 0.0 0.0 0.0 0.0 0.0 0.0 0.0 0.0 0.0 0.0 0.0 0.0 0.0 0.0 0.0 0.0 0.0 0.0 0.0 0.003853657537 0.004323201184 0.004430581708 1.15275268028 0.003654070175 0.004481260259 0.003989006635 0.004133787325 0.003798727682 0.00326151105 0.005324338273 0.003849429848 0.002869956332 0.003056806612 0.003189527839 0.002516671003 0.003418868163 0.002988435991 0.002818220956 0.003118524529 0.002747550179 0.004840333455 0.003410741489 0.003635327126 0.003066690395 0.0 0.0 0.0 0.0 0.0 0.0 0.0 0.0 0.0 0.0 0.0 0.0 0.0 0.0 0.0 0.0 0.0 0.0 0.0 0.0 0.0 0.0 0.0 0.0 0.0 0.0 0.0 0.0 0.0 0.0 0.0 0.0 0.0 0.0 0.0 0.0
0.0 0.0 0.0 0.0 0.0 0.0 0.0 0.0 0.0 0.0 0.0 0.0 0.0 0.0 0.0 0.0 0.0 0.0 0.0 0.0 0.0 0.003499980094 0.003572210468 0.003597271594 0.003654070175 5.72932161797 0.003606076647 0.003533953543 0.003553963929 0.00351056582 0.003378207788 0.003688394966 0.003506147611 0.003275453371 0.00332371332 0.0033482768 0.003130889227 0.003401202736 0.003296093586 0.003246239002 0.003317507849 0.00321575627 0.003606477729 0.003392077761 0.003445017806 0.003322091546 0.0 0.0 0.0 0.0 0.0 0.0 0.0 0.0 0.0 0.0 0.0 0.0 0.0 0.0 0.0 0.0 0.0 0.0 0.0 0.0 0.0 0.0 0.0 0.0 0.0 0.0 0.0 0.0 0.0 0.0 0.0 0.0 0.0 0.0 0.0 0.0
0.0 0.0 0.0 0.0 0.0 0.0 0.0 0.0 0.0 0.0 0.0 0.0 0.0 0.0 0.0 0.0 0.0 0.0 0.0 0.0 0.0 0.003720686871 0.004011841422 0.004069635137 0.004481260259 0.003606076647 0.913205383065 0.003809161785 0.003891500317 0.003681845595 0.003303304671 0.004528215026 0.003708941518 0.003024162977 0.003156996104 0.003257353904 0.002734387043 0.003413509882 0.003100850834 0.002979533406 0.00319843441 0.002919348761 0.004299290258 0.003411206114 0.003545857608 0.00315866787 0.0 0.0 0.0 0.0 0.0 0.0 0.0 0.0 0.0 0.0 0.0 0.0 0.0 0.0 0.0 0.0 0.0 0.0 0.0 0.0 0.0 0.0 0.0 0.0 0.0 0.0 0.0 0.0 0.0 0.0 0.0 0.0 0.0 0.0 0.0 0.0
0.0 0.0 0.0 0.0 0.0 0.0 0.0 0.0 0.0 0.0 0.0 0.0 0.0 0.0 0.0 0.0 0.0 0.0 0.0 0.0 0.0 0.003601628192 0.003750616846 0.003790416755 0.003989006635 0.003533953543 0.003809161785 0.402303974154 0.003697335994 0.003579599823 0.003357385011 0.004010873564 0.003586973764 0.003182315659 0.00325801719 0.003309881773 0.002977931163 0.003412577401 0.003222304108 0.003147189314 0.003273509996 0.003105061463 0.003907195381 0.003411141837 0.003481297016 0.003257471051 0.0 0.0 0.0 0.0 0.0 0.0 0.0 0.0 0.0 0.0 0.0 0.0 0.0 0.0 0.0 0.0 0.0 0.0 0.0 0.0 0.0 0.0 0.0 0.0 0.0 0.0 0.0 0.0 0.0 0.0 0.0 0.0 0.0 0.0 0.0 0.0
0.0 0.0 0.0 0.0 0.0 0.0 0.0 0.0 0.0 0.0 0.0 0.0 0.0 0.0 0.0 0.0 0.0 0.0 0.0 0.0 0.0 0.003634423007 0.003835625456 0.003875558132 0.004133787325 0.003553963929 0.003891500317 0.003697335994 0.423865567879 0.003606976578 0.003338839088 0.004171594603 0.003624881962 0.003127937931 0.003225901043 0.003296207237 0.002896393665 0.003411922641 0.003181725956 0.003088771842 0.003253429706 0.003042579731 0.004026967763 0.003414443383 0.003502812646 0.003224453758 0.0 0.0 0.0 0.0 0.0 0.0 0.0 0.0 0.0 0.0 0.0 0.0 0.0 0.0 0.0 0.0 0.0 0.0 0.0 0.0 0.0 0.0 0.0 0.0 0.0 0.0 0.0 0.0 0.0 0.0 0.0 0.0 0.0 0.0 0.0 0.0
0.0 0.0 0.0 0.0 0.0 0.0 0.0 0.0 0.0 0.0 0.0 0.0 0.0 0.0 0.0 0.0 0.0 0.0 0.0 0.0 0.0 0.003545580094 0.003646078491 0.003675767015 0.003798727682 0.00351056582 0.003681845595 0.003579599823 0.003606976578 0.462664478385 0.003359133508 0.003814956464 0.003539770179 0.003222600668 0.003289669021 0.003324564402 0.003058102638 0.003413456186 0.003261157545 0.003194834314 0.003297838803 0.003164543298 0.003755470883 0.003403661712 0.00345398311 0.003290057593 0.0 0.0 0.0 0.0 0.0 0.0 0.0 0.0 0.0 0.0 0.0 0.0 0.0 0.0 0.0 0.0 0.0 0.0 0.0 0.0 0.0 0.0 0.0 0.0 0.0 0.0 0.0 0.0 0.0 0.0 0.0 0.0 0.0 0.0 0.0 0.0
0.0 0.0 0.0 0.0 0.0 0.0 0.0 0.0 0.0 0.0 0.0 0.0 0.0 0.0 0.0 0.0 0.0 0.0 0.0 0.0 0.0 0.003355932053 0.003324296963 0.003312181344 0.00326151105 0.003378207788 0.003303304671 0.003357385011 0.003338839088 0.003359133508 0.161026688816 0.003252858164 0.003346334979 0.003465548912 0.003430496952 0.003392010194 0.003492696208 0.003381384135 0.003443063845 0.003464883914 0.003407528135 0.00346408934 0.003289124572 0.00338730505 0.003369555128 0.003426984402 0.0 0.0 0.0 0.0 0.0 0.0 0.0 0.0 0.0 0.0 0.0 0.0 0.0 0.0 0.0 0.0 0.0 0.0 0.0 0.0 0.0 0.0 0.0 0.0 0.0 0.0 0.0 0.0 0.0 0.0 0.0 0.0 0.0 0.0 0.0 0.0
0.0 0.0 0.0 0.0 0.0 0.0 0.0 0.0 0.0 0.0 0.0 0.0 0.0 0.0 0.0 0.0 0.0 0.0 0.0 0.0 0.0 0.003873478765 0.004293978239 0.004490693175 0.005324338273 0.003688394966 0.004528215026 0.004010873564 0.004171594603 0.003814956464 0.003252858164 2.46282106545 0.003879760818 0.002837355155 0.003043766037 0.003178697909 0.002475754524 0.00342591113 0.002970174418 0.002782190102 0.003108668275 0.00271206937 0.004953189988 0.003411691534 0.003666533723 0.003053375023 0.0 0.0 0.0 0.0 0.0 0.0 0.0 0.0 0.0 0.0 0.0 0.0 0.0 0.0 0.0 0.0 0.0 0.0 0.0 0.0 0.0 0.0 0.0 0.0 0.0 0.0 0.0 0.0 0.0 0.0 0.0 0.0 0.0 0.0 0.0 0.0
0.0 0.0 0.0 0.0 0.0 0.0 0.0 0.0 0.0 0.0 0.0 0.0 0.0 0.0 0.0 0.0 0.0 0.0 0.0 0.0 0.0 0.00355190688 0.003676615517 0.003701423038 0.003849429848 0.003506147611 0.003708941518 0.003586973764 0.003624881962 0.003539770179 0.003346334979 0.003879760818 0.312422896289 0.003197263591 0.00327321886 0.003321696489 0.003023666091 0.00340981646 0.003240640118 0.003168562753 0.003291084096 0.00313700623 0.003794984189 0.003403659175 0.003459591233 0.003274360543 0.0 0.0 0.0 0.0 0.0 0.0 0.0 0.0 0.0 0.0 0.0 0.0 0.0 0.0 0.0 0.0 0.0 0.0 0.0 0.0 0.0 0.0 0.0 0.0 0.0 0.0 0.0 0.0 0.0 0.0 0.0 0.0 0.0 0.0 0.0 0.0
0.0 0.0 0.0 0.0 0.0 0.0 0.0 0.0 0.0 0.0 0.0 0.0 0.0 0.0 0.0 0.0 0.0 0.0 0.0 0.0 0.0 0.003205881327 0.003083697799 0.003040736663 0.002869956332 0.003275453371 0.003024162977 0.003182315659 0.003127937931 0.003222600668 0.003465548912 0.002837355155 0.003197263591 0.25924996932 0.003524194727 0.00342711715 0.003839317864 0.003351492244 0.003578476679 0.003672199135 0.00347763282 0.003698388237 0.002942678627 0.003353924541 0.003302188806 0.003520752468 0.0 0.0 0.0 0.0 0.0 0.0 0.0 0.0 0.0 0.0 0.0 0.0 0.0 0.0 0.0 0.0 0.0 0.0 0.0 0.0 0.0 0.0 0.0 0.0 0.0 0.0 0.0 0.0 0.0 0.0 0.0 0.0 0.0 0.0 0.0 0.0
0.0 0.0 0.0 0.0 0.0 0.0 0.0 0.0 0.0 0.0 0.0 0.0 0.0 0.0 0.0 0.0 0.0 0.0 0.0 0.0 0.0 0.003276026236 0.003195113903 0.003170780769 0.003056806612 0.00332371332 0.003156996104 0.00325801719 0.003225901043 0.003289669021 0.003430496952 0.003043766037 0.00327321886 0.003524194727 0.23946152729 0.003403020831 0.003625096243 0.003370957739 0.003497057491 0.003539618035 0.003433332046 0.003553050672 0.003112807947 0.003364199695 0.003335263313 0.003466666985 0.0 0.0 0.0 0.0 0.0 0.0 0.0 0.0 0.0 0.0 0.0 0.0 0.0 0.0 0.0 0.0 0.0 0.0 0.0 0.0 0.0 0.0 0.0 0.0 0.0 0.0 0.0 0.0 0.0 0.0 0.0 0.0 0.0 0.0 0.0 0.0
0.0 0.0 0.0 0.0 0.0 0.0 0.0 0.0 0.0 0.0 0.0 0.0 0.0 0.0 0.0 0.0 0.0 0.0 0.0 0.0 0.0 0.003324683155 0.003281338614 0.003260702923 0.003189527839 0.0033482768 0.003257353904 0.003309881773 0.003296207237 0.003324564402 0.003392010194 0.003178697909 0.003321696489 0.00342711715 0.003403020831 0.293127965811 0.003436262657 0.003363915693 0.003401811019 0.003422433809 0.003411029226 0.003429310387 0.003218738161 0.003383055419 0.003341897484 0.00340363188 0.0 0.0 0.0 0.0 0.0 0.0 0.0 0.0 0.0 0.0 0.0 0.0 0.0 0.0 0.0 0.0 0.0 0.0 0.0 0.0 0.0 0.0 0.0 0.0 0.0 0.0 0.0 0.0 0.0 0.0 0.0 0.0 0.0 0.0 0.0 0.0
0.0 0.0 0.0 0.0 0.0 0.0 0.0 0.0 0.0 0.0 0.0 0.0 0.0 0.0 0.0 0.0 0.0 0.0 0.0 0.0 0.0 0.003022508149 0.002821751549 0.002763824223 0.002516671003 0.003130889227 0.002734387043 0.002977931163 0.002896393665 0.003058102638 0.003492696208 0.002475754524 0.003023666091 0.003839317864 0.003625096243 0.003436262657 0.11417827207 0.003311746212 0.003761986703 0.003945809361 0.003546542168 0.004012652585 0.002619992544 0.003290995468 0.003241704004 0.003631903372 0.0 0.0 0.0 0.0 0.0 0.0 0.0 0.0 0.0 0.0 0.0 0.0 0.0 0.0 0.0 0.0 0.0 0.0 0.0 0.0 0.0 0.0 0.0 0.0 0.0 0.0 0.0 0.0 0.0 0.0 0.0 0.0 0.0 0.0 0.0 0.0
0.0 0.0 0.0 0.0 0.0 0.0 0.0 0.0 0.0 0.0 0.0 0.0 0.0 0.0 0.0 0.0 0.0 0.0 0.0 0.0 0.0 0.003408455914 0.003420749677 0.003421615195 0.003418868163 0.003401202736 0.003413509882 0.003412577401 0.003411922641 0.003413456186 0.003381384135 0.00342591113 0.00340981646 0.003351492244 0.003370957739 0.003363915693 0.003311746212 0.214527890008 0.003367167441 0.003346058111 0.003363338162 0.003340495478 0.003429342284 0.00338494196 0.003394756065 0.00337390459 0.0 0.0 0.0 0.0 0.0 0.0 0.0 0.0 0.0 0.0 0.0 0.0 0.0 0.0 0.0 0.0 0.0 0.0 0.0 0.0 0.0 0.0 0.0 0.0 0.0 0.0 0.0 0.0 0.0 0.0 0.0 0.0 0.0 0.0 0.0 0.0
0.0 0.0 0.0 0.0 0.0 0.0 0.0 0.0 0.0 0.0 0.0 0.0 0.0 0.0 0.0 0.0 0.0 0.0 0.0 0.0 0.0 0.003240398623 0.003156191484 0.003120491453 0.002988435991 0.003296093586 0.003100850834 0.003222304108 0.003181725956 0.003261157545 0.003443063845 0.002970174418 0.003240640118 0.003578476679 0.003497057491 0.003401811019 0.003761986703 0.003367167441 0.377228896257 0.00361396242 0.003450776628 0.003636032758 0.003052085068 0.003351857628 0.003329279877 0.003499865971 0.0 0.0 0.0 0.0 0.0 0.0 0.0 0.0 0.0 0.0 0.0 0.0 0.0 0.0 0.0 0.0 0.0 0.0 0.0 0.0 0.0 0.0 0.0 0.0 0.0 0.0 0.0 0.0 0.0 0.0 0.0 0.0 0.0 0.0 0.0 0.0
0.0 0.0 0.0 0.0 0.0 0.0 0.0 0.0 0.0 0.0 0.0 0.0 0.0 0.0 0.0 0.0 0.0 0.0 0.0 0.0 0.0 0.00317241716 0.003037055672 0.00300029161 0.002818220956 0.003246239002 0.002979533406 0.003147189314 0.003088771842 0.003194834314 0.003464883914 0.002782190102 0.003168562753 0.003672199135 0.003539618035 0.003422433809 0.003945809361 0.003346058111 0.00361396242 0.201168403013 0.003484743162 0.003751588245 0.002893726638 0.003338442879 0.003294992952 0.003539004461 0.0 0.0 0.0 0.0 0.0 0.0 0.0 0.0 0.0 0.0 0.0 0.0 0.0 0.0 0.0 0.0 0.0 0.0 0.0 0.0 0.0 0.0 0.0 0.0 0.0 0.0 0.0 0.0 0.0 0.0 0.0 0.0 0.0 0.0 0.0 0.0
0.0 0.0 0.0 0.0 0.0 0.0 0.0 0.0 0.0 0.0 0.0 0.0 0.0 0.0 0.0 0.0 0.0 0.0 0.0 0.0 0.0 0.003290815357 0.003226876575 0.003210315465 0.003118524529 0.003317507849 0.00319843441 0.003273509996 0.003253429706 0.003297838803 0.003407528135 0.003108668275 0.003291084096 0.00347763282 0.003433332046 0.003411029226 0.003546542168 0.003363338162 0.003450776628 0.003484743162 0.244814560902 0.003501127604 0.00316185163 0.003374336717 0.003338551563 0.003437302988 0.0 0.0 0.0 0.0 0.0 0.0 0.0 0.0 0.0 0.0 0.0 0.0 0.0 0.0 0.0 0.0 0.0 0.0 0.0 0.0 0.0 0.0 0.0 0.0 0.0 0.0 0.0 0.0 0.0 0.0 0.0 0.0 0.0 0.0 0.0 0.0
0.0 0.0 0.0 0.0 0.0 0.0 0.0 0.0 0.0 0.0 0.0 0.0 0.0 0.0 0.0 0.0 0.0 0.0 0.0 0.0 0.0 0.003138090297 0.002993220206 0.002944036556 0.002747550179 0.00321575627 0.002919348761 0.003105061463 0.003042579731 0.003164543298 0.00346408934 0.00271206937 0.00313700623 0.003698388237 0.003553050672 0.003429310387 0.004012652585 0.003340495478 0.003636032758 0.003751588245 0.003501127604 0.419457628174 0.002831290432 0.003330262187 0.003280881506 0.00355968799 0.0 0.0 0.0 0.0 0.0 0.0 0.0 0.0 0.0 0.0 0.0 0.0 0.0 0.0 0.0 0.0 0.0 0.0 0.0 0.0 0.0 0.0 0.0 0.0 0.0 0.0 0.0 0.0 0.0 0.0 0.0 0.0 0.0 0.0 0.0 0.0
0.0 0.0 0.0 0.0 0.0 0.0 0.0 0.0 0.0 0.0 0.0 0.0 0.0 0.0 0.0 0.0 0.0 0.0 0.0 0.0 0.0 0.00379591981 0.004174398185 0.004273994757 0.004840333455 0.003606477729 0.004299290258 0.003907195381 0.004026967763 0.003755470883 0.003289124572 0.004953189988 0.003794984189 0.002942678627 0.003112807947 0.003218738161 0.002619992544 0.003429342284 0.003052085068 0.002893726638 0.00316185163 0.002831290432 0.877254711396 0.003416535569 0.003610634044 0.00312026426 0.0 0.0 0.0 0.0 0.0 0.0 0.0 0.0 0.0 0.0 0.0 0.0 0.0 0.0 0.0 0.0 0.0 0.0 0.0 0.0 0.0 0.0 0.0 0.0 0.0 0.0 0.0 0.0 0.0 0.0 0.0 0.0 0.0 0.0 0.0 0.0
0.0 0.0 0.0 0.0 0.0 0.0 0.0 0.0 0.0 0.0 0.0 0.0 0.0 0.0 0.0 0.0 0.0 0.0 0.0 0.0 0.0 0.003407485899 0.003416391872 0.003413100834 0.003410741489 0.003392077761 0.003411206114 0.003411141837 0.003414443383 0.003403661712 0.00338730505 0.003411691534 0.003403659175 0.003353924541 0.003364199695 0.003383055419 0.003290995468 0.00338494196 0.003351857628 0.003338442879 0.003374336717 0.003330262187 0.003416535569 0.545277659488 0.003386162412 0.003363502823 0.0 0.0 0.0 0.0 0.0 0.0 0.0 0.0 0.0 0.0 0.0 0.0 0.0 0.0 0.0 0.0 0.0 0.0 0.0 0.0 0.0 0.0 0.0 0.0 0.0 0.0 0.0 0.0 0.0 0.0 0.0 0.0 0.0 0.0 0.0 0.0
0.0 0.0 0.0 0.0 0.0 0.0 0.0 0.0 0.0 0.0 0.0 0.0 0.0 0.0 0.0 0.0 0.0 0.0 0.0 0.0 0.0 0.003458737504 0.003514903075 0.003547459531 0.003635327126 0.003445017806 0.003545857608 0.003481297016 0.003502812646 0.00345398311 0.003369555128 0.003666533723 0.003459591233 0.003302188806 0.003335263313 0.003341897484 0.003241704004 0.003394756065 0.003329279877 0.003294992952 0.003338551563 0.003280881506 0.003610634044 0.003386162412 0.600004968011 0.003337125263 0.0 0.0 0.0 0.0 0.0 0.0 0.0 0.0 0.0 0.0 0.0 0.0 0.0 0.0 0.0 0.0 0.0 0.0 0.0 0.0 0.0 0.0 0.0 0.0 0.0 0.0 0.0 0.0 0.0 0.0 0.0 0.0 0.0 0.0 0.0 0.0
0.0 0.0 0.0 0.0 0.0 0.0 0.0 0.0 0.0 0.0 0.0 0.0 0.0 0.0 0.0 0.0 0.0 0.0 0.0 0.0 0.0 0.003273553162 0.003199216168 0.003176333721 0.003066690395 0.003322091546 0.00315866787 0.003257471051 0.003224453758 0.003290057593 0.003426984402 0.003053375023 0.003274360543 0.003520752468 0.003466666985 0.00340363188 0.003631903372 0.00337390459 0.003499865971 0.003539004461 0.003437302988 0.00355968799 0.00312026426 0.003363502823 0.003337125263 0.34964753309 0.0 0.0 0.0 0.0 0.0 0.0 0.0 0.0 0.0 0.0 0.0 0.0 0.0 0.0 0.0 0.0 0.0 0.0 0.0 0.0 0.0 0.0 0.0 0.0 0.0 0.0 0.0 0.0 0.0 0.0 0.0 0.0 0.0 0.0 0.0 0.0
0.0 0.0 0.0 0.0 0.0 0.0 0.0 0.0 0.0 0.0 0.0 0.0 0.0 0.0 0.0 0.0 0.0 0.0 0.0 0.0 0.0 0.0 0.0 0.0 0.0 0.0 0.0 0.0 0.0 0.0 0.0 0.0 0.0 0.0 0.0 0.0 0.0 0.0 0.0 0.0 0.0 0.0 0.0 0.0 0.0 0.0 0.245119326012 0.004222385003 0.004205765746 0.00424062978 0.004210981185 0.004239247591 0.004238007478 0.004218280519 0.004233746172 0.004241928488 0.004263906918 0.004213627907 0.004234205811 0.004227209315 0.004232807992 0.004238239475 0.004194496635 0.004219675072 0.004196792779 0.004230282349 0.004223626566 0.00422642157 0.0 0.0 0.0 0.0 0.0 0.0 0.0 0.0 0.0 0.0 0.0 0.0 0.0 0.0
0.0 0.0 0.0 0.0 0.0 0.0 0.0 0.0 0.0 0.0 0.0 0.0 0.0 0.0 0.0 0.0 0.0 0.0 0.0 0.0 0.0 0.0 0.0 0.0 0.0 0.0 0.0 0.0 0.0 0.0 0.0 0.0 0.0 0.0 0.0 0.0 0.0 0.0 0.0 0.0 0.0 0.0 0.0 0.0 0.0 0.0 0.004222385003 0.407728083924 0.004753669976 0.004558895943 0.004836233656 0.004462924836 0.004400261536 0.004086556258 0.004429530912 0.004047879201 0.004107670543 0.003901950979 0.003950453852 0.004178656683 0.003941285541 0.003916007655 0.003840162331 0.003947280877 0.004884450916 0.004133070326 0.0045274593 0.004195347897 0.0 0.0 0.0 0.0 0.0 0.0 0.0 0.0 0.0 0.0 0.0 0.0 0.0 0.0
0.0 0.0 0.0 0.0 0.0 0.0 0.0 0.0 0.0 0.0 0.0 0.0 0.0 0.0 0.0 0.0 0.0 0.0 0.0 0.0 0.0 0.0 0.0 0.0 0.0 0.0 0.0 0.0 0.0 0.0 0.0 0.0 0.0 0.0 0.0 0.0 0.0 0.0 0.0 0.0 0.0 0.0 0.0 0.0 0.0 0.0 0.004205765746 0.004753669976 0.328717586206 0.004577504445 0.004907340917 0.004468761796 0.004400272389 0.004062632088 0.004436758356 0.004013064943 0.004071771331 0.003864626936 0.003902748381 0.0041580857 0.003891916485 0.003867314396 0.003797552284 0.003906240598 0.00495778121 0.004105580167 0.004545166613 0.004175442085 0.0 0.0 0.0 0.0 0.0 0.0 0.0 0.0 0.0 0.0 0.0 0.0 0.0 0.0
0.0 0.0 0.0 0.0 0.0 0.0 0.0 0.0 0.0 0.0 0.0 0.0 0.0 0.0 0.0 0.0 0.0 0.0 0.0 0.0 0.0 0.0 0.0 0.0 0.0 0.0 0.0 0.0 0.0 0.0 0.0 0.0 0.0 0.0 0.0 0.0 0.0 0.0 0.0 0.0 0.0 0.0 0.0 0.0 0.0 0.0 0.00424062978 0.004558895943 0.004577504445 0.514415690426 0.004637002364 0.004400751435 0.004356452564 0.004129115063 0.004374142802 0.004113580442 0.004165094851 0.003999917789 0.004046526416 0.004197824598 0.004039230092 0.004022632453 0.003951463746 0.004035353713 0.004663685959 0.004165684147 0.004438121799 0.004208248503 0.0 0.0 0.0 0.0 0.0 0.0 0.0 0.0 0.0 0.0 0.0 0.0 0.0 0.0
0.0 0.0 0.0 0.0 0.0 0.0 0.0 0.0 0.0 0.0 0.0 0.0 0.0 0.0 0.0 0.0 0.0 0.0 0.0 0.0 0.0 0.0 0.0 0.0 0.0 0.0 0.0 0.0 0.0 0.0 0.0 0.0 0.0 0.0 0.0 0.0 0.0 0.0 0.0 0.0 0.0 0.0 0.0 0.0 0.0 0.0 0.004210981185 0.004836233656 0.004907340917 0.004637002364 0.554083975928 0.004508561157 0.004434314628 0.004053075894 0.004470441137 0.003999569489 0.004068036835 0.003827906072 0.003883530094 0.004158296579 0.003872526085 0.003843637596 0.003757935728 0.003881495503 0.005085873092 0.004102807658 0.004595798382 0.004187822218 0.0 0.0 0.0 0.0 0.0 0.0 0.0 0.0 0.0 0.0 0.0 0.0 0.0 0.0
0.0 0.0 0.0 0.0 0.0 0.0 0.0 0.0 0.0 0.0 0.0 0.0 0.0 0.0 0.0 0.0 0.0 0.0 0.0 0.0 0.0 0.0 0.0 0.0 0.0 0.0 0.0 0.0 0.0 0.0 0.0 0.0 0.0 0.0 0.0 0.0 0.0 0.0 0.0 0.0 0.0 0.0 0.0 0.0 0.0 0.0 0.004239247591 0.004462924836 0.004468761796 0.004400751435 0.004508561157 0.274878162219 0.004328096613 0.004148785667 0.004342559572 0.004141150444 0.004188276817 0.004048230887 0.004089882963 0.004212949732 0.004084047871 0.004066483271 0.00401005885 0.004078302755 0.004529138428 0.004181084291 0.004389886934 0.004213842611 0.0 0.0 0.0 0.0 0.0 0.0 0.0 0.0 0.0 0.0 0.0 0.0 0.0 0.0
0.0 0.0 0.0 0.0 0.0 0.0 0.0 0.0 0.0 0.0 0.0 0.0 0.0 0.0 0.0 0.0 0.0 0.0 0.0 0.0 0.0 0.0 0.0 0.0 0.0 0.0 0.0 0.0 0.0 0.0 0.0 0.0 0.0 0.0 0.0 0.0 0.0 0.0 0.0 0.0 0.0 0.0 0.0 0.0 0.0 0.0 0.004238007478 0.004400261536 0.004400272389 0.004356452564 0.004434314628 0.004328096613 0.253835732594 0.00416840461 0.004311754404 0.004165379564 0.004202699936 0.004091297432 0.004129591445 0.004216952814 0.004125968818 0.004112078392 0.004064174079 0.004117890937 0.004453591995 0.004196037855 0.004346994306 0.004221137804 0.0 0.0 0.0 0.0 0.0 0.0 0.0 0.0 0.0 0.0 0.0 0.0 0.0 0.0
0.0 0.0 0.0 0.0 0.0 0.0 0.0 0.0 0.0 0.0 0.0 0.0 0.0 0.0 0.0 0.0 0.0 0.0 0.0 0.0 0.0 0.0 0.0 0.0 0.0 0.0 0.0 0.0 0.0 0.0 0.0 0.0 0.0 0.0 0.0 0.0 0.0 0.0 0.0 0.0 0.0 0.0 0.0 0.0 0.0 0.0 0.004218280519 0.004086556258 0.004062632088 0.004129115063 0.004053075894 0.004148785667 0.00416840461 0.180088022654 0.00415383946 0.004273645107 0.004245603828 0.004308388869 0.004298867202 0.004225291168 0.004303871659 0.004313918265 0.004322795733 0.00430328901 0.00404655826 0.004256239176 0.004124263734 0.004233828993 0.0 0.0 0.0 0.0 0.0 0.0 0.0 0.0 0.0 0.0 0.0 0.0 0.0 0.0
0.0 0.0 0.0 0.0 0.0 0.0 0.0 0.0 0.0 0.0 0.0 0.0 0.0 0.0 0.0 0.0 0.0 0.0 0.0 0.0 0.0 0.0 0.0 0.0 0.0 0.0 0.0 0.0 0.0 0.0 0.0 0.0 0.0 0.0 0.0 0.0 0.0 0.0 0.0 0.0 0.0 0.0 0.0 0.0 0.0 0.0 0.004233746172 0.004429530912 0.004436758356 0.004374142802 0.004470441137 0.004342559572 0.004311754404 0.00415383946 0.389258138511 0.004146310452 0.004187647516 0.004065714021 0.004099890606 0.004211934427 0.004094102217 0.004078661667 0.004030826014 0.004090737708 0.004488976517 0.004182284394 0.004367159683 0.004210774765 0.0 0.0 0.0 0.0 0.0 0.0 0.0 0.0 0.0 0.0 0.0 0.0 0.0 0.0
0.0 0.0 0.0 0.0 0.0 0.0 0.0 0.0 0.0 0.0 0.0 0.0 0.0 0.0 0.0 0.0 0.0 0.0 0.0 0.0 0.0 0.0 0.0 0.0 0.0 0.0 0.0 0.0 0.0 0.0 0.0 0.0 0.0 0.0 0.0 0.0 0.0 0.0 0.0 0.0 0.0 0.0 0.0 0.0 0.0 0.0 0.004241928488 0.004047879201 0.004013064943 0.004113580442 0.003999569489 0.004141150444 0.004165379564 0.004273645107 0.004146310452 0.183777300917 0.004299110514 0.004339405306 0.004357344159 0.00423819403 0.00435716832 0.004372094776 0.004353789023 0.004336105117 0.003979796464 0.00427029641 0.004107264536 0.004243630549 0.0 0.0 0.0 0.0 0.0 0.0 0.0 0.0 0.0 0.0 0.0 0.0 0.0 0.0
0.0 0.0 0.0 0.0 0.0 0.0 0.0 0.0 0.0 0.0 0.0 0.0 0.0 0.0 0.0 0.0 0.0 0.0 0.0 0.0 0.0 0.0 0.0 0.0 0.0 0.0 0.0 0.0 0.0 0.0 0.0 0.0 0.0 0.0 0.0 0.0 0.0 0.0 0.0 0.0 0.0 0.0 0.0 0.0 0.0 0.0 0.004263906918 0.004107670543 0.004071771331 0.004165094851 0.004068036835 0.004188276817 0.004202699936 0.004245603828 0.004187647516 0.004299110514 0.222166734039 0.004291808301 0.004342869431 0.004248953199 0.004339621322 0.004343047519 0.004295723847 0.00429873457 0.004039214184 0.004256031963 0.004168008937 0.004246346974 0.0 0.0 0.0 0.0 0.0 0.0 0.0 0.0 0.0 0.0 0.0 0.0 0.0 0.0
0.0 0.0 0.0 0.0 0.0 0.0 0.0 0.0 0.0 0.0 0.0 0.0 0.0 0.0 0.0 0.0 0.0 0.0 0.0 0.0 0.0 0.0 0.0 0.0 0.0 0.0 0.0 0.0 0.0 0.0 0.0 0.0 0.0 0.0 0.0 0.0 0.0 0.0 0.0 0.0 0.0 0.0 0.0 0.0 0.0 0.0 0.004213627907 0.003901950979 0.003864626936 0.003999917789 0.003827906072 0.004048230887 0.004091297432 0.004308388869 0.004065714021 0.004339405306 0.004291808301 0.163716137545 0.004407946821 0.004227256551 0.004413250498 0.004438546499 0.004467654701 0.004405322228 0.003795441298 0.004277290049 0.004001550082 0.004233136635 0.0 0.0 0.0 0.0 0.0 0.0 0.0 0.0 0.0 0.0 0.0 0.0 0.0 0.0
0.0 0.0 0.0 0.0 0.0 0.0 0.0 0.0 0.0 0.0 0.0 0.0 0.0 0.0 0.0 0.0 0.0 0.0 0.0 0.0 0.0 0.0 0.0 0.0 0.0 0.0 0.0 0.0 0.0 0.0 0.0 0.0 0.0 0.0 0.0 0.0 0.0 0.0 0.0 0.0 0.0 0.0 0.0 0.0 0.0 0.0 0.004234205811 0.003950453852 0.003902748381 0.004046526416 0.003883530094 0.004089882963 0.004129591445 0.004298867202 0.004099890606 0.004357344159 0.004342869431 0.004407946821 0.206953762113 0.004245775683 0.004460579418 0.004473949473 0.004459621289 0.00440965359 0.003857195813 0.004292899603 0.004050849316 0.004262470895 0.0 0.0 0.0 0.0 0.0 0.0 0.0 0.0 0.0 0.0 0.0 0.0 0.0 0.0
0.0 0.0 0.0 0.0 0.0 0.0 0.0 0.0 0.0 0.0 0.0 0.0 0.0 0.0 0.0 0.0 0.0 0.0 0.0 0.0 0.0 0.0 0.0 0.0 0.0 0.0 0.0 0.0 0.0 0.0 0.0 0.0 0.0 0.0 0.0 0.0 0.0 0.0 0.0 0.0 0.0 0.0 0.0 0.0 0.0 0.0 0.004227209315 0.004178656683 0.0041580857 0.004197824598 0.004158296579 0.004212949732 0.004216952814 0.004225291168 0.004211934427 0.00423819403 0.004248953199 0.004227256551 0.004245775683 0.25388667249 0.004246302515 0.004239354511 0.004227222381 0.004237508793 0.004157636377 0.004237639321 0.004204967132 0.004230426691 0.0 0.0 0.0 0.0 0.0 0.0 0.0 0.0 0.0 0.0 0.0 0.0 0.0 0.0
0.0 0.0 0.0 0.0 0.0 0.0 0.0 0.0 0.0 0.0 0.0 0.0 0.0 0.0 0.0 0.0 0.0 0.0 0.0 0.0 0.0 0.0 0.0 0.0 0.0 0.0 0.0 0.0 0.0 0.0 0.0 0.0 0.0 0.0 0.0 0.0 0.0 0.0 0.0 0.0 0.0 0.0 0.0 0.0 0.0 0.0 0.004232807992 0.003941285541 0.003891916485 0.004039230092 0.003872526085 0.004084047871 0.004125968818 0.004303871659 0.004094102217 0.00435716832 0.004339621322 0.004413250498 0.004460579418 0.004246302515 0.190310176964 0.004479165596 0.004473125127 0.004415649482 0.003847667116 0.004296019961 0.004043274117 0.004264876126 0.0 0.0 0.0 0.0 0.0 0.0 0.0 0.0 0.0 0.0 0.0 0.0 0.0 0.0
0.0 0.0 0.0 0.0 0.0 0.0 0.0 0.0 0.0 0.0 0.0 0.0 0.0 0.0 0.0 0.0 0.0 0.0 0.0 0.0 0.0 0.0 0.0 0.0 0.0 0.0 0.0 0.0 0.0 0.0 0.0 0.0 0.0 0.0 0.0 0.0 0.0 0.0 0.0 0.0 0.0 0.0 0.0 0.0 0.0 0.0 0.004238239475 0.003916007655 0.003867314396 0.004022632453 0.003843637596 0.004066483271 0.004112078392 0.004313918265 0.004078661667 0.004372094776 0.004343047519 0.004438546499 0.004473949473 0.004239354511 0.004479165596 0.194996459829 0.004492964969 0.004431846977 0.003812094364 0.004299094181 0.004018285892 0.004261566181 0.0 0.0 0.0 0.0 0.0 0.0 0.0 0.0 0.0 0.0 0.0 0.0 0.0 0.0
0.0 0.0 0.0 0.0 0.0 0.0 0.0 0.0 0.0 0.0 0.0 0.0 0.0 0.0 0.0 0.0 0.0 0.0 0.0 0.0 0.0 0.0 0.0 0.0 0.0 0.0 0.0 0.0 0.0 0.0 0.0 0.0 0.0 0.0 0.0 0.0 0.0 0.0 0.0 0.0 0.0 0.0 0.0 0.0 0.0 0.0 0.004194496635 0.003840162331 0.003797552284 0.003951463746 0.003757935728 0.00401005885 0.004064174079 0.004322795733 0.004030826014 0.004353789023 0.004295723847 0.004467654701 0.004459621289 0.004227222381 0.004473125127 0.004492964969 0.248136413973 0.004445952731 0.003733050386 0.004288217298 0.003962766496 0.004244885086 0.0 0.0 0.0 0.0 0.0 0.0 0.0 0.0 0.0 0.0 0.0 0.0 0.0 0.0
0.0 0.0 0.0 0.0 0.0 0.0 0.0 0.0 0.0 0.0 0.0 0.0 0.0 0.0 0.0 0.0 0.0 0.0 0.0 0.0 0.0 0.0 0.0 0.0 0.0 0.0 0.0 0.0 0.0 0.0 0.0 0.0 0.0 0.0 0.0 0.0 0.0 0.0 0.0 0.0 0.0 0.0 0.0 0.0 0.0 0.0 0.004219675072 0.003947280877 0.003906240598 0.004035353713 0.003881495503 0.004078302755 0.004117890937 0.00430328901 0.004090737708 0.004336105117 0.00429873457 0.004405322228 0.00440965359 0.004237508793 0.004415649482 0.004431846977 0.004445952731 0.274462912883 0.0038597957 0.004287095059 0.004037774663 0.004249060352 0.0 0.0 0.0 0.0 0.0 0.0 0.0 0.0 0.0 0.0 0.0 0.0 0.0 0.0
0.0 0.0 0.0 0.0 0.0 0.0 0.0 0.0 0.0 0.0 0.0 0.0 0.0 0.0 0.0 0.0 0.0 0.0 0.0 0.0 0.0 0.0 0.0 0.0 0.0 0.0 0.0 0.0 0.0 0.0 0.0 0.0 0.0 0.0 0.0 0.0 0.0 0.0 0.0 0.0 0.0 0.0 0.0 0.0 0.0 0.0 0.004196792779 0.004884450916 0.00495778121 0.004663685959 0.005085873092 0.004529138428 0.004453591995 0.00404655826 0.004488976517 0.003979796464 0.004039214184 0.003795441298 0.003857195813 0.004157636377 0.003847667116 0.003812094364 0.003733050386 0.0038597957 0.657982145116 0.004101881842 0.004628593962 0.004198220713 0.0 0.0 0.0 0.0 0.0 0.0 0.0 0.0 0.0 0.0 0.0 0.0 0.0 0.0
0.0 0.0 0.0 0.0 0.0 0.0 0.0 0.0 0.0 0.0 0.0 0.0 0.0 0.0 0.0 0.0 0.0 0.0 0.0 0.0 0.0 0.0 0.0 0.0 0.0 0.0 0.0 0.0 0.0 0.0 0.0 0.0 0.0 0.0 0.0 0.0 0.0 0.0 0.0 0.0 0.0 0.0 0.0 0.0 0.0 0.0 0.004230282349 0.004133070326 0.004105580167 0.004165684147 0.004102807658 0.004181084291 0.004196037855 0.004256239176 0.004182284394 0.00427029641 0.004256031963 0.004277290049 0.004292899603 0.004237639321 0.004296019961 0.004299094181 0.004288217298 0.004287095059 0.004101881842 0.332902154025 0.00416009704 0.00424511938 0.0 0.0 0.0 0.0 0.0 0.0 0.0 0.0 0.0 0.0 0.0 0.0 0.0 0.0
0.0 0.0 0.0 0.0 0.0 0.0 0.0 0.0 0.0 0.0 0.0 0.0 0.0 0.0 0.0 0.0 0.0 0.0 0.0 0.0 0.0 0.0 0.0 0.0 0.0 0.0 0.0 0.0 0.0 0.0 0.0 0.0 0.0 0.0 0.0 0.0 0.0 0.0 0.0 0.0 0.0 0.0 0.0 0.0 0.0 0.0 0.004223626566 0.0045274593 0.004545166613 0.004438121799 0.004595798382 0.004389886934 0.004346994306 0.004124263734 0.004367159683 0.004107264536 0.004168008937 0.004001550082 0.004050849316 0.004204967132 0.004043274117 0.004018285892 0.003962766496 0.004037774663 0.004628593962 0.00416009704 0.704317706096 0.004208709136 0.0 0.0 0.0 0.0 0.0 0.0 0.0 0.0 0.0 0.0 0.0 0.0 0.0 0.0
0.0 0.0 0.0 0.0 0.0 0.0 0.0 0.0 0.0 0.0 0.0 0.0 0.0 0.0 0.0 0.0 0.0 0.0 0.0 0.0 0.0 0.0 0.0 0.0 0.0 0.0 0.0 0.0 0.0 0.0 0.0 0.0 0.0 0.0 0.0 0.0 0.0 0.0 0.0 0.0 0.0 0.0 0.0 0.0 0.0 0.0 0.00422642157 0.004195347897 0.004175442085 0.004208248503 0.004187822218 0.004213842611 0.004221137804 0.004233828993 0.004210774765 0.004243630549 0.004246346974 0.004233136635 0.004262470895 0.004230426691 0.004264876126 0.004261566181 0.004244885086 0.004249060352 0.004198220713 0.00424511938 0.004208709136 0.287115503603 0.0 0.0 0.0 0.0 0.0 0.0 0.0 0.0 0.0 0.0 0.0 0.0 0.0 0.0
0.0 0.0 0.0 0.0 0.0 0.0 0.0 0.0 0.0 0.0 0.0 0.0 0.0 0.0 0.0 0.0 0.0 0.0 0.0 0.0 0.0 0.0 0.0 0.0 0.0 0.0 0.0 0.0 0.0 0.0 0.0 0.0 0.0 0.0 0.0 0.0 0.0 0.0 0.0 0.0 0.0 0.0 0.0 0.0 0.0 0.0 0.0 0.0 0.0 0.0 0.0 0.0 0.0 0.0 0.0 0.0 0.0 0.0 0.0 0.0 0.0 0.0 0.0 0.0 0.0 0.0 0.0 0.0 0.88382317303 0.006704604227 0.006697305125 0.006732976131 0.006643892979 0.006626513534 0.006325028356 0.006502151328 0.005566366135 0.006190513886 0.006025633529 0.005959478993 0.005907124284 0.006854246424
