108 108
0.284862473698 0.00793052394 0.007988645981 0.008212323612 0.00784652663 0.008200021306 0.007988336265 0.007998278067 0.008049774615 0.007797461687 0.008393420268 0.008061606303 0.0080899398 0.008172073224 0.008102136615 0.008171140125 0.007904380685 0.007735395098 0.007860307305 0.008174378523 0.00783059187 0.007959851845 0.008199181925 0.008135724695 0.008160714402 0.0 0.0 0.0 0.0 0.0 0.0 0.0 0.0 0.0 0.0 0.0 0.0 0.0 0.0 0.0 0.0 0.0 0.0 0.0 0.0 0.0 0.0 0.0 0.0 0.0 0.0 0.0 0.0 0.0 0.0 0.0 0.0 0.0 0.0 0.0 0.0 0.0 0.0 0.0 0.0 0.0 0.0 0.0 0.0 0.0 0.0 0.0 0.0 0.0 0.0 0.0 0.0 0.0 0.0 0.0 0.0 0.0 0.0 0.0 0.0 0.0 0.0 0.0 0.0 0.0 0.0 0.0 0.0 0.0 0.0 0.0 0.0 0.0 0.0 0.0 0.0 0.0 0.0 0.0 0.0 0.0 0.0 0.0
0.00793052394 0.454996669952 0.008021683559 0.007529110817 0.008474209967 0.007624779477 0.008201682056 0.008143075233 0.007962916633 0.008513031677 0.007548061325 0.007962357235 0.007968854689 0.007616145886 0.007562660827 0.007422472273 0.00824557052 0.008558545954 0.00836752278 0.007530802157 0.0084884688 0.008132503373 0.007900517914 0.008027167666 0.00801148468 0.0 0.0 0.0 0.0 0.0 0.0 0.0 0.0 0.0 0.0 0.0 0.0 0.0 0.0 0.0 0.0 0.0 0.0 0.0 0.0 0.0 0.0 0.0 0.0 0.0 0.0 0.0 0.0 0.0 0.0 0.0 0.0 0.0 0.0 0.0 0.0 0.0 0.0 0.0 0.0 0.0 0.0 0.0 0.0 0.0 0.0 0.0 0.0 0.0 0.0 0.0 0.0 0.0 0.0 0.0 0.0 0.0 0.0 0.0 0.0 0.0 0.0 0.0 0.0 0.0 0.0 0.0 0.0 0.0 0.0 0.0 0.0 0.0 0.0 0.0 0.0 0.0 0.0 0.0 0.0 0.0 0.0 0.0
0.007988645981 0.008021683559 0.328266109848 0.007971363665 0.008021321493 0.007995524749 0.008036381102 0.008054458123 0.00802524578 0.008013823683 0.007957927288 0.008023979654 0.008026961808 0.007960365695 0.007980085824 0.007966012857 0.008035055053 0.008036540505 0.008043954856 0.007980177079 0.008017869802 0.008050199432 0.008005957087 0.008010709951 0.007998596366 0.0 0.0 0.0 0.0 0.0 0.0 0.0 0.0 0.0 0.0 0.0 0.0 0.0 0.0 0.0 0.0 0.0 0.0 0.0 0.0 0.0 0.0 0.0 0.0 0.0 0.0 0.0 0.0 0.0 0.0 0.0 0.0 0.0 0.0 0.0 0.0 0.0 0.0 0.0 0.0 0.0 0.0 0.0 0.0 0.0 0.0 0.0 0.0 0.0 0.0 0.0 0.0 0.0 0.0 0.0 0.0 0.0 0.0 0.0 0.0 0.0 0.0 0.0 0.0 0.0 0.0 0.0 0.0 0.0 0.0 0.0 0.0 0.0 0.0 0.0 0.0 0.0 0.0 0.0 0.0 0.0 0.0 0.0
0.008212323612 0.007529110817 0.007971363665 0.197143238983 0.007260671356 0.008782462723 0.007697315336 0.007792173726 0.008093647753 0.007173086804 0.009036411919 0.008089542899 0.008084306423 0.008780978294 0.008852184717 0.009150408878 0.007620252458 0.007108233598 0.00742882519 0.008958941866 0.007240341349 0.007786191679 0.008250301023 0.008020324078 0.008065771494 0.0 0.0 0.0 0.0 0.0 0.0 0.0 0.0 0.0 0.0 0.0 0.0 0.0 0.0 0.0 0.0 0.0 0.0 0.0 0.0 0.0 0.0 0.0 0.0 0.0 0.0 0.0 0.0 0.0 0.0 0.0 0.0 0.0 0.0 0.0 0.0 0.0 0.0 0.0 0.0 0.0 0.0 0.0 0.0 0.0 0.0 0.0 0.0 0.0 0.0 0.0 0.0 0.0 0.0 0.0 0.0 0.0 0.0 0.0 0.0 0.0 0.0 0.0 0.0 0.0 0.0 0.0 0.0 0.0 0.0 0.0 0.0 0.0 0.0 0.0 0.0 0.0 0.0 0.0 0.0 0.0 0.0 0.0
0.00784652663 0.008474209967 0.008021321493 0.007260671356 0.769267015236 0.007429407869 0.008315260997 0.008221204208 0.007883125794 0.008989676539 0.007279372896 0.007906105511 0.007925009302 0.007305605704 0.00728076325 0.007087764124 0.008359645484 0.009092074088 0.008654751974 0.007272964383 0.008910354077 0.008198825123 0.007829625216 0.008017563077 0.007961281465 0.0 0.0 0.0 0.0 0.0 0.0 0.0 0.0 0.0 0.0 0.0 0.0 0.0 0.0 0.0 0.0 0.0 0.0 0.0 0.0 0.0 0.0 0.0 0.0 0.0 0.0 0.0 0.0 0.0 0.0 0.0 0.0 0.0 0.0 0.0 0.0 0.0 0.0 0.0 0.0 0.0 0.0 0.0 0.0 0.0 0.0 0.0 0.0 0.0 0.0 0.0 0.0 0.0 0.0 0.0 0.0 0.0 0.0 0.0 0.0 0.0 0.0 0.0 0.0 0.0 0.0 0.0 0.0 0.0 0.0 0.0 0.0 0.0 0.0 0.0 0.0 0.0 0.0 0.0 0.0 0.0 0.0 0.0
0.008200021306 0.007624779477 0.007995524749 0.008782462723 0.007429407869 0.289926290072 0.007789266518 0.007866726777 0.00806339173 0.007363113024 0.008905743217 0.008076913964 0.008087334825 0.00854028845 0.008624843277 0.008894517754 0.007687371853 0.00731191418 0.007565027369 0.008774641435 0.007408164709 0.007850151484 0.008248039766 0.008054011828 0.008063494263 0.0 0.0 0.0 0.0 0.0 0.0 0.0 0.0 0.0 0.0 0.0 0.0 0.0 0.0 0.0 0.0 0.0 0.0 0.0 0.0 0.0 0.0 0.0 0.0 0.0 0.0 0.0 0.0 0.0 0.0 0.0 0.0 0.0 0.0 0.0 0.0 0.0 0.0 0.0 0.0 0.0 0.0 0.0 0.0 0.0 0.0 0.0 0.0 0.0 0.0 0.0 0.0 0.0 0.0 0.0 0.0 0.0 0.0 0.0 0.0 0.0 0.0 0.0 0.0 0.0 0.0 0.0 0.0 0.0 0.0 0.0 0.0 0.0 0.0 0.0 0.0 0.0 0.0 0.0 0.0 0.0 0.0 0.0
0.007988336265 0.008201682056 0.008036381102 0.007697315336 0.008315260997 0.007789266518 0.439286511006 0.008153667479 0.007976084997 0.008350604851 0.007733279007 0.007986702788 0.008012189041 0.007702780129 0.007680816168 0.00759486266 0.008155393149 0.008372738782 0.008264040656 0.007700863874 0.008327391177 0.008128014744 0.007975841717 0.008058355287 0.008030875295 0.0 0.0 0.0 0.0 0.0 0.0 0.0 0.0 0.0 0.0 0.0 0.0 0.0 0.0 0.0 0.0 0.0 0.0 0.0 0.0 0.0 0.0 0.0 0.0 0.0 0.0 0.0 0.0 0.0 0.0 0.0 0.0 0.0 0.0 0.0 0.0 0.0 0.0 0.0 0.0 0.0 0.0 0.0 0.0 0.0 0.0 0.0 0.0 0.0 0.0 0.0 0.0 0.0 0.0 0.0 0.0 0.0 0.0 0.0 0.0 0.0 0.0 0.0 0.0 0.0 0.0 0.0 0.0 0.0 0.0 0.0 0.0 0.0 0.0 0.0 0.0 0.0 0.0 0.0 0.0 0.0 0.0 0.0
0.007998278067 0.008143075233 0.008054458123 0.007792173726 0.008221204208 0.007866726777 0.008153667479 0.380196895235 0.008001207673 0.008255465739 0.007819626145 0.008001485675 0.008031262852 0.007806101666 0.007776930765 0.007694928682 0.008120273048 0.008287772038 0.008211345771 0.007793570855 0.008233448413 0.008116688038 0.007992788816 0.008052396539 0.008037065504 0.0 0.0 0.0 0.0 0.0 0.0 0.0 0.0 0.0 0.0 0.0 0.0 0.0 0.0 0.0 0.0 0.0 0.0 0.0 0.0 0.0 0.0 0.0 0.0 0.0 0.0 0.0 0.0 0.0 0.0 0.0 0.0 0.0 0.0 0.0 0.0 0.0 0.0 0.0 0.0 0.0 0.0 0.0 0.0 0.0 0.0 0.0 0.0 0.0 0.0 0.0 0.0 0.0 0.0 0.0 0.0 0.0 0.0 0.0 0.0 0.0 0.0 0.0 0.0 0.0 0.0 0.0 0.0 0.0 0.0 0.0 0.0 0.0 0.0 0.0 0.0 0.0 0.0 0.0 0.0 0.0 0.0 0.0
0.008049774615 0.007962916633 0.00802524578 0.008093647753 0.007883125794 0.00806339173 0.007976084997 0.008001207673 0.285879439414 0.007877480587 0.008089587713 0.008042987295 0.008049042979 0.008181367234 0.008112635312 0.008088455641 0.00798986438 0.00786923829 0.007934165729 0.008079060942 0.007889991523 0.007992131298 0.008031688925 0.008013499312 0.008052112797 0.0 0.0 0.0 0.0 0.0 0.0 0.0 0.0 0.0 0.0 0.0 0.0 0.0 0.0 0.0 0.0 0.0 0.0 0.0 0.0 0.0 0.0 0.0 0.0 0.0 0.0 0.0 0.0 0.0 0.0 0.0 0.0 0.0 0.0 0.0 0.0 0.0 0.0 0.0 0.0 0.0 0.0 0.0 0.0 0.0 0.0 0.0 0.0 0.0 0.0 0.0 0.0 0.0 0.0 0.0 0.0 0.0 0.0 0.0 0.0 0.0 0.0 0.0 0.0 0.0 0.0 0.0 0.0 0.0 0.0 0.0 0.0 0.0 0.0 0.0 0.0 0.0 0.0 0.0 0.0 0.0 0.0 0.0
0.007797461687 0.008513031677 0.008013823683 0.007173086804 0.008989676539 0.007363113024 0.008350604851 0.008255465739 0.007877480587 0.997537479386 0.007164616639 0.007887861674 0.00792124674 0.00726114744 0.007214729657 0.006965004393 0.008408132864 0.009260280082 0.008744501708 0.007191145827 0.0090135621 0.008232454651 0.007778509918 0.007999562329 0.00795090459 0.0 0.0 0.0 0.0 0.0 0.0 0.0 0.0 0.0 0.0 0.0 0.0 0.0 0.0 0.0 0.0 0.0 0.0 0.0 0.0 0.0 0.0 0.0 0.0 0.0 0.0 0.0 0.0 0.0 0.0 0.0 0.0 0.0 0.0 0.0 0.0 0.0 0.0 0.0 0.0 0.0 0.0 0.0 0.0 0.0 0.0 0.0 0.0 0.0 0.0 0.0 0.0 0.0 0.0 0.0 0.0 0.0 0.0 0.0 0.0 0.0 0.0 0.0 0.0 0.0 0.0 0.0 0.0 0.0 0.0 0.0 0.0 0.0 0.0 0.0 0.0 0.0 0.0 0.0 0.0 0.0 0.0 0.0
0.008393420268 0.007548061325 0.007957927288 0.009036411919 0.007279372896 0.008905743217 0.007733279007 0.007819626145 0.008089587713 0.007164616639 0.22693161547 0.008102257874 0.008133977202 0.008740262733 0.008759802106 0.009120557983 0.007588984947 0.007073728662 0.007420798641 0.008984543023 0.007243840432 0.007776123721 0.008389178344 0.008132750861 0.008181917922 0.0 0.0 0.0 0.0 0.0 0.0 0.0 0.0 0.0 0.0 0.0 0.0 0.0 0.0 0.0 0.0 0.0 0.0 0.0 0.0 0.0 0.0 0.0 0.0 0.0 0.0 0.0 0.0 0.0 0.0 0.0 0.0 0.0 0.0 0.0 0.0 0.0 0.0 0.0 0.0 0.0 0.0 0.0 0.0 0.0 0.0 0.0 0.0 0.0 0.0 0.0 0.0 0.0 0.0 0.0 0.0 0.0 0.0 0.0 0.0 0.0 0.0 0.0 0.0 0.0 0.0 0.0 0.0 0.0 0.0 0.0 0.0 0.0 0.0 0.0 0.0 0.0 0.0 0.0 0.0 0.0 0.0 0.0
0.008061606303 0.007962357235 0.008023979654 0.008089542899 0.007906105511 0.008076913964 0.007986702788 0.008001485675 0.008042987295 0.007887861674 0.008102257874 0.287021204951 0.008041539232 0.00810039565 0.008081950273 0.008098047834 0.007972789458 0.007872780695 0.007934853844 0.008083777267 0.00790443142 0.007995853729 0.008061684869 0.008032713632 0.008040443531 0.0 0.0 0.0 0.0 0.0 0.0 0.0 0.0 0.0 0.0 0.0 0.0 0.0 0.0 0.0 0.0 0.0 0.0 0.0 0.0 0.0 0.0 0.0 0.0 0.0 0.0 0.0 0.0 0.0 0.0 0.0 0.0 0.0 0.0 0.0 0.0 0.0 0.0 0.0 0.0 0.0 0.0 0.0 0.0 0.0 0.0 0.0 0.0 0.0 0.0 0.0 0.0 0.0 0.0 0.0 0.0 0.0 0.0 0.0 0.0 0.0 0.0 0.0 0.0 0.0 0.0 0.0 0.0 0.0 0.0 0.0 0.0 0.0 0.0 0.0 0.0 0.0 0.0 0.0 0.0 0.0 0.0 0.0
0.0080899398 0.007968854689 0.008026961808 0.008084306423 0.007925009302 0.008087334825 0.008012189041 0.008031262852 0.008049042979 0.00792124674 0.008133977202 0.008041539232 0.240775031778 0.008102424973 0.008050668394 0.008048569406 0.007978888021 0.007908891171 0.007958893695 0.00807165865 0.007927313986 0.008007985952 0.008075064043 0.00805382646 0.008070512165 0.0 0.0 0.0 0.0 0.0 0.0 0.0 0.0 0.0 0.0 0.0 0.0 0.0 0.0 0.0 0.0 0.0 0.0 0.0 0.0 0.0 0.0 0.0 0.0 0.0 0.0 0.0 0.0 0.0 0.0 0.0 0.0 0.0 0.0 0.0 0.0 0.0 0.0 0.0 0.0 0.0 0.0 0.0 0.0 0.0 0.0 0.0 0.0 0.0 0.0 0.0 0.0 0.0 0.0 0.0 0.0 0.0 0.0 0.0 0.0 0.0 0.0 0.0 0.0 0.0 0.0 0.0 0.0 0.0 0.0 0.0 0.0 0.0 0.0 0.0 0.0 0.0 0.0 0.0 0.0 0.0 0.0 0.0
0.008172073224 0.007616145886 0.007960365695 0.008780978294 0.007305605704 0.00854028845 0.007702780129 0.007806101666 0.008181367234 0.00726114744 0.008740262733 0.00810039565 0.008102424973 0.156301880883 0.008790393859 0.008847732844 0.007735282545 0.007220529366 0.00749200703 0.008716596265 0.007313790205 0.007787138236 0.008134695355 0.007972170182 0.008121650278 0.0 0.0 0.0 0.0 0.0 0.0 0.0 0.0 0.0 0.0 0.0 0.0 0.0 0.0 0.0 0.0 0.0 0.0 0.0 0.0 0.0 0.0 0.0 0.0 0.0 0.0 0.0 0.0 0.0 0.0 0.0 0.0 0.0 0.0 0.0 0.0 0.0 0.0 0.0 0.0 0.0 0.0 0.0 0.0 0.0 0.0 0.0 0.0 0.0 0.0 0.0 0.0 0.0 0.0 0.0 0.0 0.0 0.0 0.0 0.0 0.0 0.0 0.0 0.0 0.0 0.0 0.0 0.0 0.0 0.0 0.0 0.0 0.0 0.0 0.0 0.0 0.0 0.0 0.0 0.0 0.0 0.0 0.0
0.008102136615 0.007562660827 0.007980085824 0.008852184717 0.00728076325 0.008624843277 0.007680816168 0.007776930765 0.008112635312 0.007214729657 0.008759802106 0.008081950273 0.008050668394 0.008790393859 0.185247530357 0.009069719996 0.007681517952 0.007157988872 0.007458572325 0.008850086011 0.007269468149 0.007801086758 0.008132315924 0.007945201227 0.008014056764 0.0 0.0 0.0 0.0 0.0 0.0 0.0 0.0 0.0 0.0 0.0 0.0 0.0 0.0 0.0 0.0 0.0 0.0 0.0 0.0 0.0 0.0 0.0 0.0 0.0 0.0 0.0 0.0 0.0 0.0 0.0 0.0 0.0 0.0 0.0 0.0 0.0 0.0 0.0 0.0 0.0 0.0 0.0 0.0 0.0 0.0 0.0 0.0 0.0 0.0 0.0 0.0 0.0 0.0 0.0 0.0 0.0 0.0 0.0 0.0 0.0 0.0 0.0 0.0 0.0 0.0 0.0 0.0 0.0 0.0 0.0 0.0 0.0 0.0 0.0 0.0 0.0 0.0 0.0 0.0 0.0 0.0 0.0
0.008171140125 0.007422472273 0.007966012857 0.009150408878 0.007087764124 0.008894517754 0.00759486266 0.007694928682 0.008088455641 0.006965004393 0.009120557983 0.008098047834 0.008048569406 0.008847732844 0.009069719996 0.164289864015 0.007536530063 0.006885363326 0.007277809345 0.009149356746 0.007057557184 0.007730391782 0.008247636252 0.007971696138 0.007999133553 0.0 0.0 0.0 0.0 0.0 0.0 0.0 0.0 0.0 0.0 0.0 0.0 0.0 0.0 0.0 0.0 0.0 0.0 0.0 0.0 0.0 0.0 0.0 0.0 0.0 0.0 0.0 0.0 0.0 0.0 0.0 0.0 0.0 0.0 0.0 0.0 0.0 0.0 0.0 0.0 0.0 0.0 0.0 0.0 0.0 0.0 0.0 0.0 0.0 0.0 0.0 0.0 0.0 0.0 0.0 0.0 0.0 0.0 0.0 0.0 0.0 0.0 0.0 0.0 0.0 0.0 0.0 0.0 0.0 0.0 0.0 0.0 0.0 0.0 0.0 0.0 0.0 0.0 0.0 0.0 0.0 0.0 0.0
0.007904380685 0.00824557052 0.008035055053 0.007620252458 0.008359645484 0.007687371853 0.008155393149 0.008120273048 0.00798986438 0.008408132864 0.007588984947 0.007972789458 0.007978888021 0.007735282545 0.007681517952 0.007536530063 0.390657639125 0.008459531181 0.008303115912 0.0076249277 0.008379788115 0.008117146124 0.007880260429 0.007990760483 0.007992549755 0.0 0.0 0.0 0.0 0.0 0.0 0.0 0.0 0.0 0.0 0.0 0.0 0.0 0.0 0.0 0.0 0.0 0.0 0.0 0.0 0.0 0.0 0.0 0.0 0.0 0.0 0.0 0.0 0.0 0.0 0.0 0.0 0.0 0.0 0.0 0.0 0.0 0.0 0.0 0.0 0.0 0.0 0.0 0.0 0.0 0.0 0.0 0.0 0.0 0.0 0.0 0.0 0.0 0.0 0.0 0.0 0.0 0.0 0.0 0.0 0.0 0.0 0.0 0.0 0.0 0.0 0.0 0.0 0.0 0.0 0.0 0.0 0.0 0.0 0.0 0.0 0.0 0.0 0.0 0.0 0.0 0.0 0.0
0.007735395098 0.008558545954 0.008036540505 0.007108233598 0.009092074088 0.00731191418 0.008372738782 0.008287772038 0.00786923829 0.009260280082 0.007073728662 0.007872780695 0.007908891171 0.007220529366 0.007157988872 0.006885363326 0.008459531181 4.96909074464 0.008841200336 0.007128141112 0.009125007243 0.008248212657 0.007732986485 0.007971307896 0.007918174079 0.0 0.0 0.0 0.0 0.0 0.0 0.0 0.0 0.0 0.0 0.0 0.0 0.0 0.0 0.0 0.0 0.0 0.0 0.0 0.0 0.0 0.0 0.0 0.0 0.0 0.0 0.0 0.0 0.0 0.0 0.0 0.0 0.0 0.0 0.0 0.0 0.0 0.0 0.0 0.0 0.0 0.0 0.0 0.0 0.0 0.0 0.0 0.0 0.0 0.0 0.0 0.0 0.0 0.0 0.0 0.0 0.0 0.0 0.0 0.0 0.0 0.0 0.0 0.0 0.0 0.0 0.0 0.0 0.0 0.0 0.0 0.0 0.0 0.0 0.0 0.0 0.0 0.0 0.0 0.0 0.0 0.0 0.0
0.007860307305 0.00836752278 0.008043954856 0.00742882519 0.008654751974 0.007565027369 0.008264040656 0.008211345771 0.007934165729 0.008744501708 0.007420798641 0.007934853844 0.007958893695 0.00749200703 0.007458572325 0.007277809345 0.008303115912 0.008841200336 0.50081617784 0.007441795155 0.008674363906 0.008187551371 0.007848606946 0.008005581023 0.007973883661 0.0 0.0 0.0 0.0 0.0 0.0 0.0 0.0 0.0 0.0 0.0 0.0 0.0 0.0 0.0 0.0 0.0 0.0 0.0 0.0 0.0 0.0 0.0 0.0 0.0 0.0 0.0 0.0 0.0 0.0 0.0 0.0 0.0 0.0 0.0 0.0 0.0 0.0 0.0 0.0 0.0 0.0 0.0 0.0 0.0 0.0 0.0 0.0 0.0 0.0 0.0 0.0 0.0 0.0 0.0 0.0 0.0 0.0 0.0 0.0 0.0 0.0 0.0 0.0 0.0 0.0 0.0 0.0 0.0 0.0 0.0 0.0 0.0 0.0 0.0 0.0 0.0 0.0 0.0 0.0 0.0 0.0 0.0
0.008174378523 0.007530802157 0.007980177079 0.008958941866 0.007272964383 0.008774641435 0.007700863874 0.007793570855 0.008079060942 0.007191145827 0.008984543023 0.008083777267 0.00807165865 0.008716596265 0.008850086011 0.009149356746 0.0076249277 0.007128141112 0.007441795155 0.197876993963 0.00725120357 0.007798766461 0.008229957749 0.008005783461 0.008032787943 0.0 0.0 0.0 0.0 0.0 0.0 0.0 0.0 0.0 0.0 0.0 0.0 0.0 0.0 0.0 0.0 0.0 0.0 0.0 0.0 0.0 0.0 0.0 0.0 0.0 0.0 0.0 0.0 0.0 0.0 0.0 0.0 0.0 0.0 0.0 0.0 0.0 0.0 0.0 0.0 0.0 0.0 0.0 0.0 0.0 0.0 0.0 0.0 0.0 0.0 0.0 0.0 0.0 0.0 0.0 0.0 0.0 0.0 0.0 0.0 0.0 0.0 0.0 0.0 0.0 0.0 0.0 0.0 0.0 0.0 0.0 0.0 0.0 0.0 0.0 0.0 0.0 0.0 0.0 0.0 0.0 0.0 0.0
0.00783059187 0.0084884688 0.008017869802 0.007240341349 0.008910354077 0.007408164709 0.008327391177 0.008233448413 0.007889991523 0.0090135621 0.007243840432 0.00790443142 0.007927313986 0.007313790205 0.007269468149 0.007057557184 0.008379788115 0.009125007243 0.008674363906 0.00725120357 0.846321953862 0.008207346944 0.007811489843 0.0080105016 0.007962796449 0.0 0.0 0.0 0.0 0.0 0.0 0.0 0.0 0.0 0.0 0.0 0.0 0.0 0.0 0.0 0.0 0.0 0.0 0.0 0.0 0.0 0.0 0.0 0.0 0.0 0.0 0.0 0.0 0.0 0.0 0.0 0.0 0.0 0.0 0.0 0.0 0.0 0.0 0.0 0.0 0.0 0.0 0.0 0.0 0.0 0.0 0.0 0.0 0.0 0.0 0.0 0.0 0.0 0.0 0.0 0.0 0.0 0.0 0.0 0.0 0.0 0.0 0.0 0.0 0.0 0.0 0.0 0.0 0.0 0.0 0.0 0.0 0.0 0.0 0.0 0.0 0.0 0.0 0.0 0.0 0.0 0.0 0.0
0.007959851845 0.008132503373 0.008050199432 0.007786191679 0.008198825123 0.007850151484 0.008128014744 0.008116688038 0.007992131298 0.008232454651 0.007776123721 0.007995853729 0.008007985952 0.007787138236 0.007801086758 0.007730391782 0.008117146124 0.008248212657 0.008187551371 0.007798766461 0.008207346944 0.653489653657 0.007961843654 0.008024143813 0.008001019601 0.0 0.0 0.0 0.0 0.0 0.0 0.0 0.0 0.0 0.0 0.0 0.0 0.0 0.0 0.0 0.0 0.0 0.0 0.0 0.0 0.0 0.0 0.0 0.0 0.0 0.0 0.0 0.0 0.0 0.0 0.0 0.0 0.0 0.0 0.0 0.0 0.0 0.0 0.0 0.0 0.0 0.0 0.0 0.0 0.0 0.0 0.0 0.0 0.0 0.0 0.0 0.0 0.0 0.0 0.0 0.0 0.0 0.0 0.0 0.0 0.0 0.0 0.0 0.0 0.0 0.0 0.0 0.0 0.0 0.0 0.0 0.0 0.0 0.0 0.0 0.0 0.0 0.0 0.0 0.0 0.0 0.0 0.0
0.008199181925 0.007900517914 0.008005957087 0.008250301023 0.007829625216 0.008248039766 0.007975841717 0.007992788816 0.008031688925 0.007778509918 0.008389178344 0.008061684869 0.008075064043 0.008134695355 0.008132315924 0.008247636252 0.007880260429 0.007732986485 0.007848606946 0.008229957749 0.007811489843 0.007961843654 0.349127548699 0.008122148536 0.008105362479 0.0 0.0 0.0 0.0 0.0 0.0 0.0 0.0 0.0 0.0 0.0 0.0 0.0 0.0 0.0 0.0 0.0 0.0 0.0 0.0 0.0 0.0 0.0 0.0 0.0 0.0 0.0 0.0 0.0 0.0 0.0 0.0 0.0 0.0 0.0 0.0 0.0 0.0 0.0 0.0 0.0 0.0 0.0 0.0 0.0 0.0 0.0 0.0 0.0 0.0 0.0 0.0 0.0 0.0 0.0 0.0 0.0 0.0 0.0 0.0 0.0 0.0 0.0 0.0 0.0 0.0 0.0 0.0 0.0 0.0 0.0 0.0 0.0 0.0 0.0 0.0 0.0 0.0 0.0 0.0 0.0 0.0 0.0
0.008135724695 0.008027167666 0.008010709951 0.008020324078 0.008017563077 0.008054011828 0.008058355287 0.008052396539 0.008013499312 0.007999562329 0.008132750861 0.008032713632 0.00805382646 0.007972170182 0.007945201227 0.007971696138 0.007990760483 0.007971307896 0.008005581023 0.008005783461 0.0080105016 0.008024143813 0.008122148536 0.346784755651 0.008093834391 0.0 0.0 0.0 0.0 0.0 0.0 0.0 0.0 0.0 0.0 0.0 0.0 0.0 0.0 0.0 0.0 0.0 0.0 0.0 0.0 0.0 0.0 0.0 0.0 0.0 0.0 0.0 0.0 0.0 0.0 0.0 0.0 0.0 0.0 0.0 0.0 0.0 0.0 0.0 0.0 0.0 0.0 0.0 0.0 0.0 0.0 0.0 0.0 0.0 0.0 0.0 0.0 0.0 0.0 0.0 0.0 0.0 0.0 0.0 0.0 0.0 0.0 0.0 0.0 0.0 0.0 0.0 0.0 0.0 0.0 0.0 0.0 0.0 0.0 0.0 0.0 0.0 0.0 0.0 0.0 0.0 0.0 0.0
0.008160714402 0.00801148468 0.007998596366 0.008065771494 0.007961281465 0.008063494263 0.008030875295 0.008037065504 0.008052112797 0.00795090459 0.008181917922 0.008040443531 0.008070512165 0.008121650278 0.008014056764 0.007999133553 0.007992549755 0.007918174079 0.007973883661 0.008032787943 0.007962796449 0.008001019601 0.008105362479 0.008093834391 0.276634039403 0.0 0.0 0.0 0.0 0.0 0.0 0.0 0.0 0.0 0.0 0.0 0.0 0.0 0.0 0.0 0.0 0.0 0.0 0.0 0.0 0.0 0.0 0.0 0.0 0.0 0.0 0.0 0.0 0.0 0.0 0.0 0.0 0.0 0.0 0.0 0.0 0.0 0.0 0.0 0.0 0.0 0.0 0.0 0.0 0.0 0.0 0.0 0.0 0.0 0.0 0.0 0.0 0.0 0.0 0.0 0.0 0.0 0.0 0.0 0.0 0.0 0.0 0.0 0.0 0.0 0.0 0.0 0.0 0.0 0.0 0.0 0.0 0.0 0.0 0.0 0.0 0.0 0.0 0.0 0.0 0.0 0.0 0.0
0.0 0.0 0.0 0.0 0.0 0.0 0.0 0.0 0.0 0.0 0.0 0.0 0.0 0.0 0.0 0.0 0.0 0.0 0.0 0.0 0.0 0.0 0.0 0.0 0.0 0.0912802806561 0.002833051111 0.002837015275 0.00284387253 0.003142695289 0.002758512062 0.003124063567 0.003082060251 0.003056486345 0.002997773785 0.002977226492 0.002974798326 0.002937033443 0.002494270257 0.003136584791 0.00328782665 0.002934834968 0.002961472483 0.00271973674 0.003105006099 0.002768830646 0.00349475227 0.002525160958 0.003157271435 0.002744603922 0.003495896055 0.002686834735 0.002699286514 0.003213733095 0.002929798833 0.002521342418 0.003219957704 0.002871218213 0.003086000031 0.0 0.0 0.0 0.0 0.0 0.0 0.0 0.0 0.0 0.0 0.0 0.0 0.0 0.0 0.0 0.0 0.0 0.0 0.0 0.0 0.0 0.0 0.0 0.0 0.0 0.0 0.0 0.0 0.0 0.0 0.0 0.0 0.0 0.0 0.0 0.0 0.0 0.0 0.0 0.0 0.0 0.0 0.0 0.0 0.0 0.0 0.0 0.0 0.0
0.0 0.0 0.0 0.0 0.0 0.0 0.0 0.0 0.0 0.0 0.0 0.0 0.0 0.0 0.0 0.0 0.0 0.0 0.0 0.0 0.0 0.0 0.0 0.0 0.0 0.002833051111 0.517654782337 0.00309274994 0.003123918757 0.002896223549 0.003142101141 0.002932728632 0.0029622577 0.002977754942 0.002989555736 0.003013867766 0.003011604617 0.003034036768 0.003275490367 0.002913595836 0.002871482162 0.003034282664 0.003025283083 0.003164957071 0.002892918828 0.003129829215 0.002659663476 0.003264090137 0.002882712864 0.00314310564 0.002693391122 0.003187233124 0.003169039261 0.002860072751 0.003033216989 0.003255409501 0.002889448953 0.003082921553 0.002962455818 0.0 0.0 0.0 0.0 0.0 0.0 0.0 0.0 0.0 0.0 0.0 0.0 0.0 0.0 0.0 0.0 0.0 0.0 0.0 0.0 0.0 0.0 0.0 0.0 0.0 0.0 0.0 0.0 0.0 0.0 0.0 0.0 0.0 0.0 0.0 0.0 0.0 0.0 0.0 0.0 0.0 0.0 0.0 0.0 0.0 0.0 0.0 0.0 0.0
0.0 0.0 0.0 0.0 0.0 0.0 0.0 0.0 0.0 0.0 0.0 0.0 0.0 0.0 0.0 0.0 0.0 0.0 0.0 0.0 0.0 0.0 0.0 0.0 0.0 0.002837015275 0.00309274994 0.229150408783 0.003118011384 0.002903403962 0.003156472802 0.002929483658 0.002945121519 0.0029849487 0.002988376884 0.003013614816 0.003008400464 0.003031383216 0.003355708468 0.002924814906 0.002873746807 0.003033373882 0.003017341189 0.003189803039 0.002849993439 0.003126432789 0.002675126301 0.003313194813 0.002887191238 0.003148144382 0.002729619684 0.003208665194 0.00318579951 0.002853912268 0.003020184227 0.003309093625 0.002896168446 0.003075124862 0.002967350913 0.0 0.0 0.0 0.0 0.0 0.0 0.0 0.0 0.0 0.0 0.0 0.0 0.0 0.0 0.0 0.0 0.0 0.0 0.0 0.0 0.0 0.0 0.0 0.0 0.0 0.0 0.0 0.0 0.0 0.0 0.0 0.0 0.0 0.0 0.0 0.0 0.0 0.0 0.0 0.0 0.0 0.0 0.0 0.0 0.0 0.0 0.0 0.0 0.0
0.0 0.0 0.0 0.0 0.0 0.0 0.0 0.0 0.0 0.0 0.0 0.0 0.0 0.0 0.0 0.0 0.0 0.0 0.0 0.0 0.0 0.0 0.0 0.0 0.0 0.00284387253 0.003123918757 0.003118011384 0.570697946388 0.00290137863 0.003156078351 0.002934304739 0.00296100968 0.002991952656 0.002992006968 0.003020011994 0.003010390496 0.00303887529 0.003328713069 0.002924363164 0.002884175013 0.003041978342 0.003026535973 0.00319067057 0.002853571865 0.00312944596 0.002653764859 0.003298720467 0.002880144041 0.003146121302 0.002704734948 0.003209079582 0.003182482049 0.002852454311 0.003021164379 0.003278979894 0.002899376537 0.003080266571 0.002976734146 0.0 0.0 0.0 0.0 0.0 0.0 0.0 0.0 0.0 0.0 0.0 0.0 0.0 0.0 0.0 0.0 0.0 0.0 0.0 0.0 0.0 0.0 0.0 0.0 0.0 0.0 0.0 0.0 0.0 0.0 0.0 0.0 0.0 0.0 0.0 0.0 0.0 0.0 0.0 0.0 0.0 0.0 0.0 0.0 0.0 0.0 0.0 0.0 0.0
0.0 0.0 0.0 0.0 0.0 0.0 0.0 0.0 0.0 0.0 0.0 0.0 0.0 0.0 0.0 0.0 0.0 0.0 0.0 0.0 0.0 0.0 0.0 0.0 0.0 0.003142695289 0.002896223549 0.002903403962 0.00290137863 0.159443516217 0.002846685484 0.003052792923 0.003024073585 0.003010871796 0.00299965153 0.002973578394 0.002972920919 0.0029543813 0.002696088759 0.003069130222 0.003102049596 0.0029566064 0.002959706769 0.002819726028 0.003084504553 0.002859109471 0.003308210274 0.002706934877 0.00309754098 0.002844083352 0.003266190776 0.002800035264 0.002816217545 0.003122667471 0.00295094371 0.002720308162 0.003087588408 0.002904512491 0.003027351673 0.0 0.0 0.0 0.0 0.0 0.0 0.0 0.0 0.0 0.0 0.0 0.0 0.0 0.0 0.0 0.0 0.0 0.0 0.0 0.0 0.0 0.0 0.0 0.0 0.0 0.0 0.0 0.0 0.0 0.0 0.0 0.0 0.0 0.0 0.0 0.0 0.0 0.0 0.0 0.0 0.0 0.0 0.0 0.0 0.0 0.0 0.0 0.0 0.0
0.0 0.0 0.0 0.0 0.0 0.0 0.0 0.0 0.0 0.0 0.0 0.0 0.0 0.0 0.0 0.0 0.0 0.0 0.0 0.0 0.0 0.0 0.0 0.0 0.0 0.002758512062 0.003142101141 0.003156472802 0.003156078351 0.002846685484 0.435844265894 0.002898981792 0.002933220635 0.002971405225 0.002982135828 0.003035363803 0.00303255133 0.003059168157 0.003541082908 0.002889489832 0.002818460676 0.003052382379 0.00305154277 0.003301412287 0.002828229645 0.003205702509 0.002512531764 0.003491189437 0.002834404132 0.003244899006 0.002584187154 0.003318006264 0.003290513888 0.002782159462 0.003044089388 0.003482045092 0.002845379931 0.0031315127 0.002931158623 0.0 0.0 0.0 0.0 0.0 0.0 0.0 0.0 0.0 0.0 0.0 0.0 0.0 0.0 0.0 0.0 0.0 0.0 0.0 0.0 0.0 0.0 0.0 0.0 0.0 0.0 0.0 0.0 0.0 0.0 0.0 0.0 0.0 0.0 0.0 0.0 0.0 0.0 0.0 0.0 0.0 0.0 0.0 0.0 0.0 0.0 0.0 0.0 0.0
0.0 0.0 0.0 0.0 0.0 0.0 0.0 0.0 0.0 0.0 0.0 0.0 0.0 0.0 0.0 0.0 0.0 0.0 0.0 0.0 0.0 0.0 0.0 0.0 0.0 0.003124063567 0.002932728632 0.002929483658 0.002934304739 0.003052792923 0.002898981792 0.136797159607 0.003034167324 0.003020757572 0.003000597221 0.002993916918 0.002986690992 0.002974324136 0.002767895448 0.003048844103 0.003106860759 0.002975593578 0.002986733491 0.002874636624 0.003037204003 0.002901916403 0.003157219119 0.002782009508 0.003055204074 0.002890019183 0.003154815727 0.002862544511 0.002866930431 0.003076034208 0.002975521423 0.002786406348 0.003082221512 0.00294898592 0.003033279187 0.0 0.0 0.0 0.0 0.0 0.0 0.0 0.0 0.0 0.0 0.0 0.0 0.0 0.0 0.0 0.0 0.0 0.0 0.0 0.0 0.0 0.0 0.0 0.0 0.0 0.0 0.0 0.0 0.0 0.0 0.0 0.0 0.0 0.0 0.0 0.0 0.0 0.0 0.0 0.0 0.0 0.0 0.0 0.0 0.0 0.0 0.0 0.0 0.0
0.0 0.0 0.0 0.0 0.0 0.0 0.0 0.0 0.0 0.0 0.0 0.0 0.0 0.0 0.0 0.0 0.0 0.0 0.0 0.0 0.0 0.0 0.0 0.0 0.0 0.003082060251 0.0029622577 0.002945121519 0.00296100968 0.003024073585 0.002933220635 0.003034167324 0.16294735056 0.00301695886 0.002999921816 0.003004675637 0.002995716582 0.002991006846 0.002823490898 0.003032231951 0.003080253807 0.002990498689 0.003004852994 0.00291208104 0.003035332815 0.002939001077 0.003061404082 0.002839615222 0.003023362288 0.002929489668 0.003051669567 0.002909251613 0.002910406494 0.003043736373 0.002994650984 0.002834256848 0.003053530865 0.002977713677 0.003023424016 0.0 0.0 0.0 0.0 0.0 0.0 0.0 0.0 0.0 0.0 0.0 0.0 0.0 0.0 0.0 0.0 0.0 0.0 0.0 0.0 0.0 0.0 0.0 0.0 0.0 0.0 0.0 0.0 0.0 0.0 0.0 0.0 0.0 0.0 0.0 0.0 0.0 0.0 0.0 0.0 0.0 0.0 0.0 0.0 0.0 0.0 0.0 0.0 0.0
0.0 0.0 0.0 0.0 0.0 0.0 0.0 0.0 0.0 0.0 0.0 0.0 0.0 0.0 0.0 0.0 0.0 0.0 0.0 0.0 0.0 0.0 0.0 0.0 0.0 0.003056486345 0.002977754942 0.0029849487 0.002991952656 0.003010871796 0.002971405225 0.003020757572 0.00301695886 0.420051286159 0.002997696734 0.003004487414 0.00299436763 0.002994666566 0.002935397621 0.003021731764 0.003058646115 0.002996553118 0.003000739099 0.00296518156 0.002969620699 0.002963276696 0.003017328838 0.00293213318 0.003004465228 0.002961446673 0.003039020735 0.002966238483 0.002955305923 0.003014975439 0.002990630144 0.00292784165 0.003040606417 0.002989782154 0.003027349051 0.0 0.0 0.0 0.0 0.0 0.0 0.0 0.0 0.0 0.0 0.0 0.0 0.0 0.0 0.0 0.0 0.0 0.0 0.0 0.0 0.0 0.0 0.0 0.0 0.0 0.0 0.0 0.0 0.0 0.0 0.0 0.0 0.0 0.0 0.0 0.0 0.0 0.0 0.0 0.0 0.0 0.0 0.0 0.0 0.0 0.0 0.0 0.0 0.0
0.0 0.0 0.0 0.0 0.0 0.0 0.0 0.0 0.0 0.0 0.0 0.0 0.0 0.0 0.0 0.0 0.0 0.0 0.0 0.0 0.0 0.0 0.0 0.0 0.0 0.002997773785 0.002989555736 0.002988376884 0.002992006968 0.00299965153 0.002982135828 0.003000597221 0.002999921816 0.002997696734 0.284939764214 0.002997237743 0.002991698317 0.002994414092 0.002953036469 0.002998137201 0.002998656252 0.002996868151 0.002995890448 0.002975262068 0.002994199118 0.002983395979 0.002980829357 0.002953287427 0.002994916456 0.00297971735 0.00297662326 0.002975349177 0.00297478208 0.002996745343 0.00299564616 0.002959574862 0.002998392381 0.002990185108 0.003000312715 0.0 0.0 0.0 0.0 0.0 0.0 0.0 0.0 0.0 0.0 0.0 0.0 0.0 0.0 0.0 0.0 0.0 0.0 0.0 0.0 0.0 0.0 0.0 0.0 0.0 0.0 0.0 0.0 0.0 0.0 0.0 0.0 0.0 0.0 0.0 0.0 0.0 0.0 0.0 0.0 0.0 0.0 0.0 0.0 0.0 0.0 0.0 0.0 0.0
0.0 0.0 0.0 0.0 0.0 0.0 0.0 0.0 0.0 0.0 0.0 0.0 0.0 0.0 0.0 0.0 0.0 0.0 0.0 0.0 0.0 0.0 0.0 0.0 0.0 0.002977226492 0.003013867766 0.003013614816 0.003020011994 0.002973578394 0.003035363803 0.002993916918 0.003004675637 0.003004487414 0.002997237743 0.35549182464 0.003006968419 0.003013547662 0.003044155321 0.002991777471 0.002995321833 0.003012752444 0.003020596743 0.003030436264 0.002968073742 0.00301641194 0.002885540712 0.003032826152 0.002966955556 0.003024295039 0.002903038833 0.003031557619 0.003023003653 0.002961761129 0.003010129065 0.003033571275 0.002988452693 0.003022825099 0.002994847773 0.0 0.0 0.0 0.0 0.0 0.0 0.0 0.0 0.0 0.0 0.0 0.0 0.0 0.0 0.0 0.0 0.0 0.0 0.0 0.0 0.0 0.0 0.0 0.0 0.0 0.0 0.0 0.0 0.0 0.0 0.0 0.0 0.0 0.0 0.0 0.0 0.0 0.0 0.0 0.0 0.0 0.0 0.0 0.0 0.0 0.0 0.0 0.0 0.0
0.0 0.0 0.0 0.0 0.0 0.0 0.0 0.0 0.0 0.0 0.0 0.0 0.0 0.0 0.0 0.0 0.0 0.0 0.0 0.0 0.0 0.0 0.0 0.0 0.0 0.002974798326 0.003011604617 0.003008400464 0.003010390496 0.002972920919 0.00303255133 0.002986690992 0.002995716582 0.00299436763 0.002991698317 0.003006968419 0.421053085588 0.003006541862 0.003052165262 0.002986278565 0.00298545489 0.003002786338 0.003010994707 0.00303326695 0.002983363313 0.003020538085 0.002920907806 0.003049221528 0.00297216872 0.003027693055 0.002930158424 0.003032618859 0.003029525862 0.002968227918 0.003005320538 0.003049144828 0.002981897399 0.003017171811 0.002984680765 0.0 0.0 0.0 0.0 0.0 0.0 0.0 0.0 0.0 0.0 0.0 0.0 0.0 0.0 0.0 0.0 0.0 0.0 0.0 0.0 0.0 0.0 0.0 0.0 0.0 0.0 0.0 0.0 0.0 0.0 0.0 0.0 0.0 0.0 0.0 0.0 0.0 0.0 0.0 0.0 0.0 0.0 0.0 0.0 0.0 0.0 0.0 0.0 0.0
0.0 0.0 0.0 0.0 0.0 0.0 0.0 0.0 0.0 0.0 0.0 0.0 0.0 0.0 0.0 0.0 0.0 0.0 0.0 0.0 0.0 0.0 0.0 0.0 0.0 0.002937033443 0.003034036768 0.003031383216 0.00303887529 0.0029543813 0.003059168157 0.002974324136 0.002991006846 0.002994666566 0.002994414092 0.003013547662 0.003006541862 0.19830401712 0.003110419869 0.002971456539 0.002958799412 0.003015998981 0.00301758822 0.003064869317 0.002954625772 0.003046092847 0.002838668936 0.003102947575 0.002946675627 0.003053831283 0.002853355779 0.00307201243 0.003061526925 0.002938196472 0.003016519233 0.003099437291 0.002959309808 0.00303545732 0.002984214347 0.0 0.0 0.0 0.0 0.0 0.0 0.0 0.0 0.0 0.0 0.0 0.0 0.0 0.0 0.0 0.0 0.0 0.0 0.0 0.0 0.0 0.0 0.0 0.0 0.0 0.0 0.0 0.0 0.0 0.0 0.0 0.0 0.0 0.0 0.0 0.0 0.0 0.0 0.0 0.0 0.0 0.0 0.0 0.0 0.0 0.0 0.0 0.0 0.0
0.0 0.0 0.0 0.0 0.0 0.0 0.0 0.0 0.0 0.0 0.0 0.0 0.0 0.0 0.0 0.0 0.0 0.0 0.0 0.0 0.0 0.0 0.0 0.0 0.0 0.002494270257 0.003275490367 0.003355708468 0.003328713069 0.002696088759 0.003541082908 0.002767895448 0.002823490898 0.002935397621 0.002953036469 0.003044155321 0.003052165262 0.003110419869 0.719101411137 0.002777046503 0.002602884786 0.003090049706 0.00306378407 0.003710298723 0.002599583506 0.003426998728 0.002089635787 0.004256748095 0.00267346486 0.003524192738 0.00225273722 0.00370799916 0.003655496866 0.002556140513 0.003057264726 0.004231012953 0.002672866689 0.003240016053 0.00285794689 0.0 0.0 0.0 0.0 0.0 0.0 0.0 0.0 0.0 0.0 0.0 0.0 0.0 0.0 0.0 0.0 0.0 0.0 0.0 0.0 0.0 0.0 0.0 0.0 0.0 0.0 0.0 0.0 0.0 0.0 0.0 0.0 0.0 0.0 0.0 0.0 0.0 0.0 0.0 0.0 0.0 0.0 0.0 0.0 0.0 0.0 0.0 0.0 0.0
0.0 0.0 0.0 0.0 0.0 0.0 0.0 0.0 0.0 0.0 0.0 0.0 0.0 0.0 0.0 0.0 0.0 0.0 0.0 0.0 0.0 0.0 0.0 0.0 0.0 0.003136584791 0.002913595836 0.002924814906 0.002924363164 0.003069130222 0.002889489832 0.003048844103 0.003032231951 0.003021731764 0.002998137201 0.002991777471 0.002986278565 0.002971456539 0.002777046503 0.154431639634 0.003113044953 0.002969932905 0.002980634961 0.002870584572 0.003057076364 0.002886895602 0.003220908738 0.002777962275 0.00307163415 0.002880979486 0.003208214464 0.002850309332 0.0028582248 0.003093376793 0.002962747765 0.002787729929 0.003087942682 0.002932672733 0.00302900107 0.0 0.0 0.0 0.0 0.0 0.0 0.0 0.0 0.0 0.0 0.0 0.0 0.0 0.0 0.0 0.0 0.0 0.0 0.0 0.0 0.0 0.0 0.0 0.0 0.0 0.0 0.0 0.0 0.0 0.0 0.0 0.0 0.0 0.0 0.0 0.0 0.0 0.0 0.0 0.0 0.0 0.0 0.0 0.0 0.0 0.0 0.0 0.0 0.0
0.0 0.0 0.0 0.0 0.0 0.0 0.0 0.0 0.0 0.0 0.0 0.0 0.0 0.0 0.0 0.0 0.0 0.0 0.0 0.0 0.0 0.0 0.0 0.0 0.0 0.00328782665 0.002871482162 0.002873746807 0.002884175013 0.003102049596 0.002818460676 0.003106860759 0.003080253807 0.003058646115 0.002998656252 0.002995321833 0.00298545489 0.002958799412 0.002602884786 0.003113044953 0.438488726892 0.002955991612 0.002983490445 0.002786870353 0.003060394142 0.002820424869 0.003347575127 0.002626952204 0.003112665816 0.002800327667 0.00337176048 0.002763168482 0.00276459359 0.003157439425 0.002952368022 0.002616323312 0.003192855404 0.002915072847 0.003082242564 0.0 0.0 0.0 0.0 0.0 0.0 0.0 0.0 0.0 0.0 0.0 0.0 0.0 0.0 0.0 0.0 0.0 0.0 0.0 0.0 0.0 0.0 0.0 0.0 0.0 0.0 0.0 0.0 0.0 0.0 0.0 0.0 0.0 0.0 0.0 0.0 0.0 0.0 0.0 0.0 0.0 0.0 0.0 0.0 0.0 0.0 0.0 0.0 0.0
0.0 0.0 0.0 0.0 0.0 0.0 0.0 0.0 0.0 0.0 0.0 0.0 0.0 0.0 0.0 0.0 0.0 0.0 0.0 0.0 0.0 0.0 0.0 0.0 0.0 0.002934834968 0.003034282664 0.003033373882 0.003041978342 0.0029566064 0.003052382379 0.002975593578 0.002990498689 0.002996553118 0.002996868151 0.003012752444 0.003002786338 0.003015998981 0.003090049706 0.002969932905 0.002955991612 0.225676721664 0.003016664246 0.003054667146 0.002946550581 0.003040911299 0.002833989778 0.00308008975 0.002946495964 0.003046059669 0.002849587662 0.003065360953 0.003053861284 0.002937698645 0.003017818104 0.00308115149 0.00295974914 0.003033733439 0.002990182741 0.0 0.0 0.0 0.0 0.0 0.0 0.0 0.0 0.0 0.0 0.0 0.0 0.0 0.0 0.0 0.0 0.0 0.0 0.0 0.0 0.0 0.0 0.0 0.0 0.0 0.0 0.0 0.0 0.0 0.0 0.0 0.0 0.0 0.0 0.0 0.0 0.0 0.0 0.0 0.0 0.0 0.0 0.0 0.0 0.0 0.0 0.0 0.0 0.0
0.0 0.0 0.0 0.0 0.0 0.0 0.0 0.0 0.0 0.0 0.0 0.0 0.0 0.0 0.0 0.0 0.0 0.0 0.0 0.0 0.0 0.0 0.0 0.0 0.0 0.002961472483 0.003025283083 0.003017341189 0.003026535973 0.002959706769 0.00305154277 0.002986733491 0.003004852994 0.003000739099 0.002995890448 0.003020596743 0.003010994707 0.00301758822 0.00306378407 0.002980634961 0.002983490445 0.003016664246 0.520822358819 0.003042260849 0.00297161576 0.00303318542 0.002855830035 0.003059861042 0.002954938616 0.003040564531 0.002870616513 0.003049674217 0.003041599152 0.002948169227 0.00301734083 0.003053362597 0.002977735155 0.003035497247 0.002987970431 0.0 0.0 0.0 0.0 0.0 0.0 0.0 0.0 0.0 0.0 0.0 0.0 0.0 0.0 0.0 0.0 0.0 0.0 0.0 0.0 0.0 0.0 0.0 0.0 0.0 0.0 0.0 0.0 0.0 0.0 0.0 0.0 0.0 0.0 0.0 0.0 0.0 0.0 0.0 0.0 0.0 0.0 0.0 0.0 0.0 0.0 0.0 0.0 0.0
0.0 0.0 0.0 0.0 0.0 0.0 0.0 0.0 0.0 0.0 0.0 0.0 0.0 0.0 0.0 0.0 0.0 0.0 0.0 0.0 0.0 0.0 0.0 0.0 0.0 0.00271973674 0.003164957071 0.003189803039 0.00319067057 0.002819726028 0.003301412287 0.002874636624 0.00291208104 0.00296518156 0.002975262068 0.003030436264 0.00303326695 0.003064869317 0.003710298723 0.002870584572 0.002786870353 0.003054667146 0.003042260849 2.26941172414 0.002781388851 0.003237853048 0.002450989892 0.00366430662 0.002806988238 0.00328699856 0.002538497685 0.003391300755 0.003353862776 0.00274718865 0.003048353999 0.003649433704 0.002820579352 0.003150738683 0.002924279287 0.0 0.0 0.0 0.0 0.0 0.0 0.0 0.0 0.0 0.0 0.0 0.0 0.0 0.0 0.0 0.0 0.0 0.0 0.0 0.0 0.0 0.0 0.0 0.0 0.0 0.0 0.0 0.0 0.0 0.0 0.0 0.0 0.0 0.0 0.0 0.0 0.0 0.0 0.0 0.0 0.0 0.0 0.0 0.0 0.0 0.0 0.0 0.0 0.0
0.0 0.0 0.0 0.0 0.0 0.0 0.0 0.0 0.0 0.0 0.0 0.0 0.0 0.0 0.0 0.0 0.0 0.0 0.0 0.0 0.0 0.0 0.0 0.0 0.0 0.003105006099 0.002892918828 0.002849993439 0.002853571865 0.003084504553 0.002828229645 0.003037204003 0.003035332815 0.002969620699 0.002994199118 0.002968073742 0.002983363313 0.002954625772 0.002599583506 0.003057076364 0.003060394142 0.002946550581 0.00297161576 0.002781388851 0.134926150499 0.002869631034 0.003347860744 0.002646135943 0.003108244307 0.002849007053 0.003223309778 0.00275546194 0.002802583167 0.003134208703 0.002968788452 0.00265799669 0.003050402699 0.002901904327 0.002968929804 0.0 0.0 0.0 0.0 0.0 0.0 0.0 0.0 0.0 0.0 0.0 0.0 0.0 0.0 0.0 0.0 0.0 0.0 0.0 0.0 0.0 0.0 0.0 0.0 0.0 0.0 0.0 0.0 0.0 0.0 0.0 0.0 0.0 0.0 0.0 0.0 0.0 0.0 0.0 0.0 0.0 0.0 0.0 0.0 0.0 0.0 0.0 0.0 0.0
0.0 0.0 0.0 0.0 0.0 0.0 0.0 0.0 0.0 0.0 0.0 0.0 0.0 0.0 0.0 0.0 0.0 0.0 0.0 0.0 0.0 0.0 0.0 0.0 0.0 0.002768830646 0.003129829215 0.003126432789 0.00312944596 0.002859109471 0.003205702509 0.002901916403 0.002939001077 0.002963276696 0.002983395979 0.00301641194 0.003020538085 0.003046092847 0.003426998728 0.002886895602 0.002820424869 0.003040911299 0.00303318542 0.003237853048 0.002869631034 0.455267769136 0.00256587533 0.003404621477 0.002849414733 0.003208058718 0.002610939464 0.003268456072 0.003249918727 0.002811701723 0.003045430327 0.003389841229 0.002846678176 0.003111786182 0.002935655145 0.0 0.0 0.0 0.0 0.0 0.0 0.0 0.0 0.0 0.0 0.0 0.0 0.0 0.0 0.0 0.0 0.0 0.0 0.0 0.0 0.0 0.0 0.0 0.0 0.0 0.0 0.0 0.0 0.0 0.0 0.0 0.0 0.0 0.0 0.0 0.0 0.0 0.0 0.0 0.0 0.0 0.0 0.0 0.0 0.0 0.0 0.0 0.0 0.0
0.0 0.0 0.0 0.0 0.0 0.0 0.0 0.0 0.0 0.0 0.0 0.0 0.0 0.0 0.0 0.0 0.0 0.0 0.0 0.0 0.0 0.0 0.0 0.0 0.0 0.00349475227 0.002659663476 0.002675126301 0.002653764859 0.003308210274 0.002512531764 0.003157219119 0.003061404082 0.003017328838 0.002980829357 0.002885540712 0.002920907806 0.002838668936 0.002089635787 0.003220908738 0.003347575127 0.002833989778 0.002855830035 0.002450989892 0.003347860744 0.00256587533 0.132925261309 0.002142736951 0.003362188448 0.002521381267 0.004150667912 0.002387253711 0.002445396074 0.003438458192 0.002827287206 0.002147806552 0.003302891635 0.00269115482 0.003069035163 0.0 0.0 0.0 0.0 0.0 0.0 0.0 0.0 0.0 0.0 0.0 0.0 0.0 0.0 0.0 0.0 0.0 0.0 0.0 0.0 0.0 0.0 0.0 0.0 0.0 0.0 0.0 0.0 0.0 0.0 0.0 0.0 0.0 0.0 0.0 0.0 0.0 0.0 0.0 0.0 0.0 0.0 0.0 0.0 0.0 0.0 0.0 0.0 0.0
0.0 0.0 0.0 0.0 0.0 0.0 0.0 0.0 0.0 0.0 0.0 0.0 0.0 0.0 0.0 0.0 0.0 0.0 0.0 0.0 0.0 0.0 0.0 0.0 0.0 0.002525160958 0.003264090137 0.003313194813 0.003298720467 0.002706934877 0.003491189437 0.002782009508 0.002839615222 0.00293213318 0.002953287427 0.003032826152 0.003049221528 0.003102947575 0.004256748095 0.002777962275 0.002626952204 0.00308008975 0.003059861042 0.00366430662 0.002646135943 0.003404621477 0.002142736951 0.405243088396 0.002688797777 0.003481410856 0.002282021503 0.003652805753 0.003605157862 0.00258802007 0.003062003493 0.004179183669 0.002688964615 0.003231251795 0.002864786626 0.0 0.0 0.0 0.0 0.0 0.0 0.0 0.0 0.0 0.0 0.0 0.0 0.0 0.0 0.0 0.0 0.0 0.0 0.0 0.0 0.0 0.0 0.0 0.0 0.0 0.0 0.0 0.0 0.0 0.0 0.0 0.0 0.0 0.0 0.0 0.0 0.0 0.0 0.0 0.0 0.0 0.0 0.0 0.0 0.0 0.0 0.0 0.0 0.0
0.0 0.0 0.0 0.0 0.0 0.0 0.0 0.0 0.0 0.0 0.0 0.0 0.0 0.0 0.0 0.0 0.0 0.0 0.0 0.0 0.0 0.0 0.0 0.0 0.0 0.003157271435 0.002882712864 0.002887191238 0.002880144041 0.00309754098 0.002834404132 0.003055204074 0.003023362288 0.003004465228 0.002994916456 0.002966955556 0.00297216872 0.002946675627 0.00267346486 0.00307163415 0.003112665816 0.002946495964 0.002954938616 0.002806988238 0.003108244307 0.002849414733 0.003362188448 0.002688797777 0.090920881725 0.002834291485 0.003323163515 0.002781365394 0.002803306063 0.003135572052 0.00294426775 0.002700589786 0.003096907236 0.00289518668 0.003021503006 0.0 0.0 0.0 0.0 0.0 0.0 0.0 0.0 0.0 0.0 0.0 0.0 0.0 0.0 0.0 0.0 0.0 0.0 0.0 0.0 0.0 0.0 0.0 0.0 0.0 0.0 0.0 0.0 0.0 0.0 0.0 0.0 0.0 0.0 0.0 0.0 0.0 0.0 0.0 0.0 0.0 0.0 0.0 0.0 0.0 0.0 0.0 0.0 0.0
0.0 0.0 0.0 0.0 0.0 0.0 0.0 0.0 0.0 0.0 0.0 0.0 0.0 0.0 0.0 0.0 0.0 0.0 0.0 0.0 0.0 0.0 0.0 0.0 0.0 0.002744603922 0.00314310564 0.003148144382 0.003146121302 0.002844083352 0.003244899006 0.002890019183 0.002929489668 0.002961446673 0.00297971735 0.003024295039 0.003027693055 0.003053831283 0.003524192738 0.002880979486 0.002800327667 0.003046059669 0.003040564531 0.00328699856 0.002849007053 0.003208058718 0.002521381267 0.003481410856 0.002834291485 0.52447760804 0.00257974216 0.003312178474 0.003292371232 0.002787436834 0.003045862897 0.003463619709 0.002831062702 0.003125285069 0.002924064052 0.0 0.0 0.0 0.0 0.0 0.0 0.0 0.0 0.0 0.0 0.0 0.0 0.0 0.0 0.0 0.0 0.0 0.0 0.0 0.0 0.0 0.0 0.0 0.0 0.0 0.0 0.0 0.0 0.0 0.0 0.0 0.0 0.0 0.0 0.0 0.0 0.0 0.0 0.0 0.0 0.0 0.0 0.0 0.0 0.0 0.0 0.0 0.0 0.0
0.0 0.0 0.0 0.0 0.0 0.0 0.0 0.0 0.0 0.0 0.0 0.0 0.0 0.0 0.0 0.0 0.0 0.0 0.0 0.0 0.0 0.0 0.0 0.0 0.0 0.003495896055 0.002693391122 0.002729619684 0.002704734948 0.003266190776 0.002584187154 0.003154815727 0.003051669567 0.003039020735 0.00297662326 0.002903038833 0.002930158424 0.002853355779 0.00225273722 0.003208214464 0.00337176048 0.002849587662 0.002870616513 0.002538497685 0.003223309778 0.002610939464 0.004150667912 0.002282021503 0.003323163515 0.00257974216 0.088298149639 0.002478179868 0.002518744817 0.003383467284 0.002831020899 0.002296693419 0.003317335777 0.002727533037 0.003095752175 0.0 0.0 0.0 0.0 0.0 0.0 0.0 0.0 0.0 0.0 0.0 0.0 0.0 0.0 0.0 0.0 0.0 0.0 0.0 0.0 0.0 0.0 0.0 0.0 0.0 0.0 0.0 0.0 0.0 0.0 0.0 0.0 0.0 0.0 0.0 0.0 0.0 0.0 0.0 0.0 0.0 0.0 0.0 0.0 0.0 0.0 0.0 0.0 0.0
0.0 0.0 0.0 0.0 0.0 0.0 0.0 0.0 0.0 0.0 0.0 0.0 0.0 0.0 0.0 0.0 0.0 0.0 0.0 0.0 0.0 0.0 0.0 0.0 0.0 0.002686834735 0.003187233124 0.003208665194 0.003209079582 0.002800035264 0.003318006264 0.002862544511 0.002909251613 0.002966238483 0.002975349177 0.003031557619 0.003032618859 0.00307201243 0.00370799916 0.002850309332 0.002763168482 0.003065360953 0.003049674217 0.003391300755 0.00275546194 0.003268456072 0.002387253711 0.003652805753 0.002781365394 0.003312178474 0.002478179868 0.248074674155 0.003383868819 0.002724692186 0.003057696776 0.003614351634 0.002798251762 0.003166132254 0.002926569656 0.0 0.0 0.0 0.0 0.0 0.0 0.0 0.0 0.0 0.0 0.0 0.0 0.0 0.0 0.0 0.0 0.0 0.0 0.0 0.0 0.0 0.0 0.0 0.0 0.0 0.0 0.0 0.0 0.0 0.0 0.0 0.0 0.0 0.0 0.0 0.0 0.0 0.0 0.0 0.0 0.0 0.0 0.0 0.0 0.0 0.0 0.0 0.0 0.0
