54 54
1.20692697603 0.0112687926 0.01196564507 0.01144400017 0.0113565654 0.01145803469 0.01128364912 0.01195708245 0.01200872164 0.0113445951 0.0 0.0 0.0 0.0 0.0 0.0 0.0 0.0 0.0 0.0 0.0 0.0 0.0 0.0 0.0 0.0 0.0 0.0 0.0 0.0 0.0 0.0 0.0 0.0 0.0 0.0 0.0 0.0 0.0 0.0 0.0 0.0 0.0 0.0 0.0 0.0 0.0 0.0 0.0 0.0 0.0 0.0 0.0 0.0
0.0112687926 0.414120822464 0.01050360926 0.01187565872 0.01211198814 0.01154663633 0.01218871024 0.01035193719 0.01084673373 0.01140888177 0.0 0.0 0.0 0.0 0.0 0.0 0.0 0.0 0.0 0.0 0.0 0.0 0.0 0.0 0.0 0.0 0.0 0.0 0.0 0.0 0.0 0.0 0.0 0.0 0.0 0.0 0.0 0.0 0.0 0.0 0.0 0.0 0.0 0.0 0.0 0.0 0.0 0.0 0.0 0.0 0.0 0.0 0.0 0.0
0.01196564507 0.01050360926 0.456509654495 0.01082620598 0.01036626867 0.01146842333 0.01009283009 0.01443685106 0.01314511406 0.0118195821 0.0 0.0 0.0 0.0 0.0 0.0 0.0 0.0 0.0 0.0 0.0 0.0 0.0 0.0 0.0 0.0 0.0 0.0 0.0 0.0 0.0 0.0 0.0 0.0 0.0 0.0 0.0 0.0 0.0 0.0 0.0 0.0 0.0 0.0 0.0 0.0 0.0 0.0 0.0 0.0 0.0 0.0 0.0 0.0
0.01144400017 0.01187565872 0.01082620598 0.386133548614 0.01192090591 0.01154626598 0.01197792181 0.01071880811 0.01111091731 0.01143461495 0.0 0.0 0.0 0.0 0.0 0.0 0.0 0.0 0.0 0.0 0.0 0.0 0.0 0.0 0.0 0.0 0.0 0.0 0.0 0.0 0.0 0.0 0.0 0.0 0.0 0.0 0.0 0.0 0.0 0.0 0.0 0.0 0.0 0.0 0.0 0.0 0.0 0.0 0.0 0.0 0.0 0.0 0.0 0.0
0.0113565654 0.01211198814 0.01036626867 0.01192090591 0.600302160799 0.01150203199 0.01230705003 0.01019874596 0.01081196804 0.01130124984 0.0 0.0 0.0 0.0 0.0 0.0 0.0 0.0 0.0 0.0 0.0 0.0 0.0 0.0 0.0 0.0 0.0 0.0 0.0 0.0 0.0 0.0 0.0 0.0 0.0 0.0 0.0 0.0 0.0 0.0 0.0 0.0 0.0 0.0 0.0 0.0 0.0 0.0 0.0 0.0 0.0 0.0 0.0 0.0
0.01145803469 0.01154663633 0.01146842333 0.01154626598 0.01150203199 0.466185967891 0.01153640537 0.01144728838 0.01141120795 0.0116875254 0.0 0.0 0.0 0.0 0.0 0.0 0.0 0.0 0.0 0.0 0.0 0.0 0.0 0.0 0.0 0.0 0.0 0.0 0.0 0.0 0.0 0.0 0.0 0.0 0.0 0.0 0.0 0.0 0.0 0.0 0.0 0.0 0.0 0.0 0.0 0.0 0.0 0.0 0.0 0.0 0.0 0.0 0.0 0.0
0.01128364912 0.01218871024 0.01009283009 0.01197792181 0.01230705003 0.01153640537 0.315000712052 0.009898284232 0.01053844006 0.01129401669 0.0 0.0 0.0 0.0 0.0 0.0 0.0 0.0 0.0 0.0 0.0 0.0 0.0 0.0 0.0 0.0 0.0 0.0 0.0 0.0 0.0 0.0 0.0 0.0 0.0 0.0 0.0 0.0 0.0 0.0 0.0 0.0 0.0 0.0 0.0 0.0 0.0 0.0 0.0 0.0 0.0 0.0 0.0 0.0
0.01195708245 0.01035193719 0.01443685106 0.01071880811 0.01019874596 0.01144728838 0.009898284232 0.174255483906 0.01338891337 0.01187739849 0.0 0.0 0.0 0.0 0.0 0.0 0.0 0.0 0.0 0.0 0.0 0.0 0.0 0.0 0.0 0.0 0.0 0.0 0.0 0.0 0.0 0.0 0.0 0.0 0.0 0.0 0.0 0.0 0.0 0.0 0.0 0.0 0.0 0.0 0.0 0.0 0.0 0.0 0.0 0.0 0.0 0.0 0.0 0.0
0.01200872164 0.01084673373 0.01314511406 0.01111091731 0.01081196804 0.01141120795 0.01053844006 0.01338891337 0.313667368826 0.01157100231 0.0 0.0 0.0 0.0 0.0 0.0 0.0 0.0 0.0 0.0 0.0 0.0 0.0 0.0 0.0 0.0 0.0 0.0 0.0 0.0 0.0 0.0 0.0 0.0 0.0 0.0 0.0 0.0 0.0 0.0 0.0 0.0 0.0 0.0 0.0 0.0 0.0 0.0 0.0 0.0 0.0 0.0 0.0 0.0
0.0113445951 0.01140888177 0.0118195821 0.01143461495 0.01130124984 0.0116875254 0.01129401669 0.01187739849 0.01157100231 0.386798912717 0.0 0.0 0.0 0.0 0.0 0.0 0.0 0.0 0.0 0.0 0.0 0.0 0.0 0.0 0.0 0.0 0.0 0.0 0.0 0.0 0.0 0.0 0.0 0.0 0.0 0.0 0.0 0.0 0.0 0.0 0.0 0.0 0.0 0.0 0.0 0.0 0.0 0.0 0.0 0.0 0.0 0.0 0.0 0.0
0.0 0.0 0.0 0.0 0.0 0.0 0.0 0.0 0.0 0.0 0.481178168481 0.01032062958 0.00991435181 0.009538724676 0.010765014 0.009281034958 0.01030603731 0.01073516826 0.01064626136 0.009481422528 0.01134121253 0.01165421386 0.01028191551 0.009010483727 0.008987482291 0.008430348763 0.008373549229 0.01007360129 0.009693523213 0.0 0.0 0.0 0.0 0.0 0.0 0.0 0.0 0.0 0.0 0.0 0.0 0.0 0.0 0.0 0.0 0.0 0.0 0.0 0.0 0.0 0.0 0.0 0.0 0.0
0.0 0.0 0.0 0.0 0.0 0.0 0.0 0.0 0.0 0.0 0.01032062958 0.61298067359 0.01001347475 0.009909137259 0.01024761542 0.00977841287 0.01014338777 0.01023437621 0.01024345547 0.009867227495 0.01035216614 0.01041190114 0.01013009757 0.00969582618 0.009663472419 0.009428692955 0.009374514553 0.01006638562 0.009927776999 0.0 0.0 0.0 0.0 0.0 0.0 0.0 0.0 0.0 0.0 0.0 0.0 0.0 0.0 0.0 0.0 0.0 0.0 0.0 0.0 0.0 0.0 0.0 0.0 0.0
0.0 0.0 0.0 0.0 0.0 0.0 0.0 0.0 0.0 0.0 0.00991435181 0.01001347475 0.279219922731 0.01006862525 0.009957239046 0.01012360447 0.01002639149 0.009957099561 0.009946475522 0.0100815312 0.00987296863 0.009819130056 0.01002053176 0.01009366971 0.01010404014 0.01006369165 0.01005595698 0.01005056527 0.01010087036 0.0 0.0 0.0 0.0 0.0 0.0 0.0 0.0 0.0 0.0 0.0 0.0 0.0 0.0 0.0 0.0 0.0 0.0 0.0 0.0 0.0 0.0 0.0 0.0 0.0
0.0 0.0 0.0 0.0 0.0 0.0 0.0 0.0 0.0 0.0 0.009538724676 0.009909137259 0.01006862525 0.412859454627 0.0096952234 0.01038108001 0.009911559623 0.009706598584 0.009790458268 0.01029442749 0.009420932851 0.009314305814 0.009922126312 0.01052911753 0.01052459635 0.01080367596 0.01081100295 0.01001393623 0.01016191694 0.0 0.0 0.0 0.0 0.0 0.0 0.0 0.0 0.0 0.0 0.0 0.0 0.0 0.0 0.0 0.0 0.0 0.0 0.0 0.0 0.0 0.0 0.0 0.0 0.0
0.0 0.0 0.0 0.0 0.0 0.0 0.0 0.0 0.0 0.0 0.010765014 0.01024761542 0.009957239046 0.0096952234 0.329476683838 0.009427331829 0.01025959895 0.01057434628 0.01057283992 0.009582055826 0.01100830084 0.01123126938 0.01026764699 0.009219895412 0.009160986419 0.008722671412 0.008638459022 0.01007128157 0.009762086568 0.0 0.0 0.0 0.0 0.0 0.0 0.0 0.0 0.0 0.0 0.0 0.0 0.0 0.0 0.0 0.0 0.0 0.0 0.0 0.0 0.0 0.0 0.0 0.0 0.0
0.0 0.0 0.0 0.0 0.0 0.0 0.0 0.0 0.0 0.0 0.009281034958 0.00977841287 0.01012360447 0.01038108001 0.009427331829 0.282735452316 0.009796094714 0.009463105637 0.009503789874 0.01049389949 0.009056592303 0.00882960462 0.009789505621 0.01092703707 0.0110113986 0.01163932887 0.01174865896 0.01000416888 0.01028021464 0.0 0.0 0.0 0.0 0.0 0.0 0.0 0.0 0.0 0.0 0.0 0.0 0.0 0.0 0.0 0.0 0.0 0.0 0.0 0.0 0.0 0.0 0.0 0.0 0.0
0.0 0.0 0.0 0.0 0.0 0.0 0.0 0.0 0.0 0.0 0.01030603731 0.01014338777 0.01002639149 0.009911559623 0.01025959895 0.009796094714 0.498152438388 0.01024354971 0.01023424289 0.009862875028 0.01039836845 0.01041262803 0.0101341606 0.009694721821 0.009665643365 0.009430913955 0.009379672968 0.0100659663 0.009942178804 0.0 0.0 0.0 0.0 0.0 0.0 0.0 0.0 0.0 0.0 0.0 0.0 0.0 0.0 0.0 0.0 0.0 0.0 0.0 0.0 0.0 0.0 0.0 0.0 0.0
0.0 0.0 0.0 0.0 0.0 0.0 0.0 0.0 0.0 0.0 0.01073516826 0.01023437621 0.009957099561 0.009706598584 0.01057434628 0.009463105637 0.01024354971 0.410104055064 0.01047997681 0.009628222629 0.01094729805 0.01112081425 0.0102300992 0.009273463177 0.009228247173 0.008777096734 0.008708522067 0.01006206251 0.009804043768 0.0 0.0 0.0 0.0 0.0 0.0 0.0 0.0 0.0 0.0 0.0 0.0 0.0 0.0 0.0 0.0 0.0 0.0 0.0 0.0 0.0 0.0 0.0 0.0 0.0
0.0 0.0 0.0 0.0 0.0 0.0 0.0 0.0 0.0 0.0 0.01064626136 0.01024345547 0.009946475522 0.009790458268 0.01057283992 0.009503789874 0.01023424289 0.01047997681 0.307582628917 0.009621550793 0.01097226884 0.01113194522 0.01028656182 0.009357196409 0.009263827207 0.009001649833 0.008889016431 0.01008154972 0.009711998563 0.0 0.0 0.0 0.0 0.0 0.0 0.0 0.0 0.0 0.0 0.0 0.0 0.0 0.0 0.0 0.0 0.0 0.0 0.0 0.0 0.0 0.0 0.0 0.0 0.0
0.0 0.0 0.0 0.0 0.0 0.0 0.0 0.0 0.0 0.0 0.009481422528 0.009867227495 0.0100815312 0.01029442749 0.009582055826 0.01049389949 0.009862875028 0.009628222629 0.009621550793 0.647223959153 0.009235840372 0.009143722996 0.009839519571 0.01067933516 0.0107311084 0.01100691482 0.0110745478 0.009996983688 0.01023365281 0.0 0.0 0.0 0.0 0.0 0.0 0.0 0.0 0.0 0.0 0.0 0.0 0.0 0.0 0.0 0.0 0.0 0.0 0.0 0.0 0.0 0.0 0.0 0.0 0.0
0.0 0.0 0.0 0.0 0.0 0.0 0.0 0.0 0.0 0.0 0.01134121253 0.01035216614 0.00987296863 0.009420932851 0.01100830084 0.009056592303 0.01039836845 0.01094729805 0.01097226884 0.009235840372 41.9242028908 0.01213108436 0.01036075952 0.008742194314 0.008659037954 0.008050114217 0.0079148596 0.01014224751 0.009427767184 0.0 0.0 0.0 0.0 0.0 0.0 0.0 0.0 0.0 0.0 0.0 0.0 0.0 0.0 0.0 0.0 0.0 0.0 0.0 0.0 0.0 0.0 0.0 0.0 0.0
0.0 0.0 0.0 0.0 0.0 0.0 0.0 0.0 0.0 0.0 0.01165421386 0.01041190114 0.009819130056 0.009314305814 0.01123126938 0.00882960462 0.01041262803 0.01112081425 0.01113194522 0.009143722996 0.01213108436 2.16062776574 0.01046415153 0.008476380236 0.008396833328 0.007666697642 0.007569113775 0.01005682817 0.009435735505 0.0 0.0 0.0 0.0 0.0 0.0 0.0 0.0 0.0 0.0 0.0 0.0 0.0 0.0 0.0 0.0 0.0 0.0 0.0 0.0 0.0 0.0 0.0 0.0 0.0
0.0 0.0 0.0 0.0 0.0 0.0 0.0 0.0 0.0 0.0 0.01028191551 0.01013009757 0.01002053176 0.009922126312 0.01026764699 0.009789505621 0.0101341606 0.0102300992 0.01028656182 0.009839519571 0.01036075952 0.01046415153 0.58811826251 0.009697345959 0.009648525054 0.009477093517 0.009412381925 0.01006147068 0.009921165541 0.0 0.0 0.0 0.0 0.0 0.0 0.0 0.0 0.0 0.0 0.0 0.0 0.0 0.0 0.0 0.0 0.0 0.0 0.0 0.0 0.0 0.0 0.0 0.0 0.0
0.0 0.0 0.0 0.0 0.0 0.0 0.0 0.0 0.0 0.0 0.009010483727 0.00969582618 0.01009366971 0.01052911753 0.009219895412 0.01092703707 0.009694721821 0.009273463177 0.009357196409 0.01067933516 0.008742194314 0.008476380236 0.009697345959 0.379269001448 0.01136493618 0.01214951273 0.01229465024 0.009960824845 0.010334438 0.0 0.0 0.0 0.0 0.0 0.0 0.0 0.0 0.0 0.0 0.0 0.0 0.0 0.0 0.0 0.0 0.0 0.0 0.0 0.0 0.0 0.0 0.0 0.0 0.0
0.0 0.0 0.0 0.0 0.0 0.0 0.0 0.0 0.0 0.0 0.008987482291 0.009663472419 0.01010404014 0.01052459635 0.009160986419 0.0110113986 0.009665643365 0.009228247173 0.009263827207 0.0107311084 0.008659037954 0.008396833328 0.009648525054 0.01136493618 0.586007504547 0.01232602995 0.01255680028 0.009944903048 0.01036769092 0.0 0.0 0.0 0.0 0.0 0.0 0.0 0.0 0.0 0.0 0.0 0.0 0.0 0.0 0.0 0.0 0.0 0.0 0.0 0.0 0.0 0.0 0.0 0.0 0.0
0.0 0.0 0.0 0.0 0.0 0.0 0.0 0.0 0.0 0.0 0.008430348763 0.009428692955 0.01006369165 0.01080367596 0.008722671412 0.01163932887 0.009430913955 0.008777096734 0.009001649833 0.01100691482 0.008050114217 0.007666697642 0.009477093517 0.01214951273 0.01232602995 0.26786342395 0.01508317114 0.009903323248 0.01037413703 0.0 0.0 0.0 0.0 0.0 0.0 0.0 0.0 0.0 0.0 0.0 0.0 0.0 0.0 0.0 0.0 0.0 0.0 0.0 0.0 0.0 0.0 0.0 0.0 0.0
0.0 0.0 0.0 0.0 0.0 0.0 0.0 0.0 0.0 0.0 0.008373549229 0.009374514553 0.01005595698 0.01081100295 0.008638459022 0.01174865896 0.009379672968 0.008708522067 0.008889016431 0.0110745478 0.0079148596 0.007569113775 0.009412381925 0.01229465024 0.01255680028 0.01508317114 0.353244028554 0.00986952196 0.01040165011 0.0 0.0 0.0 0.0 0.0 0.0 0.0 0.0 0.0 0.0 0.0 0.0 0.0 0.0 0.0 0.0 0.0 0.0 0.0 0.0 0.0 0.0 0.0 0.0 0.0
0.0 0.0 0.0 0.0 0.0 0.0 0.0 0.0 0.0 0.0 0.01007360129 0.01006638562 0.01005056527 0.01001393623 0.01007128157 0.01000416888 0.0100659663 0.01006206251 0.01008154972 0.009996983688 0.01014224751 0.01005682817 0.01006147068 0.009960824845 0.009944903048 0.009903323248 0.00986952196 1.29714215811 0.01000853166 0.0 0.0 0.0 0.0 0.0 0.0 0.0 0.0 0.0 0.0 0.0 0.0 0.0 0.0 0.0 0.0 0.0 0.0 0.0 0.0 0.0 0.0 0.0 0.0 0.0
0.0 0.0 0.0 0.0 0.0 0.0 0.0 0.0 0.0 0.0 0.009693523213 0.009927776999 0.01010087036 0.01016191694 0.009762086568 0.01028021464 0.009942178804 0.009804043768 0.009711998563 0.01023365281 0.009427767184 0.009435735505 0.009921165541 0.010334438 0.01036769092 0.01037413703 0.01040165011 0.01000853166 2.33081022724 0.0 0.0 0.0 0.0 0.0 0.0 0.0 0.0 0.0 0.0 0.0 0.0 0.0 0.0 0.0 0.0 0.0 0.0 0.0 0.0 0.0 0.0 0.0 0.0 0.0
0.0 0.0 0.0 0.0 0.0 0.0 0.0 0.0 0.0 0.0 0.0 0.0 0.0 0.0 0.0 0.0 0.0 0.0 0.0 0.0 0.0 0.0 0.0 0.0 0.0 0.0 0.0 0.0 0.0 1.0526742796 0.004242270914 0.004998055818 0.004135492221 0.005219625756 0.004559730174 0.005857030577 0.006373181121 0.00622846647 0.005133964683 0.00653529932 0.005462546467 0.005755873284 0.005081549177 0.004766738988 0.005587920512 0.004668112719 0.004179578053 0.0 0.0 0.0 0.0 0.0 0.0 0.0
0.0 0.0 0.0 0.0 0.0 0.0 0.0 0.0 0.0 0.0 0.0 0.0 0.0 0.0 0.0 0.0 0.0 0.0 0.0 0.0 0.0 0.0 0.0 0.0 0.0 0.0 0.0 0.0 0.0 0.004242270914 0.158306703247 0.004918051983 0.005376565488 0.004747150839 0.005131694034 0.004510114681 0.004324319464 0.004406580358 0.004792291025 0.004285857579 0.004640251227 0.004519250577 0.00486066905 0.005042963901 0.004601370667 0.005068638882 0.00527029652 0.0 0.0 0.0 0.0 0.0 0.0 0.0
0.0 0.0 0.0 0.0 0.0 0.0 0.0 0.0 0.0 0.0 0.0 0.0 0.0 0.0 0.0 0.0 0.0 0.0 0.0 0.0 0.0 0.0 0.0 0.0 0.0 0.0 0.0 0.0 0.0 0.004998055818 0.004918051983 0.208282028125 0.004886353703 0.004967469704 0.004927857359 0.004986400139 0.004964558233 0.005008006774 0.004959403853 0.004970449867 0.004972117415 0.004972791543 0.005013091632 0.005035122912 0.004968800955 0.004939612864 0.004824619887 0.0 0.0 0.0 0.0 0.0 0.0 0.0
0.0 0.0 0.0 0.0 0.0 0.0 0.0 0.0 0.0 0.0 0.0 0.0 0.0 0.0 0.0 0.0 0.0 0.0 0.0 0.0 0.0 0.0 0.0 0.0 0.0 0.0 0.0 0.0 0.0 0.004135492221 0.005376565488 0.004886353703 0.294065139724 0.004718557718 0.005145001707 0.004439552137 0.004232448941 0.00432043079 0.004768255162 0.004193001384 0.004599689471 0.004453066712 0.004823076134 0.005018907017 0.00454649739 0.005066208374 0.00534401041 0.0 0.0 0.0 0.0 0.0 0.0 0.0
0.0 0.0 0.0 0.0 0.0 0.0 0.0 0.0 0.0 0.0 0.0 0.0 0.0 0.0 0.0 0.0 0.0 0.0 0.0 0.0 0.0 0.0 0.0 0.0 0.0 0.0 0.0 0.0 0.0 0.005219625756 0.004747150839 0.004967469704 0.004718557718 0.255392702405 0.004846942637 0.005127179318 0.005192779495 0.005162805914 0.005004455863 0.005203175307 0.005069375815 0.005124074546 0.00499015119 0.004915882103 0.005088381523 0.004879201376 0.004741732261 0.0 0.0 0.0 0.0 0.0 0.0 0.0
0.0 0.0 0.0 0.0 0.0 0.0 0.0 0.0 0.0 0.0 0.0 0.0 0.0 0.0 0.0 0.0 0.0 0.0 0.0 0.0 0.0 0.0 0.0 0.0 0.0 0.0 0.0 0.0 0.0 0.004559730174 0.005131694034 0.004927857359 0.005145001707 0.004846942637 0.211472776901 0.00471597676 0.004613988078 0.004655054649 0.00487571479 0.004584713359 0.004784413074 0.004727698825 0.004915114726 0.005005266253 0.004771592281 0.005027535711 0.005091039482 0.0 0.0 0.0 0.0 0.0 0.0 0.0
0.0 0.0 0.0 0.0 0.0 0.0 0.0 0.0 0.0 0.0 0.0 0.0 0.0 0.0 0.0 0.0 0.0 0.0 0.0 0.0 0.0 0.0 0.0 0.0 0.0 0.0 0.0 0.0 0.0 0.005857030577 0.004510114681 0.004986400139 0.004439552137 0.005127179318 0.00471597676 0.368833122914 0.005718882014 0.005608211399 0.005074410624 0.005760893166 0.005260068729 0.005439865071 0.005040385172 0.004849291307 0.005334220449 0.00478222556 0.00446926569 0.0 0.0 0.0 0.0 0.0 0.0 0.0
0.0 0.0 0.0 0.0 0.0 0.0 0.0 0.0 0.0 0.0 0.0 0.0 0.0 0.0 0.0 0.0 0.0 0.0 0.0 0.0 0.0 0.0 0.0 0.0 0.0 0.0 0.0 0.0 0.0 0.006373181121 0.004324319464 0.004964558233 0.004232448941 0.005192779495 0.004613988078 0.005718882014 0.374588437984 0.005967075884 0.005118357218 0.006228497622 0.005397463622 0.005656259687 0.005065075646 0.004784075792 0.005510881695 0.004710197776 0.0042857773 0.0 0.0 0.0 0.0 0.0 0.0 0.0
0.0 0.0 0.0 0.0 0.0 0.0 0.0 0.0 0.0 0.0 0.0 0.0 0.0 0.0 0.0 0.0 0.0 0.0 0.0 0.0 0.0 0.0 0.0 0.0 0.0 0.0 0.0 0.0 0.0 0.00622846647 0.004406580358 0.005008006774 0.00432043079 0.005162805914 0.004655054649 0.005608211399 0.005967075884 0.315700605149 0.005092781714 0.006072615241 0.00533860756 0.005545958389 0.005074750471 0.004843223539 0.005429855508 0.004745148825 0.004351037025 0.0 0.0 0.0 0.0 0.0 0.0 0.0
0.0 0.0 0.0 0.0 0.0 0.0 0.0 0.0 0.0 0.0 0.0 0.0 0.0 0.0 0.0 0.0 0.0 0.0 0.0 0.0 0.0 0.0 0.0 0.0 0.0 0.0 0.0 0.0 0.0 0.005133964683 0.004792291025 0.004959403853 0.004768255162 0.005004455863 0.00487571479 0.005074410624 0.005118357218 0.005092781714 0.531331317891 0.005119411346 0.005032031883 0.005076895108 0.004980072609 0.004920145614 0.005049299722 0.004898148242 0.004786667819 0.0 0.0 0.0 0.0 0.0 0.0 0.0
0.0 0.0 0.0 0.0 0.0 0.0 0.0 0.0 0.0 0.0 0.0 0.0 0.0 0.0 0.0 0.0 0.0 0.0 0.0 0.0 0.0 0.0 0.0 0.0 0.0 0.0 0.0 0.0 0.0 0.00653529932 0.004285857579 0.004970449867 0.004193001384 0.005203175307 0.004584713359 0.005760893166 0.006228497622 0.006072615241 0.005119411346 1.37967801393 0.005427801924 0.005686261301 0.005065684756 0.004773331061 0.005537008446 0.004686808447 0.004249602672 0.0 0.0 0.0 0.0 0.0 0.0 0.0
0.0 0.0 0.0 0.0 0.0 0.0 0.0 0.0 0.0 0.0 0.0 0.0 0.0 0.0 0.0 0.0 0.0 0.0 0.0 0.0 0.0 0.0 0.0 0.0 0.0 0.0 0.0 0.0 0.0 0.005462546467 0.004640251227 0.004972117415 0.004599689471 0.005069375815 0.004784413074 0.005260068729 0.005397463622 0.00533860756 0.005032031883 0.005427801924 0.273934593674 0.005246438152 0.005003499118 0.00488159925 0.005184695276 0.004832544382 0.004635412859 0.0 0.0 0.0 0.0 0.0 0.0 0.0
0.0 0.0 0.0 0.0 0.0 0.0 0.0 0.0 0.0 0.0 0.0 0.0 0.0 0.0 0.0 0.0 0.0 0.0 0.0 0.0 0.0 0.0 0.0 0.0 0.0 0.0 0.0 0.0 0.0 0.005755873284 0.004519250577 0.004972791543 0.004453066712 0.005124074546 0.004727698825 0.005439865071 0.005656259687 0.005545958389 0.005076895108 0.005686261301 0.005246438152 0.221187449921 0.005038076536 0.004849785772 0.005316869303 0.004795397447 0.004495448019 0.0 0.0 0.0 0.0 0.0 0.0 0.0
0.0 0.0 0.0 0.0 0.0 0.0 0.0 0.0 0.0 0.0 0.0 0.0 0.0 0.0 0.0 0.0 0.0 0.0 0.0 0.0 0.0 0.0 0.0 0.0 0.0 0.0 0.0 0.0 0.0 0.005081549177 0.00486066905 0.005013091632 0.004823076134 0.00499015119 0.004915114726 0.005040385172 0.005065075646 0.005074750471 0.004980072609 0.005065684756 0.005003499118 0.005038076536 0.221810729185 0.005013979111 0.0050268192 0.004938214946 0.004783355327 0.0 0.0 0.0 0.0 0.0 0.0 0.0
0.0 0.0 0.0 0.0 0.0 0.0 0.0 0.0 0.0 0.0 0.0 0.0 0.0 0.0 0.0 0.0 0.0 0.0 0.0 0.0 0.0 0.0 0.0 0.0 0.0 0.0 0.0 0.0 0.0 0.004766738988 0.005042963901 0.005035122912 0.005018907017 0.004915882103 0.005005266253 0.004849291307 0.004784075792 0.004843223539 0.004920145614 0.004773331061 0.00488159925 0.004849785772 0.005013979111 0.175284437951 0.004878461016 0.00500997809 0.004926151662 0.0 0.0 0.0 0.0 0.0 0.0 0.0
0.0 0.0 0.0 0.0 0.0 0.0 0.0 0.0 0.0 0.0 0.0 0.0 0.0 0.0 0.0 0.0 0.0 0.0 0.0 0.0 0.0 0.0 0.0 0.0 0.0 0.0 0.0 0.0 0.0 0.005587920512 0.004601370667 0.004968800955 0.00454649739 0.005088381523 0.004771592281 0.005334220449 0.005510881695 0.005429855508 0.005049299722 0.005537008446 0.005184695276 0.005316869303 0.0050268192 0.004878461016 0.403890174785 0.004826688638 0.004576128291 0.0 0.0 0.0 0.0 0.0 0.0 0.0
0.0 0.0 0.0 0.0 0.0 0.0 0.0 0.0 0.0 0.0 0.0 0.0 0.0 0.0 0.0 0.0 0.0 0.0 0.0 0.0 0.0 0.0 0.0 0.0 0.0 0.0 0.0 0.0 0.0 0.004668112719 0.005068638882 0.004939612864 0.005066208374 0.004879201376 0.005027535711 0.00478222556 0.004710197776 0.004745148825 0.004898148242 0.004686808447 0.004832544382 0.004795397447 0.004938214946 0.00500997809 0.004826688638 0.238873967779 0.005024349293 0.0 0.0 0.0 0.0 0.0 0.0 0.0
0.0 0.0 0.0 0.0 0.0 0.0 0.0 0.0 0.0 0.0 0.0 0.0 0.0 0.0 0.0 0.0 0.0 0.0 0.0 0.0 0.0 0.0 0.0 0.0 0.0 0.0 0.0 0.0 0.0 0.004179578053 0.00527029652 0.004824619887 0.00534401041 0.004741732261 0.005091039482 0.00446926569 0.0042857773 0.004351037025 0.004786667819 0.004249602672 0.004635412859 0.004495448019 0.004783355327 0.004926151662 0.004576128291 0.005024349293 0.256464444102 0.0 0.0 0.0 0.0 0.0 0.0 0.0
0.0 0.0 0.0 0.0 0.0 0.0 0.0 0.0 0.0 0.0 0.0 0.0 0.0 0.0 0.0 0.0 0.0 0.0 0.0 0.0 0.0 0.0 0.0 0.0 0.0 0.0 0.0 0.0 0.0 0.0 0.0 0.0 0.0 0.0 0.0 0.0 0.0 0.0 0.0 0.0 0.0 0.0 0.0 0.0 0.0 0.0 0.0 0.114528214039 0.005905959596 0.005918065446 0.005711001906 0.005742299622 0.005758020445 0.005913284778
0.0 0.0 0.0 0.0 0.0 0.0 0.0 0.0 0.0 0.0 0.0 0.0 0.0 0.0 0.0 0.0 0.0 0.0 0.0 0.0 0.0 0.0 0.0 0.0 0.0 0.0 0.0 0.0 0.0 0.0 0.0 0.0 0.0 0.0 0.0 0.0 0.0 0.0 0.0 0.0 0.0 0.0 0.0 0.0 0.0 0.0 0.0 0.005905959596 0.0869425078261 0.005874214918 0.005815532978 0.005809394211 0.005827743066 0.005888078508
0.0 0.0 0.0 0.0 0.0 0.0 0.0 0.0 0.0 0.0 0.0 0.0 0.0 0.0 0.0 0.0 0.0 0.0 0.0 0.0 0.0 0.0 0.0 0.0 0.0 0.0 0.0 0.0 0.0 0.0 0.0 0.0 0.0 0.0 0.0 0.0 0.0 0.0 0.0 0.0 0.0 0.0 0.0 0.0 0.0 0.0 0.0 0.005918065446 0.005874214918 0.142943222512 0.005878631808 0.005808023846 0.005899169213 0.005928866833
0.0 0.0 0.0 0.0 0.0 0.0 0.0 0.0 0.0 0.0 0.0 0.0 0.0 0.0 0.0 0.0 0.0 0.0 0.0 0.0 0.0 0.0 0.0 0.0 0.0 0.0 0.0 0.0 0.0 0.0 0.0 0.0 0.0 0.0 0.0 0.0 0.0 0.0 0.0 0.0 0.0 0.0 0.0 0.0 0.0 0.0 0.0 0.005711001906 0.005815532978 0.005878631808 0.295591372932 0.005956637535 0.007693597314 0.006619732616
0.0 0.0 0.0 0.0 0.0 0.0 0.0 0.0 0.0 0.0 0.0 0.0 0.0 0.0 0.0 0.0 0.0 0.0 0.0 0.0 0.0 0.0 0.0 0.0 0.0 0.0 0.0 0.0 0.0 0.0 0.0 0.0 0.0 0.0 0.0 0.0 0.0 0.0 0.0 0.0 0.0 0.0 0.0 0.0 0.0 0.0 0.0 0.005742299622 0.005809394211 0.005808023846 0.005956637535 0.139592417945 0.005945744722 0.005864847052
0.0 0.0 0.0 0.0 0.0 0.0 0.0 0.0 0.0 0.0 0.0 0.0 0.0 0.0 0.0 0.0 0.0 0.0 0.0 0.0 0.0 0.0 0.0 0.0 0.0 0.0 0.0 0.0 0.0 0.0 0.0 0.0 0.0 0.0 0.0 0.0 0.0 0.0 0.0 0.0 0.0 0.0 0.0 0.0 0.0 0.0 0.0 0.005758020445 0.005827743066 0.005899169213 0.007693597314 0.005945744722 0.305104411318 0.006678766417
0.0 0.0 0.0 0.0 0.0 0.0 0.0 0.0 0.0 0.0 0.0 0.0 0.0 0.0 0.0 0.0 0.0 0.0 0.0 0.0 0.0 0.0 0.0 0.0 0.0 0.0 0.0 0.0 0.0 0.0 0.0 0.0 0.0 0.0 0.0 0.0 0.0 0.0 0.0 0.0 0.0 0.0 0.0 0.0 0.0 0.0 0.0 0.005913284778 0.005888078508 0.005928866833 0.006619732616 0.005864847052 0.006678766417 0.205469787207
