81 81
0.553713537432 0.01200643872 0.01067353414 0.01062586463 0.01103487948 0.0105172185 0.01023332472 0.01141292612 0.01083787262 0.01066830078 0.01075271309 0.0105550295 0.01057754674 0.009938242035 0.0 0.0 0.0 0.0 0.0 0.0 0.0 0.0 0.0 0.0 0.0 0.0 0.0 0.0 0.0 0.0 0.0 0.0 0.0 0.0 0.0 0.0 0.0 0.0 0.0 0.0 0.0 0.0 0.0 0.0 0.0 0.0 0.0 0.0 0.0 0.0 0.0 0.0 0.0 0.0 0.0 0.0 0.0 0.0 0.0 0.0 0.0 0.0 0.0 0.0 0.0 0.0 0.0 0.0 0.0 0.0 0.0 0.0 0.0 0.0 0.0 0.0 0.0 0.0 0.0 0.0 0.0
0.01200643872 1.22121310179 0.01071046802 0.010625408 0.01116786344 0.01047462272 0.01011667144 0.01166691673 0.01089960887 0.01067588817 0.01077436964 0.01054032329 0.01063552331 0.009848125143 0.0 0.0 0.0 0.0 0.0 0.0 0.0 0.0 0.0 0.0 0.0 0.0 0.0 0.0 0.0 0.0 0.0 0.0 0.0 0.0 0.0 0.0 0.0 0.0 0.0 0.0 0.0 0.0 0.0 0.0 0.0 0.0 0.0 0.0 0.0 0.0 0.0 0.0 0.0 0.0 0.0 0.0 0.0 0.0 0.0 0.0 0.0 0.0 0.0 0.0 0.0 0.0 0.0 0.0 0.0 0.0 0.0 0.0 0.0 0.0 0.0 0.0 0.0 0.0 0.0 0.0 0.0
0.01067353414 0.01071046802 0.391525012589 0.01064409232 0.01064413406 0.01052707055 0.01045283084 0.01066476239 0.01065271129 0.01053362049 0.01062382661 0.01053924823 0.01045036054 0.01023988261 0.0 0.0 0.0 0.0 0.0 0.0 0.0 0.0 0.0 0.0 0.0 0.0 0.0 0.0 0.0 0.0 0.0 0.0 0.0 0.0 0.0 0.0 0.0 0.0 0.0 0.0 0.0 0.0 0.0 0.0 0.0 0.0 0.0 0.0 0.0 0.0 0.0 0.0 0.0 0.0 0.0 0.0 0.0 0.0 0.0 0.0 0.0 0.0 0.0 0.0 0.0 0.0 0.0 0.0 0.0 0.0 0.0 0.0 0.0 0.0 0.0 0.0 0.0 0.0 0.0 0.0 0.0
0.01062586463 0.010625408 0.01064409232 0.438870697955 0.01066989445 0.01065239783 0.01064084468 0.01067706733 0.0106936301 0.01063601755 0.01063851678 0.01061926429 0.01034423777 0.01019659414 0.0 0.0 0.0 0.0 0.0 0.0 0.0 0.0 0.0 0.0 0.0 0.0 0.0 0.0 0.0 0.0 0.0 0.0 0.0 0.0 0.0 0.0 0.0 0.0 0.0 0.0 0.0 0.0 0.0 0.0 0.0 0.0 0.0 0.0 0.0 0.0 0.0 0.0 0.0 0.0 0.0 0.0 0.0 0.0 0.0 0.0 0.0 0.0 0.0 0.0 0.0 0.0 0.0 0.0 0.0 0.0 0.0 0.0 0.0 0.0 0.0 0.0 0.0 0.0 0.0 0.0 0.0
0.01103487948 0.01116786344 0.01064413406 0.01066989445 0.571953239773 0.01064501693 0.01050155511 0.01098758476 0.01076629319 0.01068830875 0.01067397708 0.01060714095 0.01044059118 0.01008098548 0.0 0.0 0.0 0.0 0.0 0.0 0.0 0.0 0.0 0.0 0.0 0.0 0.0 0.0 0.0 0.0 0.0 0.0 0.0 0.0 0.0 0.0 0.0 0.0 0.0 0.0 0.0 0.0 0.0 0.0 0.0 0.0 0.0 0.0 0.0 0.0 0.0 0.0 0.0 0.0 0.0 0.0 0.0 0.0 0.0 0.0 0.0 0.0 0.0 0.0 0.0 0.0 0.0 0.0 0.0 0.0 0.0 0.0 0.0 0.0 0.0 0.0 0.0 0.0 0.0 0.0 0.0
0.0105172185 0.01047462272 0.01052707055 0.01065239783 0.01064501693 0.49346668637 0.01070832329 0.0106101617 0.01065669954 0.01067195309 0.01059271939 0.01062368777 0.01029863485 0.01019473816 0.0 0.0 0.0 0.0 0.0 0.0 0.0 0.0 0.0 0.0 0.0 0.0 0.0 0.0 0.0 0.0 0.0 0.0 0.0 0.0 0.0 0.0 0.0 0.0 0.0 0.0 0.0 0.0 0.0 0.0 0.0 0.0 0.0 0.0 0.0 0.0 0.0 0.0 0.0 0.0 0.0 0.0 0.0 0.0 0.0 0.0 0.0 0.0 0.0 0.0 0.0 0.0 0.0 0.0 0.0 0.0 0.0 0.0 0.0 0.0 0.0 0.0 0.0 0.0 0.0 0.0 0.0
0.01023332472 0.01011667144 0.01045283084 0.01064084468 0.01050155511 0.01070832329 0.321584524013 0.01038770774 0.01058399891 0.01063752818 0.01055814857 0.01063136233 0.01015920377 0.01024698763 0.0 0.0 0.0 0.0 0.0 0.0 0.0 0.0 0.0 0.0 0.0 0.0 0.0 0.0 0.0 0.0 0.0 0.0 0.0 0.0 0.0 0.0 0.0 0.0 0.0 0.0 0.0 0.0 0.0 0.0 0.0 0.0 0.0 0.0 0.0 0.0 0.0 0.0 0.0 0.0 0.0 0.0 0.0 0.0 0.0 0.0 0.0 0.0 0.0 0.0 0.0 0.0 0.0 0.0 0.0 0.0 0.0 0.0 0.0 0.0 0.0 0.0 0.0 0.0 0.0 0.0 0.0
0.01141292612 0.01166691673 0.01066476239 0.01067706733 0.01098758476 0.0106101617 0.01038770774 0.618248935945 0.01084685023 0.01071342749 0.01076433407 0.01060780413 0.01050852879 0.009986243093 0.0 0.0 0.0 0.0 0.0 0.0 0.0 0.0 0.0 0.0 0.0 0.0 0.0 0.0 0.0 0.0 0.0 0.0 0.0 0.0 0.0 0.0 0.0 0.0 0.0 0.0 0.0 0.0 0.0 0.0 0.0 0.0 0.0 0.0 0.0 0.0 0.0 0.0 0.0 0.0 0.0 0.0 0.0 0.0 0.0 0.0 0.0 0.0 0.0 0.0 0.0 0.0 0.0 0.0 0.0 0.0 0.0 0.0 0.0 0.0 0.0 0.0 0.0 0.0 0.0 0.0 0.0
0.01083787262 0.01089960887 0.01065271129 0.0106936301 0.01076629319 0.01065669954 0.01058399891 0.01084685023 0.460965578402 0.01067074718 0.01068075384 0.01063177136 0.01040496787 0.01013832022 0.0 0.0 0.0 0.0 0.0 0.0 0.0 0.0 0.0 0.0 0.0 0.0 0.0 0.0 0.0 0.0 0.0 0.0 0.0 0.0 0.0 0.0 0.0 0.0 0.0 0.0 0.0 0.0 0.0 0.0 0.0 0.0 0.0 0.0 0.0 0.0 0.0 0.0 0.0 0.0 0.0 0.0 0.0 0.0 0.0 0.0 0.0 0.0 0.0 0.0 0.0 0.0 0.0 0.0 0.0 0.0 0.0 0.0 0.0 0.0 0.0 0.0 0.0 0.0 0.0 0.0 0.0
0.01066830078 0.01067588817 0.01053362049 0.01063601755 0.01068830875 0.01067195309 0.01063752818 0.01071342749 0.01067074718 0.464599584516 0.0106058442 0.01060603996 0.01033066389 0.01015820134 0.0 0.0 0.0 0.0 0.0 0.0 0.0 0.0 0.0 0.0 0.0 0.0 0.0 0.0 0.0 0.0 0.0 0.0 0.0 0.0 0.0 0.0 0.0 0.0 0.0 0.0 0.0 0.0 0.0 0.0 0.0 0.0 0.0 0.0 0.0 0.0 0.0 0.0 0.0 0.0 0.0 0.0 0.0 0.0 0.0 0.0 0.0 0.0 0.0 0.0 0.0 0.0 0.0 0.0 0.0 0.0 0.0 0.0 0.0 0.0 0.0 0.0 0.0 0.0 0.0 0.0 0.0
0.01075271309 0.01077436964 0.01062382661 0.01063851678 0.01067397708 0.01059271939 0.01055814857 0.01076433407 0.01068075384 0.0106058442 38.3026461716 0.01058054233 0.01038341154 0.01017984677 0.0 0.0 0.0 0.0 0.0 0.0 0.0 0.0 0.0 0.0 0.0 0.0 0.0 0.0 0.0 0.0 0.0 0.0 0.0 0.0 0.0 0.0 0.0 0.0 0.0 0.0 0.0 0.0 0.0 0.0 0.0 0.0 0.0 0.0 0.0 0.0 0.0 0.0 0.0 0.0 0.0 0.0 0.0 0.0 0.0 0.0 0.0 0.0 0.0 0.0 0.0 0.0 0.0 0.0 0.0 0.0 0.0 0.0 0.0 0.0 0.0 0.0 0.0 0.0 0.0 0.0 0.0
0.0105550295 0.01054032329 0.01053924823 0.01061926429 0.01060714095 0.01062368777 0.01063136233 0.01060780413 0.01063177136 0.01060603996 0.01058054233 0.470917443516 0.01033557769 0.0102051194 0.0 0.0 0.0 0.0 0.0 0.0 0.0 0.0 0.0 0.0 0.0 0.0 0.0 0.0 0.0 0.0 0.0 0.0 0.0 0.0 0.0 0.0 0.0 0.0 0.0 0.0 0.0 0.0 0.0 0.0 0.0 0.0 0.0 0.0 0.0 0.0 0.0 0.0 0.0 0.0 0.0 0.0 0.0 0.0 0.0 0.0 0.0 0.0 0.0 0.0 0.0 0.0 0.0 0.0 0.0 0.0 0.0 0.0 0.0 0.0 0.0 0.0 0.0 0.0 0.0 0.0 0.0
0.01057754674 0.01063552331 0.01045036054 0.01034423777 0.01044059118 0.01029863485 0.01015920377 0.01050852879 0.01040496787 0.01033066389 0.01038341154 0.01033557769 0.531419967228 0.01028637826 0.0 0.0 0.0 0.0 0.0 0.0 0.0 0.0 0.0 0.0 0.0 0.0 0.0 0.0 0.0 0.0 0.0 0.0 0.0 0.0 0.0 0.0 0.0 0.0 0.0 0.0 0.0 0.0 0.0 0.0 0.0 0.0 0.0 0.0 0.0 0.0 0.0 0.0 0.0 0.0 0.0 0.0 0.0 0.0 0.0 0.0 0.0 0.0 0.0 0.0 0.0 0.0 0.0 0.0 0.0 0.0 0.0 0.0 0.0 0.0 0.0 0.0 0.0 0.0 0.0 0.0 0.0
0.009938242035 0.009848125143 0.01023988261 0.01019659414 0.01008098548 0.01019473816 0.01024698763 0.009986243093 0.01013832022 0.01015820134 0.01017984677 0.0102051194 0.01028637826 0.372647240057 0.0 0.0 0.0 0.0 0.0 0.0 0.0 0.0 0.0 0.0 0.0 0.0 0.0 0.0 0.0 0.0 0.0 0.0 0.0 0.0 0.0 0.0 0.0 0.0 0.0 0.0 0.0 0.0 0.0 0.0 0.0 0.0 0.0 0.0 0.0 0.0 0.0 0.0 0.0 0.0 0.0 0.0 0.0 0.0 0.0 0.0 0.0 0.0 0.0 0.0 0.0 0.0 0.0 0.0 0.0 0.0 0.0 0.0 0.0 0.0 0.0 0.0 0.0 0.0 0.0 0.0 0.0
0.0 0.0 0.0 0.0 0.0 0.0 0.0 0.0 0.0 0.0 0.0 0.0 0.0 0.0 0.330529099572 0.008141907035 0.007237551496 0.007651808267 0.007906360042 0.007410809206 0.006894436848 0.006646266398 0.006538383527 0.006671573415 0.007305585004 0.007171965264 0.006196982386 0.007577138997 0.006955151488 0.007460503241 0.006857831852 0.006599437164 0.006513597614 0.007410397733 0.006553039229 0.006447243623 0.007429195287 0.006707925387 0.006284236325 0.006776198205 0.007428897411 0.007555464934 0.006848313569 0.008008612719 0.0 0.0 0.0 0.0 0.0 0.0 0.0 0.0 0.0 0.0 0.0 0.0 0.0 0.0 0.0 0.0 0.0 0.0 0.0 0.0 0.0 0.0 0.0 0.0 0.0 0.0 0.0 0.0 0.0 0.0 0.0 0.0 0.0 0.0 0.0 0.0 0.0
0.0 0.0 0.0 0.0 0.0 0.0 0.0 0.0 0.0 0.0 0.0 0.0 0.0 0.0 0.008141907035 0.452317645139 0.007214880064 0.007614385222 0.007839398213 0.0074028047 0.006898504188 0.00665266447 0.00654579162 0.00670077251 0.007290466326 0.007157667371 0.006226462056 0.00755697368 0.006970211639 0.007426000818 0.006838428208 0.006585584372 0.006517181999 0.007383764751 0.006548838625 0.006407883313 0.007409527572 0.006683560506 0.006266702158 0.006820159795 0.007442955473 0.007562438584 0.006892958187 0.007990063419 0.0 0.0 0.0 0.0 0.0 0.0 0.0 0.0 0.0 0.0 0.0 0.0 0.0 0.0 0.0 0.0 0.0 0.0 0.0 0.0 0.0 0.0 0.0 0.0 0.0 0.0 0.0 0.0 0.0 0.0 0.0 0.0 0.0 0.0 0.0 0.0 0.0
0.0 0.0 0.0 0.0 0.0 0.0 0.0 0.0 0.0 0.0 0.0 0.0 0.0 0.0 0.007237551496 0.007214880064 0.2417717885 0.007174712893 0.007207377749 0.007154548481 0.007053034433 0.007000971517 0.006963065871 0.006981087238 0.007150126791 0.007128064762 0.00685313284 0.007199583795 0.007050602465 0.007175785186 0.007053428109 0.006999724492 0.006960100921 0.007159130684 0.00698236711 0.00690091125 0.007154611154 0.007013951935 0.006867669712 0.006927075335 0.007123703501 0.007144469179 0.006965465464 0.007194863093 0.0 0.0 0.0 0.0 0.0 0.0 0.0 0.0 0.0 0.0 0.0 0.0 0.0 0.0 0.0 0.0 0.0 0.0 0.0 0.0 0.0 0.0 0.0 0.0 0.0 0.0 0.0 0.0 0.0 0.0 0.0 0.0 0.0 0.0 0.0 0.0 0.0
0.0 0.0 0.0 0.0 0.0 0.0 0.0 0.0 0.0 0.0 0.0 0.0 0.0 0.0 0.007651808267 0.007614385222 0.007174712893 0.378952026428 0.007510934917 0.007272901189 0.006975751664 0.006831915216 0.006764002396 0.006839883619 0.007217924707 0.007146357005 0.006549726014 0.007370036715 0.007007352435 0.007303566646 0.006954465522 0.006799999208 0.006748903641 0.00727401541 0.006780294511 0.00667016667 0.007275606382 0.006862979356 0.006592414128 0.006872623305 0.007267143256 0.007333340919 0.006921904481 0.007551739292 0.0 0.0 0.0 0.0 0.0 0.0 0.0 0.0 0.0 0.0 0.0 0.0 0.0 0.0 0.0 0.0 0.0 0.0 0.0 0.0 0.0 0.0 0.0 0.0 0.0 0.0 0.0 0.0 0.0 0.0 0.0 0.0 0.0 0.0 0.0 0.0 0.0
0.0 0.0 0.0 0.0 0.0 0.0 0.0 0.0 0.0 0.0 0.0 0.0 0.0 0.0 0.007906360042 0.007839398213 0.007207377749 0.007510934917 0.698156271957 0.007335593675 0.006946626025 0.006749039159 0.006659759124 0.00675543796 0.007257135445 0.00715850798 0.006381005755 0.007459858767 0.006981335486 0.007377057778 0.006924182019 0.006719501279 0.006645571817 0.007344459437 0.00668104152 0.006589351179 0.007347853101 0.006803777695 0.006457523913 0.006826564017 0.007339479405 0.00743044838 0.006878919336 0.007749112092 0.0 0.0 0.0 0.0 0.0 0.0 0.0 0.0 0.0 0.0 0.0 0.0 0.0 0.0 0.0 0.0 0.0 0.0 0.0 0.0 0.0 0.0 0.0 0.0 0.0 0.0 0.0 0.0 0.0 0.0 0.0 0.0 0.0 0.0 0.0 0.0 0.0
0.0 0.0 0.0 0.0 0.0 0.0 0.0 0.0 0.0 0.0 0.0 0.0 0.0 0.0 0.007410809206 0.0074028047 0.007154548481 0.007272901189 0.007335593675 0.598827980924 0.00705059205 0.006958748443 0.006895674071 0.00695285763 0.007210275178 0.007170288768 0.006749250431 0.007296235902 0.007055883587 0.007241319895 0.007022501568 0.006929887836 0.006883655431 0.007216999371 0.006904566344 0.006796942079 0.007234680924 0.006947560987 0.006707126435 0.006920936789 0.007208470037 0.007254708221 0.00696100093 0.007361429634 0.0 0.0 0.0 0.0 0.0 0.0 0.0 0.0 0.0 0.0 0.0 0.0 0.0 0.0 0.0 0.0 0.0 0.0 0.0 0.0 0.0 0.0 0.0 0.0 0.0 0.0 0.0 0.0 0.0 0.0 0.0 0.0 0.0 0.0 0.0 0.0 0.0
0.0 0.0 0.0 0.0 0.0 0.0 0.0 0.0 0.0 0.0 0.0 0.0 0.0 0.0 0.006894436848 0.006898504188 0.007053034433 0.006975751664 0.006946626025 0.00705059205 0.921372187024 0.007156544192 0.007137300908 0.007109617013 0.00708386679 0.007112164415 0.007149743508 0.007025708197 0.007076116743 0.00704115411 0.007123601128 0.007174176103 0.007143218182 0.007032136039 0.007147733594 0.007086646667 0.007052731826 0.007124185361 0.007070566435 0.006988797479 0.006986523129 0.006986506505 0.006989321413 0.006903075143 0.0 0.0 0.0 0.0 0.0 0.0 0.0 0.0 0.0 0.0 0.0 0.0 0.0 0.0 0.0 0.0 0.0 0.0 0.0 0.0 0.0 0.0 0.0 0.0 0.0 0.0 0.0 0.0 0.0 0.0 0.0 0.0 0.0 0.0 0.0 0.0 0.0
0.0 0.0 0.0 0.0 0.0 0.0 0.0 0.0 0.0 0.0 0.0 0.0 0.0 0.0 0.006646266398 0.00665266447 0.007000971517 0.006831915216 0.006749039159 0.006958748443 0.007156544192 0.46482942714 0.00728414136 0.007205298455 0.007029170369 0.007095645682 0.007411717143 0.00689928413 0.007084198541 0.006941653476 0.007175600693 0.007309202746 0.007288324859 0.006929176564 0.007283105314 0.007235511261 0.0069679001 0.007216407048 0.007242612901 0.007020175387 0.006865679367 0.006848403296 0.007000391462 0.006675484078 0.0 0.0 0.0 0.0 0.0 0.0 0.0 0.0 0.0 0.0 0.0 0.0 0.0 0.0 0.0 0.0 0.0 0.0 0.0 0.0 0.0 0.0 0.0 0.0 0.0 0.0 0.0 0.0 0.0 0.0 0.0 0.0 0.0 0.0 0.0 0.0 0.0
0.0 0.0 0.0 0.0 0.0 0.0 0.0 0.0 0.0 0.0 0.0 0.0 0.0 0.0 0.006538383527 0.00654579162 0.006963065871 0.006764002396 0.006659759124 0.006895674071 0.007137300908 0.00728414136 0.28845099834 0.007217503869 0.006973327158 0.007046672393 0.007463197407 0.00682718724 0.007072663344 0.006881996332 0.007164808066 0.007316202016 0.007314184769 0.006874232578 0.007306100128 0.007280174598 0.006902901 0.007227920892 0.007329152235 0.007040969978 0.006814288967 0.006780361767 0.007020449127 0.006579840652 0.0 0.0 0.0 0.0 0.0 0.0 0.0 0.0 0.0 0.0 0.0 0.0 0.0 0.0 0.0 0.0 0.0 0.0 0.0 0.0 0.0 0.0 0.0 0.0 0.0 0.0 0.0 0.0 0.0 0.0 0.0 0.0 0.0 0.0 0.0 0.0 0.0
0.0 0.0 0.0 0.0 0.0 0.0 0.0 0.0 0.0 0.0 0.0 0.0 0.0 0.0 0.006671573415 0.00670077251 0.006981087238 0.006839883619 0.00675543796 0.00695285763 0.007109617013 0.007205298455 0.007217503869 0.292984582654 0.007003844235 0.007056910696 0.007324946115 0.006905664797 0.007084149141 0.006925303543 0.007101684012 0.007193243561 0.007216851846 0.006920794984 0.007205936476 0.007135499615 0.006947915781 0.007130942463 0.007161864387 0.007057753707 0.006907280153 0.00688118512 0.007057314029 0.006724496869 0.0 0.0 0.0 0.0 0.0 0.0 0.0 0.0 0.0 0.0 0.0 0.0 0.0 0.0 0.0 0.0 0.0 0.0 0.0 0.0 0.0 0.0 0.0 0.0 0.0 0.0 0.0 0.0 0.0 0.0 0.0 0.0 0.0 0.0 0.0 0.0 0.0
0.0 0.0 0.0 0.0 0.0 0.0 0.0 0.0 0.0 0.0 0.0 0.0 0.0 0.0 0.007305585004 0.007290466326 0.007150126791 0.007217924707 0.007257135445 0.007210275178 0.00708386679 0.007029170369 0.006973327158 0.007003844235 0.782047576649 0.007188063918 0.006866508937 0.007258275991 0.007071582917 0.007217915316 0.007068772289 0.00701568164 0.006964650291 0.007188326554 0.006983416216 0.00686166507 0.007213611324 0.007011795221 0.006799425865 0.006920946639 0.007156637626 0.007198665087 0.00695689493 0.007255883005 0.0 0.0 0.0 0.0 0.0 0.0 0.0 0.0 0.0 0.0 0.0 0.0 0.0 0.0 0.0 0.0 0.0 0.0 0.0 0.0 0.0 0.0 0.0 0.0 0.0 0.0 0.0 0.0 0.0 0.0 0.0 0.0 0.0 0.0 0.0 0.0 0.0
0.0 0.0 0.0 0.0 0.0 0.0 0.0 0.0 0.0 0.0 0.0 0.0 0.0 0.0 0.007171965264 0.007157667371 0.007128064762 0.007146357005 0.00715850798 0.007170288768 0.007112164415 0.007095645682 0.007046672393 0.007056910696 0.007188063918 0.736521579132 0.006990598625 0.007195221678 0.007081802003 0.007172067383 0.007099757294 0.007087116703 0.00704055307 0.00714276162 0.007055681172 0.006912446914 0.00717552955 0.007061006971 0.006883404859 0.006937997335 0.007094967749 0.007129901332 0.006960542855 0.007131959211 0.0 0.0 0.0 0.0 0.0 0.0 0.0 0.0 0.0 0.0 0.0 0.0 0.0 0.0 0.0 0.0 0.0 0.0 0.0 0.0 0.0 0.0 0.0 0.0 0.0 0.0 0.0 0.0 0.0 0.0 0.0 0.0 0.0 0.0 0.0 0.0 0.0
0.0 0.0 0.0 0.0 0.0 0.0 0.0 0.0 0.0 0.0 0.0 0.0 0.0 0.0 0.006196982386 0.006226462056 0.00685313284 0.006549726014 0.006381005755 0.006749250431 0.007149743508 0.007411717143 0.007463197407 0.007324946115 0.006866508937 0.006990598625 1.21018112063 0.006613133127 0.007042552911 0.006704226863 0.00718328157 0.007445367804 0.007471089799 0.006694829762 0.007431008393 0.007426485066 0.006768029406 0.007295097498 0.007496811165 0.007092412359 0.006638361757 0.006591819835 0.007019659102 0.006280257464 0.0 0.0 0.0 0.0 0.0 0.0 0.0 0.0 0.0 0.0 0.0 0.0 0.0 0.0 0.0 0.0 0.0 0.0 0.0 0.0 0.0 0.0 0.0 0.0 0.0 0.0 0.0 0.0 0.0 0.0 0.0 0.0 0.0 0.0 0.0 0.0 0.0
0.0 0.0 0.0 0.0 0.0 0.0 0.0 0.0 0.0 0.0 0.0 0.0 0.0 0.0 0.007577138997 0.00755697368 0.007199583795 0.007370036715 0.007459858767 0.007296235902 0.007025708197 0.00689928413 0.00682718724 0.006905664797 0.007258275991 0.007195221678 0.006613133127 1.18038611759 0.007062223812 0.007320477233 0.007001358871 0.006862581252 0.006809370189 0.007288938638 0.006841652686 0.006740582394 0.007292101263 0.00690705447 0.006622005462 0.006886359848 0.007279768834 0.007338375519 0.006959297825 0.007503850111 0.0 0.0 0.0 0.0 0.0 0.0 0.0 0.0 0.0 0.0 0.0 0.0 0.0 0.0 0.0 0.0 0.0 0.0 0.0 0.0 0.0 0.0 0.0 0.0 0.0 0.0 0.0 0.0 0.0 0.0 0.0 0.0 0.0 0.0 0.0 0.0 0.0
0.0 0.0 0.0 0.0 0.0 0.0 0.0 0.0 0.0 0.0 0.0 0.0 0.0 0.0 0.006955151488 0.006970211639 0.007050602465 0.007007352435 0.006981335486 0.007055883587 0.007076116743 0.007084198541 0.007072663344 0.007084149141 0.007071582917 0.007081802003 0.007042552911 0.007062223812 0.426550246882 0.007050172338 0.007063603801 0.007070187201 0.007069940308 0.007048390496 0.007078569716 0.00699894595 0.007043046873 0.007053932132 0.007003621146 0.007009592179 0.007040994707 0.007030404791 0.007041988954 0.006976583437 0.0 0.0 0.0 0.0 0.0 0.0 0.0 0.0 0.0 0.0 0.0 0.0 0.0 0.0 0.0 0.0 0.0 0.0 0.0 0.0 0.0 0.0 0.0 0.0 0.0 0.0 0.0 0.0 0.0 0.0 0.0 0.0 0.0 0.0 0.0 0.0 0.0
0.0 0.0 0.0 0.0 0.0 0.0 0.0 0.0 0.0 0.0 0.0 0.0 0.0 0.0 0.007460503241 0.007426000818 0.007175785186 0.007303566646 0.007377057778 0.007241319895 0.00704115411 0.006941653476 0.006881996332 0.006925303543 0.007217915316 0.007172067383 0.006704226863 0.007320477233 0.007050172338 0.47039705956 0.007035095934 0.006932414713 0.006873299106 0.007248696519 0.006906085033 0.006779111823 0.007244412524 0.006965997608 0.006739047225 0.006883201174 0.007210340327 0.007254431111 0.006941007452 0.007385006148 0.0 0.0 0.0 0.0 0.0 0.0 0.0 0.0 0.0 0.0 0.0 0.0 0.0 0.0 0.0 0.0 0.0 0.0 0.0 0.0 0.0 0.0 0.0 0.0 0.0 0.0 0.0 0.0 0.0 0.0 0.0 0.0 0.0 0.0 0.0 0.0 0.0
0.0 0.0 0.0 0.0 0.0 0.0 0.0 0.0 0.0 0.0 0.0 0.0 0.0 0.0 0.006857831852 0.006838428208 0.007053428109 0.006954465522 0.006924182019 0.007022501568 0.007123601128 0.007175600693 0.007164808066 0.007101684012 0.007068772289 0.007099757294 0.00718328157 0.007001358871 0.007063603801 0.007035095934 0.421552408699 0.007222526245 0.007174146986 0.007025681028 0.007186403288 0.007159928331 0.007034240982 0.007176219276 0.007154535766 0.00696770337 0.00694635114 0.006939594264 0.006964275411 0.006849819879 0.0 0.0 0.0 0.0 0.0 0.0 0.0 0.0 0.0 0.0 0.0 0.0 0.0 0.0 0.0 0.0 0.0 0.0 0.0 0.0 0.0 0.0 0.0 0.0 0.0 0.0 0.0 0.0 0.0 0.0 0.0 0.0 0.0 0.0 0.0 0.0 0.0
0.0 0.0 0.0 0.0 0.0 0.0 0.0 0.0 0.0 0.0 0.0 0.0 0.0 0.0 0.006599437164 0.006585584372 0.006999724492 0.006799999208 0.006719501279 0.006929887836 0.007174176103 0.007309202746 0.007316202016 0.007193243561 0.00701568164 0.007087116703 0.007445367804 0.006862581252 0.007070187201 0.006932414713 0.007222526245 0.572446944251 0.007331587832 0.006919479613 0.007331530253 0.007338158629 0.006948178691 0.007285332669 0.007362064708 0.006982200088 0.006814165157 0.00679674962 0.006954806975 0.006613772076 0.0 0.0 0.0 0.0 0.0 0.0 0.0 0.0 0.0 0.0 0.0 0.0 0.0 0.0 0.0 0.0 0.0 0.0 0.0 0.0 0.0 0.0 0.0 0.0 0.0 0.0 0.0 0.0 0.0 0.0 0.0 0.0 0.0 0.0 0.0 0.0 0.0
0.0 0.0 0.0 0.0 0.0 0.0 0.0 0.0 0.0 0.0 0.0 0.0 0.0 0.0 0.006513597614 0.006517181999 0.006960100921 0.006748903641 0.006645571817 0.006883655431 0.007143218182 0.007288324859 0.007314184769 0.007216851846 0.006964650291 0.00704055307 0.007471089799 0.006809370189 0.007069940308 0.006873299106 0.007174146986 0.007331587832 0.28870489339 0.006870946491 0.007318560249 0.007308941979 0.00689327745 0.007242600583 0.007353644186 0.007037092708 0.006799694767 0.006767311224 0.007012057118 0.006555764711 0.0 0.0 0.0 0.0 0.0 0.0 0.0 0.0 0.0 0.0 0.0 0.0 0.0 0.0 0.0 0.0 0.0 0.0 0.0 0.0 0.0 0.0 0.0 0.0 0.0 0.0 0.0 0.0 0.0 0.0 0.0 0.0 0.0 0.0 0.0 0.0 0.0
0.0 0.0 0.0 0.0 0.0 0.0 0.0 0.0 0.0 0.0 0.0 0.0 0.0 0.0 0.007410397733 0.007383764751 0.007159130684 0.00727401541 0.007344459437 0.007216999371 0.007032136039 0.006929176564 0.006874232578 0.006920794984 0.007188326554 0.00714276162 0.006694829762 0.007288938638 0.007048390496 0.007248696519 0.007025681028 0.006919479613 0.006870946491 0.296054503172 0.00690240345 0.006815034414 0.007215141896 0.006958531908 0.006758803453 0.006900271538 0.00720619612 0.007235806036 0.006959997068 0.007352679841 0.0 0.0 0.0 0.0 0.0 0.0 0.0 0.0 0.0 0.0 0.0 0.0 0.0 0.0 0.0 0.0 0.0 0.0 0.0 0.0 0.0 0.0 0.0 0.0 0.0 0.0 0.0 0.0 0.0 0.0 0.0 0.0 0.0 0.0 0.0 0.0 0.0
0.0 0.0 0.0 0.0 0.0 0.0 0.0 0.0 0.0 0.0 0.0 0.0 0.0 0.0 0.006553039229 0.006548838625 0.00698236711 0.006780294511 0.00668104152 0.006904566344 0.007147733594 0.007283105314 0.007306100128 0.007205936476 0.006983416216 0.007055681172 0.007431008393 0.006841652686 0.007078569716 0.006906085033 0.007186403288 0.007331530253 0.007318560249 0.00690240345 0.540101961938 0.007278111709 0.006913263674 0.00725225868 0.007358808656 0.007019100068 0.006817805189 0.006783086638 0.00700760416 0.006585737138 0.0 0.0 0.0 0.0 0.0 0.0 0.0 0.0 0.0 0.0 0.0 0.0 0.0 0.0 0.0 0.0 0.0 0.0 0.0 0.0 0.0 0.0 0.0 0.0 0.0 0.0 0.0 0.0 0.0 0.0 0.0 0.0 0.0 0.0 0.0 0.0 0.0
0.0 0.0 0.0 0.0 0.0 0.0 0.0 0.0 0.0 0.0 0.0 0.0 0.0 0.0 0.006447243623 0.006407883313 0.00690091125 0.00667016667 0.006589351179 0.006796942079 0.007086646667 0.007235511261 0.007280174598 0.007135499615 0.00686166507 0.006912446914 0.007426485066 0.006740582394 0.00699894595 0.006779111823 0.007159928331 0.007338158629 0.007308941979 0.006815034414 0.007278111709 32.0717219272 0.006795889723 0.007263758936 0.007477620713 0.007014919769 0.006743135365 0.006672262394 0.006973016401 0.00648089227 0.0 0.0 0.0 0.0 0.0 0.0 0.0 0.0 0.0 0.0 0.0 0.0 0.0 0.0 0.0 0.0 0.0 0.0 0.0 0.0 0.0 0.0 0.0 0.0 0.0 0.0 0.0 0.0 0.0 0.0 0.0 0.0 0.0 0.0 0.0 0.0 0.0
0.0 0.0 0.0 0.0 0.0 0.0 0.0 0.0 0.0 0.0 0.0 0.0 0.0 0.0 0.007429195287 0.007409527572 0.007154611154 0.007275606382 0.007347853101 0.007234680924 0.007052731826 0.0069679001 0.006902901 0.006947915781 0.007213611324 0.00717552955 0.006768029406 0.007292101263 0.007043046873 0.007244412524 0.007034240982 0.006948178691 0.00689327745 0.007215141896 0.006913263674 0.006795889723 0.328905897873 0.006962092887 0.006712836404 0.006906097076 0.007192006467 0.007246249877 0.006937554924 0.007362856713 0.0 0.0 0.0 0.0 0.0 0.0 0.0 0.0 0.0 0.0 0.0 0.0 0.0 0.0 0.0 0.0 0.0 0.0 0.0 0.0 0.0 0.0 0.0 0.0 0.0 0.0 0.0 0.0 0.0 0.0 0.0 0.0 0.0 0.0 0.0 0.0 0.0
0.0 0.0 0.0 0.0 0.0 0.0 0.0 0.0 0.0 0.0 0.0 0.0 0.0 0.0 0.006707925387 0.006683560506 0.007013951935 0.006862979356 0.006803777695 0.006947560987 0.007124185361 0.007216407048 0.007227920892 0.007130942463 0.007011795221 0.007061006971 0.007295097498 0.00690705447 0.007053932132 0.006965997608 0.007176219276 0.007285332669 0.007242600583 0.006958531908 0.00725225868 0.007263758936 0.006962092887 0.472832401102 0.007295683394 0.006973930163 0.006862206138 0.006843791048 0.006966195009 0.006708594903 0.0 0.0 0.0 0.0 0.0 0.0 0.0 0.0 0.0 0.0 0.0 0.0 0.0 0.0 0.0 0.0 0.0 0.0 0.0 0.0 0.0 0.0 0.0 0.0 0.0 0.0 0.0 0.0 0.0 0.0 0.0 0.0 0.0 0.0 0.0 0.0 0.0
0.0 0.0 0.0 0.0 0.0 0.0 0.0 0.0 0.0 0.0 0.0 0.0 0.0 0.0 0.006284236325 0.006266702158 0.006867669712 0.006592414128 0.006457523913 0.006707126435 0.007070566435 0.007242612901 0.007329152235 0.007161864387 0.006799425865 0.006883404859 0.007496811165 0.006622005462 0.007003621146 0.006739047225 0.007154535766 0.007362064708 0.007353644186 0.006758803453 0.007358808656 0.007477620713 0.006712836404 0.007295683394 0.884757632542 0.007006442244 0.006651090791 0.00657677115 0.007002068782 0.006336457192 0.0 0.0 0.0 0.0 0.0 0.0 0.0 0.0 0.0 0.0 0.0 0.0 0.0 0.0 0.0 0.0 0.0 0.0 0.0 0.0 0.0 0.0 0.0 0.0 0.0 0.0 0.0 0.0 0.0 0.0 0.0 0.0 0.0 0.0 0.0 0.0 0.0
0.0 0.0 0.0 0.0 0.0 0.0 0.0 0.0 0.0 0.0 0.0 0.0 0.0 0.0 0.006776198205 0.006820159795 0.006927075335 0.006872623305 0.006826564017 0.006920936789 0.006988797479 0.007020175387 0.007040969978 0.007057753707 0.006920946639 0.006937997335 0.007092412359 0.006886359848 0.007009592179 0.006883201174 0.00696770337 0.006982200088 0.007037092708 0.006900271538 0.007019100068 0.007014919769 0.006906097076 0.006973930163 0.007006442244 0.188859047483 0.00695733178 0.006926716894 0.007077656195 0.006844501114 0.0 0.0 0.0 0.0 0.0 0.0 0.0 0.0 0.0 0.0 0.0 0.0 0.0 0.0 0.0 0.0 0.0 0.0 0.0 0.0 0.0 0.0 0.0 0.0 0.0 0.0 0.0 0.0 0.0 0.0 0.0 0.0 0.0 0.0 0.0 0.0 0.0
0.0 0.0 0.0 0.0 0.0 0.0 0.0 0.0 0.0 0.0 0.0 0.0 0.0 0.0 0.007428897411 0.007442955473 0.007123703501 0.007267143256 0.007339479405 0.007208470037 0.006986523129 0.006865679367 0.006814288967 0.006907280153 0.007156637626 0.007094967749 0.006638361757 0.007279768834 0.007040994707 0.007210340327 0.00694635114 0.006814165157 0.006799694767 0.00720619612 0.006817805189 0.006743135365 0.007192006467 0.006862206138 0.006651090791 0.00695733178 0.763144701951 0.007273885721 0.007013554337 0.007411183049 0.0 0.0 0.0 0.0 0.0 0.0 0.0 0.0 0.0 0.0 0.0 0.0 0.0 0.0 0.0 0.0 0.0 0.0 0.0 0.0 0.0 0.0 0.0 0.0 0.0 0.0 0.0 0.0 0.0 0.0 0.0 0.0 0.0 0.0 0.0 0.0 0.0
0.0 0.0 0.0 0.0 0.0 0.0 0.0 0.0 0.0 0.0 0.0 0.0 0.0 0.0 0.007555464934 0.007562438584 0.007144469179 0.007333340919 0.00743044838 0.007254708221 0.006986506505 0.006848403296 0.006780361767 0.00688118512 0.007198665087 0.007129901332 0.006591819835 0.007338375519 0.007030404791 0.007254431111 0.006939594264 0.00679674962 0.006767311224 0.007235806036 0.006783086638 0.006672262394 0.007246249877 0.006843791048 0.00657677115 0.006926716894 0.007273885721 0.222795070462 0.006973959495 0.007511032548 0.0 0.0 0.0 0.0 0.0 0.0 0.0 0.0 0.0 0.0 0.0 0.0 0.0 0.0 0.0 0.0 0.0 0.0 0.0 0.0 0.0 0.0 0.0 0.0 0.0 0.0 0.0 0.0 0.0 0.0 0.0 0.0 0.0 0.0 0.0 0.0 0.0
0.0 0.0 0.0 0.0 0.0 0.0 0.0 0.0 0.0 0.0 0.0 0.0 0.0 0.0 0.006848313569 0.006892958187 0.006965465464 0.006921904481 0.006878919336 0.00696100093 0.006989321413 0.007000391462 0.007020449127 0.007057314029 0.00695689493 0.006960542855 0.007019659102 0.006959297825 0.007041988954 0.006941007452 0.006964275411 0.006954806975 0.007012057118 0.006959997068 0.00700760416 0.006973016401 0.006937554924 0.006966195009 0.007002068782 0.007077656195 0.007013554337 0.006973959495 0.419471330293 0.006915454426 0.0 0.0 0.0 0.0 0.0 0.0 0.0 0.0 0.0 0.0 0.0 0.0 0.0 0.0 0.0 0.0 0.0 0.0 0.0 0.0 0.0 0.0 0.0 0.0 0.0 0.0 0.0 0.0 0.0 0.0 0.0 0.0 0.0 0.0 0.0 0.0 0.0
0.0 0.0 0.0 0.0 0.0 0.0 0.0 0.0 0.0 0.0 0.0 0.0 0.0 0.0 0.008008612719 0.007990063419 0.007194863093 0.007551739292 0.007749112092 0.007361429634 0.006903075143 0.006675484078 0.006579840652 0.006724496869 0.007255883005 0.007131959211 0.006280257464 0.007503850111 0.006976583437 0.007385006148 0.006849819879 0.006613772076 0.006555764711 0.007352679841 0.006585737138 0.00648089227 0.007362856713 0.006708594903 0.006336457192 0.006844501114 0.007411183049 0.007511032548 0.006915454426 0.304728615709 0.0 0.0 0.0 0.0 0.0 0.0 0.0 0.0 0.0 0.0 0.0 0.0 0.0 0.0 0.0 0.0 0.0 0.0 0.0 0.0 0.0 0.0 0.0 0.0 0.0 0.0 0.0 0.0 0.0 0.0 0.0 0.0 0.0 0.0 0.0 0.0 0.0
0.0 0.0 0.0 0.0 0.0 0.0 0.0 0.0 0.0 0.0 0.0 0.0 0.0 0.0 0.0 0.0 0.0 0.0 0.0 0.0 0.0 0.0 0.0 0.0 0.0 0.0 0.0 0.0 0.0 0.0 0.0 0.0 0.0 0.0 0.0 0.0 0.0 0.0 0.0 0.0 0.0 0.0 0.0 0.0 0.279197708094 0.005196507246 0.005192427315 0.005174994042 0.004888642706 0.00454328446 0.004778321773 0.004477456061 0.004954311812 0.004853789515 0.004252246482 0.005144915944 0.004602718672 0.005239787358 0.005085357335 0.004881149682 0.004725762614 0.005213297572 0.004996666098 0.004835156532 0.004839691102 0.005042440941 0.004780080628 0.005111177165 0.004377748068 0.005100271251 0.005376493702 0.0 0.0 0.0 0.0 0.0 0.0 0.0 0.0 0.0 0.0
0.0 0.0 0.0 0.0 0.0 0.0 0.0 0.0 0.0 0.0 0.0 0.0 0.0 0.0 0.0 0.0 0.0 0.0 0.0 0.0 0.0 0.0 0.0 0.0 0.0 0.0 0.0 0.0 0.0 0.0 0.0 0.0 0.0 0.0 0.0 0.0 0.0 0.0 0.0 0.0 0.0 0.0 0.0 0.0 0.005196507246 0.27433884783 0.005209215985 0.0051858674 0.004884836923 0.004530032095 0.004773664515 0.004457498644 0.004952152413 0.004857555848 0.004227124415 0.005161809903 0.004606521814 0.005250717107 0.005103475692 0.004887935834 0.004726344621 0.005230930867 0.004997501445 0.004840360909 0.004849238644 0.005047043023 0.004786994246 0.005125880711 0.004357960026 0.005114456361 0.005393183514 0.0 0.0 0.0 0.0 0.0 0.0 0.0 0.0 0.0 0.0
0.0 0.0 0.0 0.0 0.0 0.0 0.0 0.0 0.0 0.0 0.0 0.0 0.0 0.0 0.0 0.0 0.0 0.0 0.0 0.0 0.0 0.0 0.0 0.0 0.0 0.0 0.0 0.0 0.0 0.0 0.0 0.0 0.0 0.0 0.0 0.0 0.0 0.0 0.0 0.0 0.0 0.0 0.0 0.0 0.005192427315 0.005209215985 0.360249190066 0.005188708155 0.004876311154 0.004532520773 0.004769380531 0.004466071651 0.004942308293 0.004855177606 0.004241403043 0.005165435767 0.00461664979 0.005249473805 0.005098674314 0.004883219798 0.004726776555 0.005231422346 0.004993664139 0.004839242293 0.004849339151 0.00504359361 0.004772389999 0.005111310737 0.00436369513 0.005097142863 0.005384519164 0.0 0.0 0.0 0.0 0.0 0.0 0.0 0.0 0.0 0.0
0.0 0.0 0.0 0.0 0.0 0.0 0.0 0.0 0.0 0.0 0.0 0.0 0.0 0.0 0.0 0.0 0.0 0.0 0.0 0.0 0.0 0.0 0.0 0.0 0.0 0.0 0.0 0.0 0.0 0.0 0.0 0.0 0.0 0.0 0.0 0.0 0.0 0.0 0.0 0.0 0.0 0.0 0.0 0.0 0.005174994042 0.0051858674 0.005188708155 0.361110142081 0.004900729934 0.004565889703 0.004795279754 0.004498782914 0.004961353144 0.004875015208 0.004294565449 0.005151532257 0.004637635423 0.005240279091 0.0050853933 0.004895532162 0.004749603832 0.005211699579 0.005011067412 0.004854212189 0.004855138635 0.005049609289 0.004760346449 0.005092213329 0.004381614535 0.005076975712 0.005364373091 0.0 0.0 0.0 0.0 0.0 0.0 0.0 0.0 0.0 0.0
0.0 0.0 0.0 0.0 0.0 0.0 0.0 0.0 0.0 0.0 0.0 0.0 0.0 0.0 0.0 0.0 0.0 0.0 0.0 0.0 0.0 0.0 0.0 0.0 0.0 0.0 0.0 0.0 0.0 0.0 0.0 0.0 0.0 0.0 0.0 0.0 0.0 0.0 0.0 0.0 0.0 0.0 0.0 0.0 0.004888642706 0.004884836923 0.004876311154 0.004900729934 0.24597297394 0.00469613284 0.004816524409 0.004672028859 0.004884677263 0.004840911946 0.004601268168 0.004875948093 0.004711271299 0.004926086113 0.004866003321 0.00483648999 0.004779582757 0.004876932145 0.004897711463 0.004819971366 0.004795898524 0.004887506162 0.004711152905 0.004855898877 0.004559832394 0.004841396257 0.004930799749 0.0 0.0 0.0 0.0 0.0 0.0 0.0 0.0 0.0 0.0
0.0 0.0 0.0 0.0 0.0 0.0 0.0 0.0 0.0 0.0 0.0 0.0 0.0 0.0 0.0 0.0 0.0 0.0 0.0 0.0 0.0 0.0 0.0 0.0 0.0 0.0 0.0 0.0 0.0 0.0 0.0 0.0 0.0 0.0 0.0 0.0 0.0 0.0 0.0 0.0 0.0 0.0 0.0 0.0 0.00454328446 0.004530032095 0.004532520773 0.004565889703 0.00469613284 0.205239238432 0.004727726875 0.00486878005 0.004668222077 0.004714452093 0.004957184464 0.004562458032 0.00478706286 0.004543035268 0.004575832635 0.004683752542 0.004754049425 0.004512576972 0.00465804099 0.004700452978 0.0046782237 0.004621703545 0.00460452349 0.004536113839 0.004770371452 0.004528177485 0.004450859094 0.0 0.0 0.0 0.0 0.0 0.0 0.0 0.0 0.0 0.0
0.0 0.0 0.0 0.0 0.0 0.0 0.0 0.0 0.0 0.0 0.0 0.0 0.0 0.0 0.0 0.0 0.0 0.0 0.0 0.0 0.0 0.0 0.0 0.0 0.0 0.0 0.0 0.0 0.0 0.0 0.0 0.0 0.0 0.0 0.0 0.0 0.0 0.0 0.0 0.0 0.0 0.0 0.0 0.0 0.004778321773 0.004773664515 0.004769380531 0.004795279754 0.004816524409 0.004727726875 0.410223455444 0.004717193663 0.004826015656 0.00480882804 0.004699048572 0.004785627622 0.004736791825 0.004799855398 0.004777569172 0.004793435281 0.004775279769 0.004766634601 0.004826599875 0.004781964939 0.004770161263 0.004808347881 0.004680938186 0.004762331535 0.004618489383 0.00475367101 0.004766472293 0.0 0.0 0.0 0.0 0.0 0.0 0.0 0.0 0.0 0.0
0.0 0.0 0.0 0.0 0.0 0.0 0.0 0.0 0.0 0.0 0.0 0.0 0.0 0.0 0.0 0.0 0.0 0.0 0.0 0.0 0.0 0.0 0.0 0.0 0.0 0.0 0.0 0.0 0.0 0.0 0.0 0.0 0.0 0.0 0.0 0.0 0.0 0.0 0.0 0.0 0.0 0.0 0.0 0.0 0.004477456061 0.004457498644 0.004466071651 0.004498782914 0.004672028859 0.00486878005 0.004717193663 0.175965772206 0.004642118313 0.00468898651 0.005082887843 0.004490909739 0.004783014156 0.004471580006 0.004509674974 0.004651747402 0.004743862985 0.004431880121 0.004622093996 0.004674876137 0.004645336222 0.004574780221 0.004574809984 0.004471802651 0.004848194305 0.004462405122 0.004355183051 0.0 0.0 0.0 0.0 0.0 0.0 0.0 0.0 0.0 0.0
0.0 0.0 0.0 0.0 0.0 0.0 0.0 0.0 0.0 0.0 0.0 0.0 0.0 0.0 0.0 0.0 0.0 0.0 0.0 0.0 0.0 0.0 0.0 0.0 0.0 0.0 0.0 0.0 0.0 0.0 0.0 0.0 0.0 0.0 0.0 0.0 0.0 0.0 0.0 0.0 0.0 0.0 0.0 0.0 0.004954311812 0.004952152413 0.004942308293 0.004961353144 0.004884677263 0.004668222077 0.004826015656 0.004642118313 0.265790210607 0.004856367534 0.004540958391 0.004936492276 0.0046855504 0.004996232208 0.004912237688 0.004853627157 0.004772729677 0.004945143598 0.004930665911 0.004821910879 0.004811687391 0.004929178187 0.004720652429 0.004916845181 0.004525017815 0.004907131241 0.005019671856 0.0 0.0 0.0 0.0 0.0 0.0 0.0 0.0 0.0 0.0
0.0 0.0 0.0 0.0 0.0 0.0 0.0 0.0 0.0 0.0 0.0 0.0 0.0 0.0 0.0 0.0 0.0 0.0 0.0 0.0 0.0 0.0 0.0 0.0 0.0 0.0 0.0 0.0 0.0 0.0 0.0 0.0 0.0 0.0 0.0 0.0 0.0 0.0 0.0 0.0 0.0 0.0 0.0 0.0 0.004853789515 0.004857555848 0.004855177606 0.004875015208 0.004840911946 0.004714452093 0.00480882804 0.00468898651 0.004856367534 0.3310427189 0.004639407599 0.004867217922 0.004761926559 0.004886510271 0.004854378148 0.004840647431 0.004800899259 0.004847093605 0.004870811195 0.004821829032 0.004814084297 0.004859107957 0.004688072249 0.004817005583 0.004553044171 0.004802371865 0.004861055365 0.0 0.0 0.0 0.0 0.0 0.0 0.0 0.0 0.0 0.0
0.0 0.0 0.0 0.0 0.0 0.0 0.0 0.0 0.0 0.0 0.0 0.0 0.0 0.0 0.0 0.0 0.0 0.0 0.0 0.0 0.0 0.0 0.0 0.0 0.0 0.0 0.0 0.0 0.0 0.0 0.0 0.0 0.0 0.0 0.0 0.0 0.0 0.0 0.0 0.0 0.0 0.0 0.0 0.0 0.004252246482 0.004227124415 0.004241403043 0.004294565449 0.004601268168 0.004957184464 0.004699048572 0.005082887843 0.004540958391 0.004639407599 0.19090943092 0.004294321742 0.004865608708 0.004228969153 0.00432356613 0.00457552802 0.004748744663 0.004189795743 0.004498707548 0.004627062349 0.004591308485 0.004427070596 0.00448409398 0.004258698251 0.005019482411 0.004251597491 0.004020187559 0.0 0.0 0.0 0.0 0.0 0.0 0.0 0.0 0.0 0.0
0.0 0.0 0.0 0.0 0.0 0.0 0.0 0.0 0.0 0.0 0.0 0.0 0.0 0.0 0.0 0.0 0.0 0.0 0.0 0.0 0.0 0.0 0.0 0.0 0.0 0.0 0.0 0.0 0.0 0.0 0.0 0.0 0.0 0.0 0.0 0.0 0.0 0.0 0.0 0.0 0.0 0.0 0.0 0.0 0.005144915944 0.005161809903 0.005165435767 0.005151532257 0.004875948093 0.004562458032 0.004785627622 0.004490909739 0.004936492276 0.004867217922 0.004294321742 0.543381858446 0.004652450871 0.005203377967 0.005072312177 0.004886298996 0.00474783147 0.005190191576 0.004983240654 0.004844727023 0.004858159577 0.005025812782 0.004750558635 0.005072556717 0.00437613728 0.00506161581 0.005314161928 0.0 0.0 0.0 0.0 0.0 0.0 0.0 0.0 0.0 0.0
0.0 0.0 0.0 0.0 0.0 0.0 0.0 0.0 0.0 0.0 0.0 0.0 0.0 0.0 0.0 0.0 0.0 0.0 0.0 0.0 0.0 0.0 0.0 0.0 0.0 0.0 0.0 0.0 0.0 0.0 0.0 0.0 0.0 0.0 0.0 0.0 0.0 0.0 0.0 0.0 0.0 0.0 0.0 0.0 0.004602718672 0.004606521814 0.00461664979 0.004637635423 0.004711271299 0.00478706286 0.004736791825 0.004783014156 0.0046855504 0.004761926559 0.004865608708 0.004652450871 0.130644331516 0.004610673072 0.004659746943 0.004734533601 0.004787341585 0.004597713835 0.004696633847 0.004752911337 0.004738016315 0.004671857898 0.00461684373 0.004585771433 0.004679289946 0.00457196028 0.004518731435 0.0 0.0 0.0 0.0 0.0 0.0 0.0 0.0 0.0 0.0
0.0 0.0 0.0 0.0 0.0 0.0 0.0 0.0 0.0 0.0 0.0 0.0 0.0 0.0 0.0 0.0 0.0 0.0 0.0 0.0 0.0 0.0 0.0 0.0 0.0 0.0 0.0 0.0 0.0 0.0 0.0 0.0 0.0 0.0 0.0 0.0 0.0 0.0 0.0 0.0 0.0 0.0 0.0 0.0 0.005239787358 0.005250717107 0.005249473805 0.005240279091 0.004926086113 0.004543035268 0.004799855398 0.004471580006 0.004996232208 0.004886510271 0.004228969153 0.005203377967 0.004610673072 0.354627588568 0.005127845952 0.004912828803 0.004742798787 0.005282840865 0.0050476551 0.004862795448 0.004860274698 0.0050921112 0.004778397202 0.00515464347 0.004347703795 0.005142089176 0.005497000697 0.0 0.0 0.0 0.0 0.0 0.0 0.0 0.0 0.0 0.0
0.0 0.0 0.0 0.0 0.0 0.0 0.0 0.0 0.0 0.0 0.0 0.0 0.0 0.0 0.0 0.0 0.0 0.0 0.0 0.0 0.0 0.0 0.0 0.0 0.0 0.0 0.0 0.0 0.0 0.0 0.0 0.0 0.0 0.0 0.0 0.0 0.0 0.0 0.0 0.0 0.0 0.0 0.0 0.0 0.005085357335 0.005103475692 0.005098674314 0.0050853933 0.004866003321 0.004575832635 0.004777569172 0.004509674974 0.004912237688 0.004854378148 0.00432356613 0.005072312177 0.004659746943 0.005127845952 0.246733362647 0.004877250427 0.00474915586 0.005110512376 0.004955749137 0.004844497086 0.004845192071 0.004988165194 0.004766453642 0.005030089293 0.004405906355 0.005013353451 0.005208482896 0.0 0.0 0.0 0.0 0.0 0.0 0.0 0.0 0.0 0.0
0.0 0.0 0.0 0.0 0.0 0.0 0.0 0.0 0.0 0.0 0.0 0.0 0.0 0.0 0.0 0.0 0.0 0.0 0.0 0.0 0.0 0.0 0.0 0.0 0.0 0.0 0.0 0.0 0.0 0.0 0.0 0.0 0.0 0.0 0.0 0.0 0.0 0.0 0.0 0.0 0.0 0.0 0.0 0.0 0.004881149682 0.004887935834 0.004883219798 0.004895532162 0.00483648999 0.004683752542 0.004793435281 0.004651747402 0.004853627157 0.004840647431 0.00457552802 0.004886298996 0.004734533601 0.004912828803 0.004877250427 0.159622815683 0.004782039043 0.004880745093 0.004873420973 0.004820104052 0.004808867704 0.004869575668 0.00470928786 0.004848435314 0.004534219963 0.00483342191 0.00491096866 0.0 0.0 0.0 0.0 0.0 0.0 0.0 0.0 0.0 0.0
0.0 0.0 0.0 0.0 0.0 0.0 0.0 0.0 0.0 0.0 0.0 0.0 0.0 0.0 0.0 0.0 0.0 0.0 0.0 0.0 0.0 0.0 0.0 0.0 0.0 0.0 0.0 0.0 0.0 0.0 0.0 0.0 0.0 0.0 0.0 0.0 0.0 0.0 0.0 0.0 0.0 0.0 0.0 0.0 0.004725762614 0.004726344621 0.004726776555 0.004749603832 0.004779582757 0.004754049425 0.004775279769 0.004743862985 0.004772729677 0.004800899259 0.004748744663 0.00474783147 0.004787341585 0.004742798787 0.00474915586 0.004782039043 0.366933243195 0.004718028961 0.004784048647 0.00478394116 0.004767032687 0.004763764149 0.00466093951 0.004702188364 0.004625597153 0.004689233891 0.004690327396 0.0 0.0 0.0 0.0 0.0 0.0 0.0 0.0 0.0 0.0
0.0 0.0 0.0 0.0 0.0 0.0 0.0 0.0 0.0 0.0 0.0 0.0 0.0 0.0 0.0 0.0 0.0 0.0 0.0 0.0 0.0 0.0 0.0 0.0 0.0 0.0 0.0 0.0 0.0 0.0 0.0 0.0 0.0 0.0 0.0 0.0 0.0 0.0 0.0 0.0 0.0 0.0 0.0 0.0 0.005213297572 0.005230930867 0.005231422346 0.005211699579 0.004876932145 0.004512576972 0.004766634601 0.004431880121 0.004945143598 0.004847093605 0.004189795743 0.005190191576 0.004597713835 0.005282840865 0.005110512376 0.004880745093 0.004718028961 0.56233637138 0.005000986095 0.004836896914 0.004846786214 0.005055230383 0.004787263454 0.005141828015 0.00434368138 0.005136253239 0.00547343172 0.0 0.0 0.0 0.0 0.0 0.0 0.0 0.0 0.0 0.0
0.0 0.0 0.0 0.0 0.0 0.0 0.0 0.0 0.0 0.0 0.0 0.0 0.0 0.0 0.0 0.0 0.0 0.0 0.0 0.0 0.0 0.0 0.0 0.0 0.0 0.0 0.0 0.0 0.0 0.0 0.0 0.0 0.0 0.0 0.0 0.0 0.0 0.0 0.0 0.0 0.0 0.0 0.0 0.0 0.004996666098 0.004997501445 0.004993664139 0.005011067412 0.004897711463 0.00465804099 0.004826599875 0.004622093996 0.004930665911 0.004870811195 0.004498707548 0.004983240654 0.004696633847 0.0050476551 0.004955749137 0.004873420973 0.004784048647 0.005000986095 0.240604727553 0.004849585895 0.004827931534 0.004962979487 0.004725322869 0.004943353245 0.00449229498 0.004924595686 0.005083982001 0.0 0.0 0.0 0.0 0.0 0.0 0.0 0.0 0.0 0.0
0.0 0.0 0.0 0.0 0.0 0.0 0.0 0.0 0.0 0.0 0.0 0.0 0.0 0.0 0.0 0.0 0.0 0.0 0.0 0.0 0.0 0.0 0.0 0.0 0.0 0.0 0.0 0.0 0.0 0.0 0.0 0.0 0.0 0.0 0.0 0.0 0.0 0.0 0.0 0.0 0.0 0.0 0.0 0.0 0.004835156532 0.004840360909 0.004839242293 0.004854212189 0.004819971366 0.004700452978 0.004781964939 0.004674876137 0.004821910879 0.004821829032 0.004627062349 0.004844727023 0.004752911337 0.004862795448 0.004844497086 0.004820104052 0.00478394116 0.004836896914 0.004849585895 0.47785445943 0.004793416571 0.004841670757 0.004694990346 0.004802468981 0.004562737632 0.004783057419 0.004848993968 0.0 0.0 0.0 0.0 0.0 0.0 0.0 0.0 0.0 0.0
0.0 0.0 0.0 0.0 0.0 0.0 0.0 0.0 0.0 0.0 0.0 0.0 0.0 0.0 0.0 0.0 0.0 0.0 0.0 0.0 0.0 0.0 0.0 0.0 0.0 0.0 0.0 0.0 0.0 0.0 0.0 0.0 0.0 0.0 0.0 0.0 0.0 0.0 0.0 0.0 0.0 0.0 0.0 0.0 0.004839691102 0.004849238644 0.004849339151 0.004855138635 0.004795898524 0.0046782237 0.004770161263 0.004645336222 0.004811687391 0.004814084297 0.004591308485 0.004858159577 0.004738016315 0.004860274698 0.004845192071 0.004808867704 0.004767032687 0.004846786214 0.004827931534 0.004793416571 0.230936583802 0.004828837681 0.004696142935 0.004811574196 0.00454869928 0.004801082434 0.004848757549 0.0 0.0 0.0 0.0 0.0 0.0 0.0 0.0 0.0 0.0
0.0 0.0 0.0 0.0 0.0 0.0 0.0 0.0 0.0 0.0 0.0 0.0 0.0 0.0 0.0 0.0 0.0 0.0 0.0 0.0 0.0 0.0 0.0 0.0 0.0 0.0 0.0 0.0 0.0 0.0 0.0 0.0 0.0 0.0 0.0 0.0 0.0 0.0 0.0 0.0 0.0 0.0 0.0 0.0 0.005042440941 0.005047043023 0.00504359361 0.005049609289 0.004887506162 0.004621703545 0.004808347881 0.004574780221 0.004929178187 0.004859107957 0.004427070596 0.005025812782 0.004671857898 0.0050921112 0.004988165194 0.004869575668 0.004763764149 0.005055230383 0.004962979487 0.004841670757 0.004828837681 0.450822158076 0.004736184327 0.004984445782 0.004459668761 0.004969850809 0.005153560117 0.0 0.0 0.0 0.0 0.0 0.0 0.0 0.0 0.0 0.0
