108 108
0.265768502083 0.01925396858 0.01859245846 0.01909573867 0.01939982101 0.01946682089 0.01885038914 0.01881374579 0.0188490262 0.01863259785 0.01967107089 0.01943597011 0.01854563275 0.01967694842 0.01891370535 0.01932768959 0.01877042687 0.01861348502 0.0188224985 0.01860400465 0.01947659545 0.0 0.0 0.0 0.0 0.0 0.0 0.0 0.0 0.0 0.0 0.0 0.0 0.0 0.0 0.0 0.0 0.0 0.0 0.0 0.0 0.0 0.0 0.0 0.0 0.0 0.0 0.0 0.0 0.0 0.0 0.0 0.0 0.0 0.0 0.0 0.0 0.0 0.0 0.0 0.0 0.0 0.0 0.0 0.0 0.0 0.0 0.0 0.0 0.0 0.0 0.0 0.0 0.0 0.0 0.0 0.0 0.0 0.0 0.0 0.0 0.0 0.0 0.0 0.0 0.0 0.0 0.0 0.0 0.0 0.0 0.0 0.0 0.0 0.0 0.0 0.0 0.0 0.0 0.0 0.0 0.0 0.0 0.0 0.0 0.0 0.0 0.0
0.01925396858 1.09465541216 0.01845791323 0.01916417086 0.01946742441 0.0197378338 0.01873214628 0.01867927356 0.01877768397 0.01842788458 0.01991339712 0.01967506947 0.01850547543 0.02001741126 0.01888153059 0.01946473101 0.01873629652 0.01848673297 0.01887542163 0.01857277475 0.01969561917 0.0 0.0 0.0 0.0 0.0 0.0 0.0 0.0 0.0 0.0 0.0 0.0 0.0 0.0 0.0 0.0 0.0 0.0 0.0 0.0 0.0 0.0 0.0 0.0 0.0 0.0 0.0 0.0 0.0 0.0 0.0 0.0 0.0 0.0 0.0 0.0 0.0 0.0 0.0 0.0 0.0 0.0 0.0 0.0 0.0 0.0 0.0 0.0 0.0 0.0 0.0 0.0 0.0 0.0 0.0 0.0 0.0 0.0 0.0 0.0 0.0 0.0 0.0 0.0 0.0 0.0 0.0 0.0 0.0 0.0 0.0 0.0 0.0 0.0 0.0 0.0 0.0 0.0 0.0 0.0 0.0 0.0 0.0 0.0 0.0 0.0 0.0
0.01859245846 0.01845791323 1.06799317118 0.01854407471 0.0183125708 0.0177589975 0.01899916236 0.01910149004 0.01894968468 0.0192710853 0.01776717251 0.01785900542 0.01896795116 0.01742557515 0.01869475575 0.01823532285 0.01876080442 0.01893719365 0.01859459136 0.01878989089 0.01788671573 0.0 0.0 0.0 0.0 0.0 0.0 0.0 0.0 0.0 0.0 0.0 0.0 0.0 0.0 0.0 0.0 0.0 0.0 0.0 0.0 0.0 0.0 0.0 0.0 0.0 0.0 0.0 0.0 0.0 0.0 0.0 0.0 0.0 0.0 0.0 0.0 0.0 0.0 0.0 0.0 0.0 0.0 0.0 0.0 0.0 0.0 0.0 0.0 0.0 0.0 0.0 0.0 0.0 0.0 0.0 0.0 0.0 0.0 0.0 0.0 0.0 0.0 0.0 0.0 0.0 0.0 0.0 0.0 0.0 0.0 0.0 0.0 0.0 0.0 0.0 0.0 0.0 0.0 0.0 0.0 0.0 0.0 0.0 0.0 0.0 0.0 0.0
0.01909573867 0.01916417086 0.01854407471 0.886260305498 0.01924872416 0.01943054252 0.01873188209 0.01870769558 0.01879381795 0.01852838684 0.01954164829 0.01941269538 0.01858080131 0.01963080414 0.01883242181 0.01923970371 0.01868481348 0.01854114674 0.01885759117 0.01863047101 0.01941327735 0.0 0.0 0.0 0.0 0.0 0.0 0.0 0.0 0.0 0.0 0.0 0.0 0.0 0.0 0.0 0.0 0.0 0.0 0.0 0.0 0.0 0.0 0.0 0.0 0.0 0.0 0.0 0.0 0.0 0.0 0.0 0.0 0.0 0.0 0.0 0.0 0.0 0.0 0.0 0.0 0.0 0.0 0.0 0.0 0.0 0.0 0.0 0.0 0.0 0.0 0.0 0.0 0.0 0.0 0.0 0.0 0.0 0.0 0.0 0.0 0.0 0.0 0.0 0.0 0.0 0.0 0.0 0.0 0.0 0.0 0.0 0.0 0.0 0.0 0.0 0.0 0.0 0.0 0.0 0.0 0.0 0.0 0.0 0.0 0.0 0.0 0.0
0.01939982101 0.01946742441 0.0183125708 0.01924872416 0.899174989392 0.02002047388 0.01874263394 0.01869291326 0.01878738746 0.01840203654 0.02028731172 0.01997921969 0.01840761795 0.02044020493 0.01889267964 0.01964181556 0.01863312832 0.0184527951 0.01887292646 0.01855879889 0.01998810781 0.0 0.0 0.0 0.0 0.0 0.0 0.0 0.0 0.0 0.0 0.0 0.0 0.0 0.0 0.0 0.0 0.0 0.0 0.0 0.0 0.0 0.0 0.0 0.0 0.0 0.0 0.0 0.0 0.0 0.0 0.0 0.0 0.0 0.0 0.0 0.0 0.0 0.0 0.0 0.0 0.0 0.0 0.0 0.0 0.0 0.0 0.0 0.0 0.0 0.0 0.0 0.0 0.0 0.0 0.0 0.0 0.0 0.0 0.0 0.0 0.0 0.0 0.0 0.0 0.0 0.0 0.0 0.0 0.0 0.0 0.0 0.0 0.0 0.0 0.0 0.0 0.0 0.0 0.0 0.0 0.0 0.0 0.0 0.0 0.0 0.0 0.0
0.01946682089 0.0197378338 0.0177589975 0.01943054252 0.02002047388 1.42382364181 0.01834317489 0.01822216783 0.01852459757 0.01772621981 0.02129683625 0.02085105663 0.01820177779 0.02181196246 0.01877477511 0.02014970829 0.0184987204 0.0180323542 0.01901101941 0.01843617179 0.02083275001 0.0 0.0 0.0 0.0 0.0 0.0 0.0 0.0 0.0 0.0 0.0 0.0 0.0 0.0 0.0 0.0 0.0 0.0 0.0 0.0 0.0 0.0 0.0 0.0 0.0 0.0 0.0 0.0 0.0 0.0 0.0 0.0 0.0 0.0 0.0 0.0 0.0 0.0 0.0 0.0 0.0 0.0 0.0 0.0 0.0 0.0 0.0 0.0 0.0 0.0 0.0 0.0 0.0 0.0 0.0 0.0 0.0 0.0 0.0 0.0 0.0 0.0 0.0 0.0 0.0 0.0 0.0 0.0 0.0 0.0 0.0 0.0 0.0 0.0 0.0 0.0 0.0 0.0 0.0 0.0 0.0 0.0 0.0 0.0 0.0 0.0 0.0
0.01885038914 0.01873214628 0.01899916236 0.01873188209 0.01874263394 0.01834317489 0.633842134684 0.01902819311 0.01894281383 0.01909449719 0.01834625914 0.01836463356 0.01877866137 0.01812492558 0.01895216599 0.01861360266 0.01898188685 0.01902994572 0.01871030551 0.01874292736 0.018424127 0.0 0.0 0.0 0.0 0.0 0.0 0.0 0.0 0.0 0.0 0.0 0.0 0.0 0.0 0.0 0.0 0.0 0.0 0.0 0.0 0.0 0.0 0.0 0.0 0.0 0.0 0.0 0.0 0.0 0.0 0.0 0.0 0.0 0.0 0.0 0.0 0.0 0.0 0.0 0.0 0.0 0.0 0.0 0.0 0.0 0.0 0.0 0.0 0.0 0.0 0.0 0.0 0.0 0.0 0.0 0.0 0.0 0.0 0.0 0.0 0.0 0.0 0.0 0.0 0.0 0.0 0.0 0.0 0.0 0.0 0.0 0.0 0.0 0.0 0.0 0.0 0.0 0.0 0.0 0.0 0.0 0.0 0.0 0.0 0.0 0.0 0.0
0.01881374579 0.01867927356 0.01910149004 0.01870769558 0.01869291326 0.01822216783 0.01902819311 0.760898576067 0.01897141352 0.01924550487 0.01830171717 0.01833377619 0.01879623501 0.01805932951 0.01874955342 0.01853340645 0.01864569606 0.01892234017 0.01861022522 0.01878265846 0.01834739246 0.0 0.0 0.0 0.0 0.0 0.0 0.0 0.0 0.0 0.0 0.0 0.0 0.0 0.0 0.0 0.0 0.0 0.0 0.0 0.0 0.0 0.0 0.0 0.0 0.0 0.0 0.0 0.0 0.0 0.0 0.0 0.0 0.0 0.0 0.0 0.0 0.0 0.0 0.0 0.0 0.0 0.0 0.0 0.0 0.0 0.0 0.0 0.0 0.0 0.0 0.0 0.0 0.0 0.0 0.0 0.0 0.0 0.0 0.0 0.0 0.0 0.0 0.0 0.0 0.0 0.0 0.0 0.0 0.0 0.0 0.0 0.0 0.0 0.0 0.0 0.0 0.0 0.0 0.0 0.0 0.0 0.0 0.0 0.0 0.0 0.0 0.0
0.0188490262 0.01877768397 0.01894968468 0.01879381795 0.01878738746 0.01852459757 0.01894281383 0.01897141352 0.750900996024 0.01901068207 0.01857583342 0.01859253477 0.01876741008 0.01844141644 0.01880027171 0.01869107621 0.01872580359 0.01882996754 0.01871175504 0.01874396103 0.01860968323 0.0 0.0 0.0 0.0 0.0 0.0 0.0 0.0 0.0 0.0 0.0 0.0 0.0 0.0 0.0 0.0 0.0 0.0 0.0 0.0 0.0 0.0 0.0 0.0 0.0 0.0 0.0 0.0 0.0 0.0 0.0 0.0 0.0 0.0 0.0 0.0 0.0 0.0 0.0 0.0 0.0 0.0 0.0 0.0 0.0 0.0 0.0 0.0 0.0 0.0 0.0 0.0 0.0 0.0 0.0 0.0 0.0 0.0 0.0 0.0 0.0 0.0 0.0 0.0 0.0 0.0 0.0 0.0 0.0 0.0 0.0 0.0 0.0 0.0 0.0 0.0 0.0 0.0 0.0 0.0 0.0 0.0 0.0 0.0 0.0 0.0 0.0
0.01863259785 0.01842788458 0.0192710853 0.01852838684 0.01840203654 0.01772621981 0.01909449719 0.01924550487 0.01901068207 0.71051829571 0.01774282241 0.01786027208 0.01891686339 0.01741087324 0.0187155216 0.01820805389 0.01864279993 0.01907191773 0.01851261895 0.01886177476 0.01789362736 0.0 0.0 0.0 0.0 0.0 0.0 0.0 0.0 0.0 0.0 0.0 0.0 0.0 0.0 0.0 0.0 0.0 0.0 0.0 0.0 0.0 0.0 0.0 0.0 0.0 0.0 0.0 0.0 0.0 0.0 0.0 0.0 0.0 0.0 0.0 0.0 0.0 0.0 0.0 0.0 0.0 0.0 0.0 0.0 0.0 0.0 0.0 0.0 0.0 0.0 0.0 0.0 0.0 0.0 0.0 0.0 0.0 0.0 0.0 0.0 0.0 0.0 0.0 0.0 0.0 0.0 0.0 0.0 0.0 0.0 0.0 0.0 0.0 0.0 0.0 0.0 0.0 0.0 0.0 0.0 0.0 0.0 0.0 0.0 0.0 0.0 0.0
0.01967107089 0.01991339712 0.01776717251 0.01954164829 0.02028731172 0.02129683625 0.01834625914 0.01830171717 0.01857583342 0.01774282241 1.35696431046 0.02112897436 0.0181286229 0.02236763179 0.01878901081 0.02034495801 0.01840627434 0.01796086276 0.01898981047 0.01838000804 0.02114343412 0.0 0.0 0.0 0.0 0.0 0.0 0.0 0.0 0.0 0.0 0.0 0.0 0.0 0.0 0.0 0.0 0.0 0.0 0.0 0.0 0.0 0.0 0.0 0.0 0.0 0.0 0.0 0.0 0.0 0.0 0.0 0.0 0.0 0.0 0.0 0.0 0.0 0.0 0.0 0.0 0.0 0.0 0.0 0.0 0.0 0.0 0.0 0.0 0.0 0.0 0.0 0.0 0.0 0.0 0.0 0.0 0.0 0.0 0.0 0.0 0.0 0.0 0.0 0.0 0.0 0.0 0.0 0.0 0.0 0.0 0.0 0.0 0.0 0.0 0.0 0.0 0.0 0.0 0.0 0.0 0.0 0.0 0.0 0.0 0.0 0.0 0.0
0.01943597011 0.01967506947 0.01785900542 0.01941269538 0.01997921969 0.02085105663 0.01836463356 0.01833377619 0.01859253477 0.01786027208 0.02112897436 2.31466410399 0.01822046892 0.0216310461 0.01864361927 0.02002313638 0.01823270366 0.0180022972 0.0189500177 0.01848282796 0.02074703008 0.0 0.0 0.0 0.0 0.0 0.0 0.0 0.0 0.0 0.0 0.0 0.0 0.0 0.0 0.0 0.0 0.0 0.0 0.0 0.0 0.0 0.0 0.0 0.0 0.0 0.0 0.0 0.0 0.0 0.0 0.0 0.0 0.0 0.0 0.0 0.0 0.0 0.0 0.0 0.0 0.0 0.0 0.0 0.0 0.0 0.0 0.0 0.0 0.0 0.0 0.0 0.0 0.0 0.0 0.0 0.0 0.0 0.0 0.0 0.0 0.0 0.0 0.0 0.0 0.0 0.0 0.0 0.0 0.0 0.0 0.0 0.0 0.0 0.0 0.0 0.0 0.0 0.0 0.0 0.0 0.0 0.0 0.0 0.0 0.0 0.0 0.0
0.01854563275 0.01850547543 0.01896795116 0.01858080131 0.01840761795 0.01820177779 0.01877866137 0.01879623501 0.01876741008 0.01891686339 0.0181286229 0.01822046892 0.621899074001 0.01800695454 0.01873041949 0.01840469723 0.01881546601 0.01882371333 0.01869405133 0.01876620334 0.01824923288 0.0 0.0 0.0 0.0 0.0 0.0 0.0 0.0 0.0 0.0 0.0 0.0 0.0 0.0 0.0 0.0 0.0 0.0 0.0 0.0 0.0 0.0 0.0 0.0 0.0 0.0 0.0 0.0 0.0 0.0 0.0 0.0 0.0 0.0 0.0 0.0 0.0 0.0 0.0 0.0 0.0 0.0 0.0 0.0 0.0 0.0 0.0 0.0 0.0 0.0 0.0 0.0 0.0 0.0 0.0 0.0 0.0 0.0 0.0 0.0 0.0 0.0 0.0 0.0 0.0 0.0 0.0 0.0 0.0 0.0 0.0 0.0 0.0 0.0 0.0 0.0 0.0 0.0 0.0 0.0 0.0 0.0 0.0 0.0 0.0 0.0 0.0
0.01967694842 0.02001741126 0.01742557515 0.01963080414 0.02044020493 0.02181196246 0.01812492558 0.01805932951 0.01844141644 0.01741087324 0.02236763179 0.0216310461 0.01800695454 1.99279815425 0.01866041656 0.02055978124 0.01818296705 0.01771540523 0.01903304295 0.01834344746 0.02159667571 0.0 0.0 0.0 0.0 0.0 0.0 0.0 0.0 0.0 0.0 0.0 0.0 0.0 0.0 0.0 0.0 0.0 0.0 0.0 0.0 0.0 0.0 0.0 0.0 0.0 0.0 0.0 0.0 0.0 0.0 0.0 0.0 0.0 0.0 0.0 0.0 0.0 0.0 0.0 0.0 0.0 0.0 0.0 0.0 0.0 0.0 0.0 0.0 0.0 0.0 0.0 0.0 0.0 0.0 0.0 0.0 0.0 0.0 0.0 0.0 0.0 0.0 0.0 0.0 0.0 0.0 0.0 0.0 0.0 0.0 0.0 0.0 0.0 0.0 0.0 0.0 0.0 0.0 0.0 0.0 0.0 0.0 0.0 0.0 0.0 0.0 0.0
0.01891370535 0.01888153059 0.01869475575 0.01883242181 0.01889267964 0.01877477511 0.01895216599 0.01874955342 0.01880027171 0.0187155216 0.01878901081 0.01864361927 0.01873041949 0.01866041656 0.809619769608 0.01886173418 0.0194141921 0.01900941312 0.01887125107 0.01862228982 0.01878556505 0.0 0.0 0.0 0.0 0.0 0.0 0.0 0.0 0.0 0.0 0.0 0.0 0.0 0.0 0.0 0.0 0.0 0.0 0.0 0.0 0.0 0.0 0.0 0.0 0.0 0.0 0.0 0.0 0.0 0.0 0.0 0.0 0.0 0.0 0.0 0.0 0.0 0.0 0.0 0.0 0.0 0.0 0.0 0.0 0.0 0.0 0.0 0.0 0.0 0.0 0.0 0.0 0.0 0.0 0.0 0.0 0.0 0.0 0.0 0.0 0.0 0.0 0.0 0.0 0.0 0.0 0.0 0.0 0.0 0.0 0.0 0.0 0.0 0.0 0.0 0.0 0.0 0.0 0.0 0.0 0.0 0.0 0.0 0.0 0.0 0.0 0.0
0.01932768959 0.01946473101 0.01823532285 0.01923970371 0.01964181556 0.02014970829 0.01861360266 0.01853340645 0.01869107621 0.01820805389 0.02034495801 0.02002313638 0.01840469723 0.02055978124 0.01886173418 1.35913653204 0.01869076539 0.01835480384 0.01891570477 0.01852267277 0.02003734377 0.0 0.0 0.0 0.0 0.0 0.0 0.0 0.0 0.0 0.0 0.0 0.0 0.0 0.0 0.0 0.0 0.0 0.0 0.0 0.0 0.0 0.0 0.0 0.0 0.0 0.0 0.0 0.0 0.0 0.0 0.0 0.0 0.0 0.0 0.0 0.0 0.0 0.0 0.0 0.0 0.0 0.0 0.0 0.0 0.0 0.0 0.0 0.0 0.0 0.0 0.0 0.0 0.0 0.0 0.0 0.0 0.0 0.0 0.0 0.0 0.0 0.0 0.0 0.0 0.0 0.0 0.0 0.0 0.0 0.0 0.0 0.0 0.0 0.0 0.0 0.0 0.0 0.0 0.0 0.0 0.0 0.0 0.0 0.0 0.0 0.0 0.0
0.01877042687 0.01873629652 0.01876080442 0.01868481348 0.01863312832 0.0184987204 0.01898188685 0.01864569606 0.01872580359 0.01864279993 0.01840627434 0.01823270366 0.01881546601 0.01818296705 0.0194141921 0.01869076539 0.739348211079 0.01918264971 0.01891276248 0.01857942541 0.01845448422 0.0 0.0 0.0 0.0 0.0 0.0 0.0 0.0 0.0 0.0 0.0 0.0 0.0 0.0 0.0 0.0 0.0 0.0 0.0 0.0 0.0 0.0 0.0 0.0 0.0 0.0 0.0 0.0 0.0 0.0 0.0 0.0 0.0 0.0 0.0 0.0 0.0 0.0 0.0 0.0 0.0 0.0 0.0 0.0 0.0 0.0 0.0 0.0 0.0 0.0 0.0 0.0 0.0 0.0 0.0 0.0 0.0 0.0 0.0 0.0 0.0 0.0 0.0 0.0 0.0 0.0 0.0 0.0 0.0 0.0 0.0 0.0 0.0 0.0 0.0 0.0 0.0 0.0 0.0 0.0 0.0 0.0 0.0 0.0 0.0 0.0 0.0
0.01861348502 0.01848673297 0.01893719365 0.01854114674 0.0184527951 0.0180323542 0.01902994572 0.01892234017 0.01882996754 0.01907191773 0.01796086276 0.0180022972 0.01882371333 0.01771540523 0.01900941312 0.01835480384 0.01918264971 0.506858117374 0.01868449026 0.01874187822 0.01809807584 0.0 0.0 0.0 0.0 0.0 0.0 0.0 0.0 0.0 0.0 0.0 0.0 0.0 0.0 0.0 0.0 0.0 0.0 0.0 0.0 0.0 0.0 0.0 0.0 0.0 0.0 0.0 0.0 0.0 0.0 0.0 0.0 0.0 0.0 0.0 0.0 0.0 0.0 0.0 0.0 0.0 0.0 0.0 0.0 0.0 0.0 0.0 0.0 0.0 0.0 0.0 0.0 0.0 0.0 0.0 0.0 0.0 0.0 0.0 0.0 0.0 0.0 0.0 0.0 0.0 0.0 0.0 0.0 0.0 0.0 0.0 0.0 0.0 0.0 0.0 0.0 0.0 0.0 0.0 0.0 0.0 0.0 0.0 0.0 0.0 0.0 0.0
0.0188224985 0.01887542163 0.01859459136 0.01885759117 0.01887292646 0.01901101941 0.01871030551 0.01861022522 0.01871175504 0.01851261895 0.01898981047 0.0189500177 0.01869405133 0.01903304295 0.01887125107 0.01891570477 0.01891276248 0.01868449026 0.62628333329 0.01865799022 0.01897288851 0.0 0.0 0.0 0.0 0.0 0.0 0.0 0.0 0.0 0.0 0.0 0.0 0.0 0.0 0.0 0.0 0.0 0.0 0.0 0.0 0.0 0.0 0.0 0.0 0.0 0.0 0.0 0.0 0.0 0.0 0.0 0.0 0.0 0.0 0.0 0.0 0.0 0.0 0.0 0.0 0.0 0.0 0.0 0.0 0.0 0.0 0.0 0.0 0.0 0.0 0.0 0.0 0.0 0.0 0.0 0.0 0.0 0.0 0.0 0.0 0.0 0.0 0.0 0.0 0.0 0.0 0.0 0.0 0.0 0.0 0.0 0.0 0.0 0.0 0.0 0.0 0.0 0.0 0.0 0.0 0.0 0.0 0.0 0.0 0.0 0.0 0.0
0.01860400465 0.01857277475 0.01878989089 0.01863047101 0.01855879889 0.01843617179 0.01874292736 0.01878265846 0.01874396103 0.01886177476 0.01838000804 0.01848282796 0.01876620334 0.01834344746 0.01862228982 0.01852267277 0.01857942541 0.01874187822 0.01865799022 0.968390439445 0.01845592293 0.0 0.0 0.0 0.0 0.0 0.0 0.0 0.0 0.0 0.0 0.0 0.0 0.0 0.0 0.0 0.0 0.0 0.0 0.0 0.0 0.0 0.0 0.0 0.0 0.0 0.0 0.0 0.0 0.0 0.0 0.0 0.0 0.0 0.0 0.0 0.0 0.0 0.0 0.0 0.0 0.0 0.0 0.0 0.0 0.0 0.0 0.0 0.0 0.0 0.0 0.0 0.0 0.0 0.0 0.0 0.0 0.0 0.0 0.0 0.0 0.0 0.0 0.0 0.0 0.0 0.0 0.0 0.0 0.0 0.0 0.0 0.0 0.0 0.0 0.0 0.0 0.0 0.0 0.0 0.0 0.0 0.0 0.0 0.0 0.0 0.0 0.0
0.01947659545 0.01969561917 0.01788671573 0.01941327735 0.01998810781 0.02083275001 0.018424127 0.01834739246 0.01860968323 0.01789362736 0.02114343412 0.02074703008 0.01824923288 0.02159667571 0.01878556505 0.02003734377 0.01845448422 0.01809807584 0.01897288851 0.01845592293 1.3658805837 0.0 0.0 0.0 0.0 0.0 0.0 0.0 0.0 0.0 0.0 0.0 0.0 0.0 0.0 0.0 0.0 0.0 0.0 0.0 0.0 0.0 0.0 0.0 0.0 0.0 0.0 0.0 0.0 0.0 0.0 0.0 0.0 0.0 0.0 0.0 0.0 0.0 0.0 0.0 0.0 0.0 0.0 0.0 0.0 0.0 0.0 0.0 0.0 0.0 0.0 0.0 0.0 0.0 0.0 0.0 0.0 0.0 0.0 0.0 0.0 0.0 0.0 0.0 0.0 0.0 0.0 0.0 0.0 0.0 0.0 0.0 0.0 0.0 0.0 0.0 0.0 0.0 0.0 0.0 0.0 0.0 0.0 0.0 0.0 0.0 0.0 0.0
0.0 0.0 0.0 0.0 0.0 0.0 0.0 0.0 0.0 0.0 0.0 0.0 0.0 0.0 0.0 0.0 0.0 0.0 0.0 0.0 0.0 0.936985028224 0.01515178175 0.01459082331 0.01488466236 0.01462934103 0.01386792499 0.01356555217 0.01405535937 0.01512652773 0.0142217493 0.01467293147 0.01410057326 0.01405162091 0.01410602217 0.01441562979 0.01448980526 0.01437763583 0.01517440747 0.01405232179 0.01399131726 0.01381006518 0.01397462239 0.01434287786 0.01528790233 0.01424369498 0.01355028049 0.01448217341 0.01386839572 0.01499288947 0.0143328883 0.01364349493 0.01400558914 0.01478406984 0.0 0.0 0.0 0.0 0.0 0.0 0.0 0.0 0.0 0.0 0.0 0.0 0.0 0.0 0.0 0.0 0.0 0.0 0.0 0.0 0.0 0.0 0.0 0.0 0.0 0.0 0.0 0.0 0.0 0.0 0.0 0.0 0.0 0.0 0.0 0.0 0.0 0.0 0.0 0.0 0.0 0.0 0.0 0.0 0.0 0.0 0.0 0.0 0.0 0.0 0.0 0.0 0.0 0.0
0.0 0.0 0.0 0.0 0.0 0.0 0.0 0.0 0.0 0.0 0.0 0.0 0.0 0.0 0.0 0.0 0.0 0.0 0.0 0.0 0.0 0.01515178175 0.98873055095 0.01539939599 0.01626274488 0.01563082878 0.01351953425 0.012681129 0.01383277441 0.01724804287 0.01410722225 0.01555559671 0.01393397847 0.0140851672 0.01440168108 0.01475750834 0.01495757249 0.01456178848 0.01745500573 0.0138803813 0.01344891921 0.01370956216 0.01389477655 0.01450433361 0.01786460875 0.01431145703 0.01302213649 0.01531347078 0.0135955542 0.01675999896 0.01479627643 0.01333300136 0.01394728921 0.01611986865 0.0 0.0 0.0 0.0 0.0 0.0 0.0 0.0 0.0 0.0 0.0 0.0 0.0 0.0 0.0 0.0 0.0 0.0 0.0 0.0 0.0 0.0 0.0 0.0 0.0 0.0 0.0 0.0 0.0 0.0 0.0 0.0 0.0 0.0 0.0 0.0 0.0 0.0 0.0 0.0 0.0 0.0 0.0 0.0 0.0 0.0 0.0 0.0 0.0 0.0 0.0 0.0 0.0 0.0
0.0 0.0 0.0 0.0 0.0 0.0 0.0 0.0 0.0 0.0 0.0 0.0 0.0 0.0 0.0 0.0 0.0 0.0 0.0 0.0 0.0 0.01459082331 0.01539939599 1.17471315195 0.01498521913 0.01473093033 0.01382520424 0.01338593819 0.01396240352 0.01534999354 0.01413600987 0.01472367048 0.01402649684 0.01407161748 0.01409662393 0.01439745491 0.01448227426 0.01433954489 0.01540723518 0.0140039305 0.01378604165 0.01387494123 0.01397614487 0.0143009189 0.0155615301 0.01413206996 0.0134904189 0.01459409988 0.01386722043 0.01518401829 0.01439657953 0.01365387977 0.01398215866 0.0149352468 0.0 0.0 0.0 0.0 0.0 0.0 0.0 0.0 0.0 0.0 0.0 0.0 0.0 0.0 0.0 0.0 0.0 0.0 0.0 0.0 0.0 0.0 0.0 0.0 0.0 0.0 0.0 0.0 0.0 0.0 0.0 0.0 0.0 0.0 0.0 0.0 0.0 0.0 0.0 0.0 0.0 0.0 0.0 0.0 0.0 0.0 0.0 0.0 0.0 0.0 0.0 0.0 0.0 0.0
0.0 0.0 0.0 0.0 0.0 0.0 0.0 0.0 0.0 0.0 0.0 0.0 0.0 0.0 0.0 0.0 0.0 0.0 0.0 0.0 0.0 0.01488466236 0.01626274488 0.01498521913 0.824938213081 0.01512017909 0.0137120111 0.01320173262 0.01398635109 0.01617687137 0.01419260417 0.01511899085 0.01403462948 0.01403678466 0.01420741791 0.01459932717 0.01473394657 0.01447622408 0.01631324461 0.01396910379 0.01380379983 0.01371358011 0.01391518653 0.01443421148 0.0165420241 0.01434108134 0.01330839507 0.01484211407 0.01370253521 0.01584323992 0.01452169777 0.01346878505 0.0139801478 0.01539710209 0.0 0.0 0.0 0.0 0.0 0.0 0.0 0.0 0.0 0.0 0.0 0.0 0.0 0.0 0.0 0.0 0.0 0.0 0.0 0.0 0.0 0.0 0.0 0.0 0.0 0.0 0.0 0.0 0.0 0.0 0.0 0.0 0.0 0.0 0.0 0.0 0.0 0.0 0.0 0.0 0.0 0.0 0.0 0.0 0.0 0.0 0.0 0.0 0.0 0.0 0.0 0.0 0.0 0.0
0.0 0.0 0.0 0.0 0.0 0.0 0.0 0.0 0.0 0.0 0.0 0.0 0.0 0.0 0.0 0.0 0.0 0.0 0.0 0.0 0.0 0.01462934103 0.01563082878 0.01473093033 0.01512017909 0.726295925218 0.01383276495 0.01332670402 0.01397317093 0.01557742074 0.01412513288 0.01482208602 0.01401851537 0.01407632106 0.01381896098 0.01443192029 0.01452974721 0.01432703424 0.01562166384 0.01395355066 0.01371045732 0.01387681473 0.01398215108 0.0142931004 0.01579496635 0.01412640738 0.01349251366 0.01474394168 0.01381428343 0.0153424457 0.01444749983 0.01364590307 0.01398064716 0.01508030354 0.0 0.0 0.0 0.0 0.0 0.0 0.0 0.0 0.0 0.0 0.0 0.0 0.0 0.0 0.0 0.0 0.0 0.0 0.0 0.0 0.0 0.0 0.0 0.0 0.0 0.0 0.0 0.0 0.0 0.0 0.0 0.0 0.0 0.0 0.0 0.0 0.0 0.0 0.0 0.0 0.0 0.0 0.0 0.0 0.0 0.0 0.0 0.0 0.0 0.0 0.0 0.0 0.0 0.0
0.0 0.0 0.0 0.0 0.0 0.0 0.0 0.0 0.0 0.0 0.0 0.0 0.0 0.0 0.0 0.0 0.0 0.0 0.0 0.0 0.0 0.01386792499 0.01351953425 0.01382520424 0.0137120111 0.01383276495 1.09117363262 0.01415599236 0.01406241397 0.01358153294 0.01403847744 0.01382070343 0.01403371349 0.01396069562 0.01359018108 0.01391655095 0.01388809496 0.01394285101 0.01355491395 0.0140044956 0.01404258178 0.01397658778 0.01397180186 0.01395311103 0.01345366964 0.01390522141 0.01397660881 0.01380402203 0.01403183105 0.0136351968 0.01386963375 0.01398009685 0.01396248281 0.01368455274 0.0 0.0 0.0 0.0 0.0 0.0 0.0 0.0 0.0 0.0 0.0 0.0 0.0 0.0 0.0 0.0 0.0 0.0 0.0 0.0 0.0 0.0 0.0 0.0 0.0 0.0 0.0 0.0 0.0 0.0 0.0 0.0 0.0 0.0 0.0 0.0 0.0 0.0 0.0 0.0 0.0 0.0 0.0 0.0 0.0 0.0 0.0 0.0 0.0 0.0 0.0 0.0 0.0 0.0
0.0 0.0 0.0 0.0 0.0 0.0 0.0 0.0 0.0 0.0 0.0 0.0 0.0 0.0 0.0 0.0 0.0 0.0 0.0 0.0 0.0 0.01356555217 0.012681129 0.01338593819 0.01320173262 0.01332670402 0.01415599236 1.48307859389 0.01423363511 0.01279489298 0.01403957187 0.01341965597 0.0140599355 0.01375833876 0.01332859489 0.01374695311 0.01367213648 0.0137917424 0.01273783853 0.01400859129 0.01463905991 0.01373734835 0.01385126138 0.01382873247 0.012529489 0.01413789118 0.01431504898 0.01324945366 0.01390422794 0.01291618355 0.01348596893 0.013996334 0.01396132185 0.01304800959 0.0 0.0 0.0 0.0 0.0 0.0 0.0 0.0 0.0 0.0 0.0 0.0 0.0 0.0 0.0 0.0 0.0 0.0 0.0 0.0 0.0 0.0 0.0 0.0 0.0 0.0 0.0 0.0 0.0 0.0 0.0 0.0 0.0 0.0 0.0 0.0 0.0 0.0 0.0 0.0 0.0 0.0 0.0 0.0 0.0 0.0 0.0 0.0 0.0 0.0 0.0 0.0 0.0 0.0
0.0 0.0 0.0 0.0 0.0 0.0 0.0 0.0 0.0 0.0 0.0 0.0 0.0 0.0 0.0 0.0 0.0 0.0 0.0 0.0 0.0 0.01405535937 0.01383277441 0.01396240352 0.01398635109 0.01397317093 0.01406241397 0.01423363511 0.777007125969 0.01388750253 0.01413708806 0.01401396509 0.01410177121 0.01392259974 0.01372585695 0.0140696465 0.01406235383 0.01406807899 0.01386491683 0.0140498197 0.01427650215 0.01382116378 0.01394100972 0.01407806601 0.01380368105 0.01416595211 0.01393180277 0.01386277718 0.01392636348 0.01387074467 0.01390652597 0.01386012058 0.01401318703 0.01384975873 0.0 0.0 0.0 0.0 0.0 0.0 0.0 0.0 0.0 0.0 0.0 0.0 0.0 0.0 0.0 0.0 0.0 0.0 0.0 0.0 0.0 0.0 0.0 0.0 0.0 0.0 0.0 0.0 0.0 0.0 0.0 0.0 0.0 0.0 0.0 0.0 0.0 0.0 0.0 0.0 0.0 0.0 0.0 0.0 0.0 0.0 0.0 0.0 0.0 0.0 0.0 0.0 0.0 0.0
0.0 0.0 0.0 0.0 0.0 0.0 0.0 0.0 0.0 0.0 0.0 0.0 0.0 0.0 0.0 0.0 0.0 0.0 0.0 0.0 0.0 0.01512652773 0.01724804287 0.01534999354 0.01617687137 0.01557742074 0.01358153294 0.01279489298 0.01388750253 1.5180410485 0.01415878861 0.01551620524 0.01396088316 0.01407068077 0.01423354927 0.0147611625 0.01494206829 0.01457101733 0.01729704619 0.01389201278 0.01356230443 0.01368899541 0.01389065188 0.01450831607 0.01774569669 0.01434630193 0.01310326673 0.01521773188 0.01359650217 0.01660170209 0.01473034828 0.01334105777 0.01394771246 0.0159883384 0.0 0.0 0.0 0.0 0.0 0.0 0.0 0.0 0.0 0.0 0.0 0.0 0.0 0.0 0.0 0.0 0.0 0.0 0.0 0.0 0.0 0.0 0.0 0.0 0.0 0.0 0.0 0.0 0.0 0.0 0.0 0.0 0.0 0.0 0.0 0.0 0.0 0.0 0.0 0.0 0.0 0.0 0.0 0.0 0.0 0.0 0.0 0.0 0.0 0.0 0.0 0.0 0.0 0.0
0.0 0.0 0.0 0.0 0.0 0.0 0.0 0.0 0.0 0.0 0.0 0.0 0.0 0.0 0.0 0.0 0.0 0.0 0.0 0.0 0.0 0.0142217493 0.01410722225 0.01413600987 0.01419260417 0.01412513288 0.01403847744 0.01403957187 0.01413708806 0.01415878861 0.986574312141 0.01418800048 0.01412577829 0.01398669612 0.01396693499 0.01418502963 0.01418801839 0.01420455872 0.01416490714 0.01407767042 0.01422133204 0.01385139775 0.01397641615 0.01418026274 0.01414245841 0.01414489593 0.01385654135 0.01402128652 0.01395645391 0.01416514672 0.01403894082 0.01380830018 0.01400556794 0.01409776543 0.0 0.0 0.0 0.0 0.0 0.0 0.0 0.0 0.0 0.0 0.0 0.0 0.0 0.0 0.0 0.0 0.0 0.0 0.0 0.0 0.0 0.0 0.0 0.0 0.0 0.0 0.0 0.0 0.0 0.0 0.0 0.0 0.0 0.0 0.0 0.0 0.0 0.0 0.0 0.0 0.0 0.0 0.0 0.0 0.0 0.0 0.0 0.0 0.0 0.0 0.0 0.0 0.0 0.0
0.0 0.0 0.0 0.0 0.0 0.0 0.0 0.0 0.0 0.0 0.0 0.0 0.0 0.0 0.0 0.0 0.0 0.0 0.0 0.0 0.0 0.01467293147 0.01555559671 0.01472367048 0.01511899085 0.01482208602 0.01382070343 0.01341965597 0.01401396509 0.01551620524 0.01418800048 0.695614183991 0.01405283395 0.01404095128 0.01410238654 0.01447320529 0.014559749 0.01439328571 0.01561211255 0.01399234375 0.01389568098 0.01379043636 0.01396104678 0.01434776092 0.01573999792 0.01424646342 0.01351910983 0.01463044493 0.01379573547 0.0152822162 0.014394176 0.01360507602 0.01397888074 0.01501036871 0.0 0.0 0.0 0.0 0.0 0.0 0.0 0.0 0.0 0.0 0.0 0.0 0.0 0.0 0.0 0.0 0.0 0.0 0.0 0.0 0.0 0.0 0.0 0.0 0.0 0.0 0.0 0.0 0.0 0.0 0.0 0.0 0.0 0.0 0.0 0.0 0.0 0.0 0.0 0.0 0.0 0.0 0.0 0.0 0.0 0.0 0.0 0.0 0.0 0.0 0.0 0.0 0.0 0.0
0.0 0.0 0.0 0.0 0.0 0.0 0.0 0.0 0.0 0.0 0.0 0.0 0.0 0.0 0.0 0.0 0.0 0.0 0.0 0.0 0.0 0.01410057326 0.01393397847 0.01402649684 0.01403462948 0.01401851537 0.01403371349 0.0140599355 0.01410177121 0.01396088316 0.01412577829 0.01405283395 1.37560082349 0.01397875611 0.0140156266 0.01406797785 0.0140788255 0.01409321437 0.01393914963 0.01405860114 0.01414910617 0.01389483037 0.01397640581 0.01409525613 0.01395804176 0.01408106109 0.01387864202 0.01395576489 0.01398036406 0.01397414948 0.01398954655 0.01387146576 0.01400591133 0.01396594019 0.0 0.0 0.0 0.0 0.0 0.0 0.0 0.0 0.0 0.0 0.0 0.0 0.0 0.0 0.0 0.0 0.0 0.0 0.0 0.0 0.0 0.0 0.0 0.0 0.0 0.0 0.0 0.0 0.0 0.0 0.0 0.0 0.0 0.0 0.0 0.0 0.0 0.0 0.0 0.0 0.0 0.0 0.0 0.0 0.0 0.0 0.0 0.0 0.0 0.0 0.0 0.0 0.0 0.0
0.0 0.0 0.0 0.0 0.0 0.0 0.0 0.0 0.0 0.0 0.0 0.0 0.0 0.0 0.0 0.0 0.0 0.0 0.0 0.0 0.0 0.01405162091 0.0140851672 0.01407161748 0.01403678466 0.01407632106 0.01396069562 0.01375833876 0.01392259974 0.01407068077 0.01398669612 0.01404095128 0.01397875611 0.640584452066 0.01401858853 0.01400687244 0.01402039951 0.01401668052 0.01404436141 0.01398924665 0.01380337172 0.01404440258 0.0140107776 0.01401010848 0.01403431152 0.01385997404 0.01382634272 0.01412294655 0.01403049478 0.0140972614 0.01408622063 0.01394059847 0.01396597326 0.01410548509 0.0 0.0 0.0 0.0 0.0 0.0 0.0 0.0 0.0 0.0 0.0 0.0 0.0 0.0 0.0 0.0 0.0 0.0 0.0 0.0 0.0 0.0 0.0 0.0 0.0 0.0 0.0 0.0 0.0 0.0 0.0 0.0 0.0 0.0 0.0 0.0 0.0 0.0 0.0 0.0 0.0 0.0 0.0 0.0 0.0 0.0 0.0 0.0 0.0 0.0 0.0 0.0 0.0 0.0
0.0 0.0 0.0 0.0 0.0 0.0 0.0 0.0 0.0 0.0 0.0 0.0 0.0 0.0 0.0 0.0 0.0 0.0 0.0 0.0 0.0 0.01410602217 0.01440168108 0.01409662393 0.01420741791 0.01381896098 0.01359018108 0.01332859489 0.01372585695 0.01423354927 0.01396693499 0.01410238654 0.0140156266 0.01401858853 33.2100487462 0.01414819799 0.01396027744 0.01395477383 0.01430631255 0.01392425612 0.01387301127 0.01395711916 0.01404163251 0.01398796063 0.0146439399 0.01400448217 0.01384012841 0.01419536901 0.01392124298 0.01418731144 0.01399729776 0.01393713186 0.0139399415 0.0144229494 0.0 0.0 0.0 0.0 0.0 0.0 0.0 0.0 0.0 0.0 0.0 0.0 0.0 0.0 0.0 0.0 0.0 0.0 0.0 0.0 0.0 0.0 0.0 0.0 0.0 0.0 0.0 0.0 0.0 0.0 0.0 0.0 0.0 0.0 0.0 0.0 0.0 0.0 0.0 0.0 0.0 0.0 0.0 0.0 0.0 0.0 0.0 0.0 0.0 0.0 0.0 0.0 0.0 0.0
0.0 0.0 0.0 0.0 0.0 0.0 0.0 0.0 0.0 0.0 0.0 0.0 0.0 0.0 0.0 0.0 0.0 0.0 0.0 0.0 0.0 0.01441562979 0.01475750834 0.01439745491 0.01459932717 0.01443192029 0.01391655095 0.01374695311 0.0140696465 0.0147611625 0.01418502963 0.01447320529 0.01406797785 0.01400687244 0.01414819799 1.67670114472 0.01435809641 0.01429531564 0.01482634849 0.01402263642 0.01411258463 0.01382105236 0.01397751392 0.01424382397 0.0148890651 0.01418577583 0.01378539882 0.0143180474 0.01385977828 0.01464965344 0.01419628192 0.01373397351 0.01397818094 0.01453507736 0.0 0.0 0.0 0.0 0.0 0.0 0.0 0.0 0.0 0.0 0.0 0.0 0.0 0.0 0.0 0.0 0.0 0.0 0.0 0.0 0.0 0.0 0.0 0.0 0.0 0.0 0.0 0.0 0.0 0.0 0.0 0.0 0.0 0.0 0.0 0.0 0.0 0.0 0.0 0.0 0.0 0.0 0.0 0.0 0.0 0.0 0.0 0.0 0.0 0.0 0.0 0.0 0.0 0.0
0.0 0.0 0.0 0.0 0.0 0.0 0.0 0.0 0.0 0.0 0.0 0.0 0.0 0.0 0.0 0.0 0.0 0.0 0.0 0.0 0.0 0.01448980526 0.01495757249 0.01448227426 0.01473394657 0.01452974721 0.01388809496 0.01367213648 0.01406235383 0.01494206829 0.01418801839 0.014559749 0.0140788255 0.01402039951 0.01396027744 0.01435809641 0.632808994307 0.0143178415 0.01499470905 0.01403399167 0.01404951089 0.01381298055 0.01397338358 0.01427892076 0.01508566008 0.01422276968 0.01366845856 0.01439377609 0.01385779923 0.01481110204 0.0142555946 0.01369570222 0.01399966124 0.01463168462 0.0 0.0 0.0 0.0 0.0 0.0 0.0 0.0 0.0 0.0 0.0 0.0 0.0 0.0 0.0 0.0 0.0 0.0 0.0 0.0 0.0 0.0 0.0 0.0 0.0 0.0 0.0 0.0 0.0 0.0 0.0 0.0 0.0 0.0 0.0 0.0 0.0 0.0 0.0 0.0 0.0 0.0 0.0 0.0 0.0 0.0 0.0 0.0 0.0 0.0 0.0 0.0 0.0 0.0
0.0 0.0 0.0 0.0 0.0 0.0 0.0 0.0 0.0 0.0 0.0 0.0 0.0 0.0 0.0 0.0 0.0 0.0 0.0 0.0 0.0 0.01437763583 0.01456178848 0.01433954489 0.01447622408 0.01432703424 0.01394285101 0.0137917424 0.01406807899 0.01457101733 0.01420455872 0.01439328571 0.01409321437 0.01401668052 0.01395477383 0.01429531564 0.0143178415 1.20501020636 0.01462182124 0.0140532744 0.01412951032 0.01384756329 0.01399245209 0.01424361874 0.0146266202 0.01415723147 0.01378333947 0.0142386989 0.01391701331 0.01452765043 0.01416670142 0.01375664421 0.01398282174 0.01439589498 0.0 0.0 0.0 0.0 0.0 0.0 0.0 0.0 0.0 0.0 0.0 0.0 0.0 0.0 0.0 0.0 0.0 0.0 0.0 0.0 0.0 0.0 0.0 0.0 0.0 0.0 0.0 0.0 0.0 0.0 0.0 0.0 0.0 0.0 0.0 0.0 0.0 0.0 0.0 0.0 0.0 0.0 0.0 0.0 0.0 0.0 0.0 0.0 0.0 0.0 0.0 0.0 0.0 0.0
0.0 0.0 0.0 0.0 0.0 0.0 0.0 0.0 0.0 0.0 0.0 0.0 0.0 0.0 0.0 0.0 0.0 0.0 0.0 0.0 0.0 0.01517440747 0.01745500573 0.01540723518 0.01631324461 0.01562166384 0.01355491395 0.01273783853 0.01386491683 0.01729704619 0.01416490714 0.01561211255 0.01393914963 0.01404436141 0.01430631255 0.01482634849 0.01499470905 0.01462182124 2.28340248941 0.01386284637 0.01360138032 0.01362584293 0.01387819569 0.01453742134 0.01821510304 0.01435467785 0.01311514641 0.01525462345 0.01354578021 0.01676933351 0.01474168901 0.01329023426 0.01389995891 0.01612089151 0.0 0.0 0.0 0.0 0.0 0.0 0.0 0.0 0.0 0.0 0.0 0.0 0.0 0.0 0.0 0.0 0.0 0.0 0.0 0.0 0.0 0.0 0.0 0.0 0.0 0.0 0.0 0.0 0.0 0.0 0.0 0.0 0.0 0.0 0.0 0.0 0.0 0.0 0.0 0.0 0.0 0.0 0.0 0.0 0.0 0.0 0.0 0.0 0.0 0.0 0.0 0.0 0.0 0.0
0.0 0.0 0.0 0.0 0.0 0.0 0.0 0.0 0.0 0.0 0.0 0.0 0.0 0.0 0.0 0.0 0.0 0.0 0.0 0.0 0.0 0.01405232179 0.0138803813 0.0140039305 0.01396910379 0.01395355066 0.0140044956 0.01400859129 0.0140498197 0.01389201278 0.01407767042 0.01399234375 0.01405860114 0.01398924665 0.01392425612 0.01402263642 0.01403399167 0.0140532744 0.01386284637 0.599336070465 0.01406376025 0.01394513316 0.01397992073 0.01406236441 0.01382764805 0.01401610491 0.01385350383 0.01394375689 0.01401220162 0.01394749245 0.01398881387 0.01390011422 0.01400554826 0.01393705846 0.0 0.0 0.0 0.0 0.0 0.0 0.0 0.0 0.0 0.0 0.0 0.0 0.0 0.0 0.0 0.0 0.0 0.0 0.0 0.0 0.0 0.0 0.0 0.0 0.0 0.0 0.0 0.0 0.0 0.0 0.0 0.0 0.0 0.0 0.0 0.0 0.0 0.0 0.0 0.0 0.0 0.0 0.0 0.0 0.0 0.0 0.0 0.0 0.0 0.0 0.0 0.0 0.0 0.0
0.0 0.0 0.0 0.0 0.0 0.0 0.0 0.0 0.0 0.0 0.0 0.0 0.0 0.0 0.0 0.0 0.0 0.0 0.0 0.0 0.0 0.01399131726 0.01344891921 0.01378604165 0.01380379983 0.01371045732 0.01404258178 0.01463905991 0.01427650215 0.01356230443 0.01422133204 0.01389568098 0.01414910617 0.01380337172 0.01387301127 0.01411258463 0.01404951089 0.01412951032 0.01360138032 0.01406376025 1.41904256058 0.01361731954 0.01389400448 0.01409542209 0.01353017609 0.01438938856 0.01428316192 0.01356597325 0.01380552039 0.01355516044 0.01370376823 0.01383392334 0.01397654164 0.01356366146 0.0 0.0 0.0 0.0 0.0 0.0 0.0 0.0 0.0 0.0 0.0 0.0 0.0 0.0 0.0 0.0 0.0 0.0 0.0 0.0 0.0 0.0 0.0 0.0 0.0 0.0 0.0 0.0 0.0 0.0 0.0 0.0 0.0 0.0 0.0 0.0 0.0 0.0 0.0 0.0 0.0 0.0 0.0 0.0 0.0 0.0 0.0 0.0 0.0 0.0 0.0 0.0 0.0 0.0
0.0 0.0 0.0 0.0 0.0 0.0 0.0 0.0 0.0 0.0 0.0 0.0 0.0 0.0 0.0 0.0 0.0 0.0 0.0 0.0 0.0 0.01381006518 0.01370956216 0.01387494123 0.01371358011 0.01387681473 0.01397658778 0.01373734835 0.01382116378 0.01368899541 0.01385139775 0.01379043636 0.01389483037 0.01404440258 0.01395711916 0.01382105236 0.01381298055 0.01384756329 0.01362584293 0.01394513316 0.01361731954 0.708168282208 0.01403592091 0.01385186539 0.01361915093 0.0136452912 0.01390081719 0.01401111383 0.01411031799 0.01377682591 0.01400877012 0.01407657629 0.01393678279 0.01387811645 0.0 0.0 0.0 0.0 0.0 0.0 0.0 0.0 0.0 0.0 0.0 0.0 0.0 0.0 0.0 0.0 0.0 0.0 0.0 0.0 0.0 0.0 0.0 0.0 0.0 0.0 0.0 0.0 0.0 0.0 0.0 0.0 0.0 0.0 0.0 0.0 0.0 0.0 0.0 0.0 0.0 0.0 0.0 0.0 0.0 0.0 0.0 0.0 0.0 0.0 0.0 0.0 0.0 0.0
0.0 0.0 0.0 0.0 0.0 0.0 0.0 0.0 0.0 0.0 0.0 0.0 0.0 0.0 0.0 0.0 0.0 0.0 0.0 0.0 0.0 0.01397462239 0.01389477655 0.01397614487 0.01391518653 0.01398215108 0.01397180186 0.01385126138 0.01394100972 0.01389065188 0.01397641615 0.01396104678 0.01397640581 0.0140107776 0.01404163251 0.01397751392 0.01397338358 0.01399245209 0.01387819569 0.01397992073 0.01389400448 0.01403592091 1.02808165612 0.01397537437 0.0138168458 0.01386448082 0.01396202648 0.01403529548 0.01401886166 0.01391672275 0.01402391413 0.01398585647 0.01396334186 0.01398943656 0.0 0.0 0.0 0.0 0.0 0.0 0.0 0.0 0.0 0.0 0.0 0.0 0.0 0.0 0.0 0.0 0.0 0.0 0.0 0.0 0.0 0.0 0.0 0.0 0.0 0.0 0.0 0.0 0.0 0.0 0.0 0.0 0.0 0.0 0.0 0.0 0.0 0.0 0.0 0.0 0.0 0.0 0.0 0.0 0.0 0.0 0.0 0.0 0.0 0.0 0.0 0.0 0.0 0.0
0.0 0.0 0.0 0.0 0.0 0.0 0.0 0.0 0.0 0.0 0.0 0.0 0.0 0.0 0.0 0.0 0.0 0.0 0.0 0.0 0.0 0.01434287786 0.01450433361 0.0143009189 0.01443421148 0.0142931004 0.01395311103 0.01382873247 0.01407806601 0.01450831607 0.01418026274 0.01434776092 0.01409525613 0.01401010848 0.01398796063 0.01424382397 0.01427892076 0.01424361874 0.01453742134 0.01406236441 0.01409542209 0.01385186539 0.01397537437 0.623854170768 0.01455262048 0.01416605534 0.01373535576 0.01419812695 0.01392665861 0.01445492949 0.0141495786 0.01376199759 0.01400350245 0.01435268451 0.0 0.0 0.0 0.0 0.0 0.0 0.0 0.0 0.0 0.0 0.0 0.0 0.0 0.0 0.0 0.0 0.0 0.0 0.0 0.0 0.0 0.0 0.0 0.0 0.0 0.0 0.0 0.0 0.0 0.0 0.0 0.0 0.0 0.0 0.0 0.0 0.0 0.0 0.0 0.0 0.0 0.0 0.0 0.0 0.0 0.0 0.0 0.0 0.0 0.0 0.0 0.0 0.0 0.0
0.0 0.0 0.0 0.0 0.0 0.0 0.0 0.0 0.0 0.0 0.0 0.0 0.0 0.0 0.0 0.0 0.0 0.0 0.0 0.0 0.0 0.01528790233 0.01786460875 0.0155615301 0.0165420241 0.01579496635 0.01345366964 0.012529489 0.01380368105 0.01774569669 0.01414245841 0.01573999792 0.01395804176 0.01403431152 0.0146439399 0.0148890651 0.01508566008 0.0146266202 0.01821510304 0.01382764805 0.01353017609 0.01361915093 0.0138168458 0.01455262048 10.9542707727 0.01440136226 0.01302420941 0.01537913601 0.01347375059 0.01710941279 0.01479121718 0.01320825315 0.01386708018 0.01634111616 0.0 0.0 0.0 0.0 0.0 0.0 0.0 0.0 0.0 0.0 0.0 0.0 0.0 0.0 0.0 0.0 0.0 0.0 0.0 0.0 0.0 0.0 0.0 0.0 0.0 0.0 0.0 0.0 0.0 0.0 0.0 0.0 0.0 0.0 0.0 0.0 0.0 0.0 0.0 0.0 0.0 0.0 0.0 0.0 0.0 0.0 0.0 0.0 0.0 0.0 0.0 0.0 0.0 0.0
0.0 0.0 0.0 0.0 0.0 0.0 0.0 0.0 0.0 0.0 0.0 0.0 0.0 0.0 0.0 0.0 0.0 0.0 0.0 0.0 0.0 0.01424369498 0.01431145703 0.01413206996 0.01434108134 0.01412640738 0.01390522141 0.01413789118 0.01416595211 0.01434630193 0.01414489593 0.01424646342 0.01408106109 0.01385997404 0.01400448217 0.01418577583 0.01422276968 0.01415723147 0.01435467785 0.01401610491 0.01438938856 0.0136452912 0.01386448082 0.01416605534 0.01440136226 0.815064691747 0.01380630491 0.01396430815 0.01377184959 0.014229165 0.01395913633 0.01371538937 0.01402248793 0.01410609754 0.0 0.0 0.0 0.0 0.0 0.0 0.0 0.0 0.0 0.0 0.0 0.0 0.0 0.0 0.0 0.0 0.0 0.0 0.0 0.0 0.0 0.0 0.0 0.0 0.0 0.0 0.0 0.0 0.0 0.0 0.0 0.0 0.0 0.0 0.0 0.0 0.0 0.0 0.0 0.0 0.0 0.0 0.0 0.0 0.0 0.0 0.0 0.0 0.0 0.0 0.0 0.0 0.0 0.0
0.0 0.0 0.0 0.0 0.0 0.0 0.0 0.0 0.0 0.0 0.0 0.0 0.0 0.0 0.0 0.0 0.0 0.0 0.0 0.0 0.0 0.01355028049 0.01302213649 0.0134904189 0.01330839507 0.01349251366 0.01397660881 0.01431504898 0.01393180277 0.01310326673 0.01385654135 0.01351910983 0.01387864202 0.01382634272 0.01384012841 0.01378539882 0.01366845856 0.01378333947 0.01311514641 0.01385350383 0.01428316192 0.01390081719 0.01396202648 0.01373535576 0.01302420941 0.01380630491 0.610302308416 0.01354873355 0.01388303964 0.01315766381 0.01363854425 0.01415116184 0.01383401245 0.01336663507 0.0 0.0 0.0 0.0 0.0 0.0 0.0 0.0 0.0 0.0 0.0 0.0 0.0 0.0 0.0 0.0 0.0 0.0 0.0 0.0 0.0 0.0 0.0 0.0 0.0 0.0 0.0 0.0 0.0 0.0 0.0 0.0 0.0 0.0 0.0 0.0 0.0 0.0 0.0 0.0 0.0 0.0 0.0 0.0 0.0 0.0 0.0 0.0 0.0 0.0 0.0 0.0 0.0 0.0
0.0 0.0 0.0 0.0 0.0 0.0 0.0 0.0 0.0 0.0 0.0 0.0 0.0 0.0 0.0 0.0 0.0 0.0 0.0 0.0 0.0 0.01448217341 0.01531347078 0.01459409988 0.01484211407 0.01474394168 0.01380402203 0.01324945366 0.01386277718 0.01521773188 0.01402128652 0.01463044493 0.01395576489 0.01412294655 0.01419536901 0.0143180474 0.01439377609 0.0142386989 0.01525462345 0.01394375689 0.01356597325 0.01401111383 0.01403529548 0.01419812695 0.01537913601 0.01396430815 0.01354873355 1.59915495904 0.01391560976 0.015066511 0.0144361961 0.01376811001 0.0139698151 0.01492217785 0.0 0.0 0.0 0.0 0.0 0.0 0.0 0.0 0.0 0.0 0.0 0.0 0.0 0.0 0.0 0.0 0.0 0.0 0.0 0.0 0.0 0.0 0.0 0.0 0.0 0.0 0.0 0.0 0.0 0.0 0.0 0.0 0.0 0.0 0.0 0.0 0.0 0.0 0.0 0.0 0.0 0.0 0.0 0.0 0.0 0.0 0.0 0.0 0.0 0.0 0.0 0.0 0.0 0.0
0.0 0.0 0.0 0.0 0.0 0.0 0.0 0.0 0.0 0.0 0.0 0.0 0.0 0.0 0.0 0.0 0.0 0.0 0.0 0.0 0.0 0.01386839572 0.0135955542 0.01386722043 0.01370253521 0.01381428343 0.01403183105 0.01390422794 0.01392636348 0.01359650217 0.01395645391 0.01379573547 0.01398036406 0.01403049478 0.01392124298 0.01385977828 0.01385779923 0.01391701331 0.01354578021 0.01401220162 0.01380552039 0.01411031799 0.01401886166 0.01392665861 0.01347375059 0.01377184959 0.01388303964 0.01391560976 0.291729340544 0.01371403474 0.01396794265 0.01402661407 0.01397277231 0.01379105963 0.0 0.0 0.0 0.0 0.0 0.0 0.0 0.0 0.0 0.0 0.0 0.0 0.0 0.0 0.0 0.0 0.0 0.0 0.0 0.0 0.0 0.0 0.0 0.0 0.0 0.0 0.0 0.0 0.0 0.0 0.0 0.0 0.0 0.0 0.0 0.0 0.0 0.0 0.0 0.0 0.0 0.0 0.0 0.0 0.0 0.0 0.0 0.0 0.0 0.0 0.0 0.0 0.0 0.0
0.0 0.0 0.0 0.0 0.0 0.0 0.0 0.0 0.0 0.0 0.0 0.0 0.0 0.0 0.0 0.0 0.0 0.0 0.0 0.0 0.0 0.01499288947 0.01675999896 0.01518401829 0.01584323992 0.0153424457 0.0136351968 0.01291618355 0.01387074467 0.01660170209 0.01416514672 0.0152822162 0.01397414948 0.0140972614 0.01418731144 0.01464965344 0.01481110204 0.01452765043 0.01676933351 0.01394749245 0.01355516044 0.01377682591 0.01391672275 0.01445492949 0.01710941279 0.014229165 0.01315766381 0.015066511 0.01371403474 2.87265421973 0.01466588106 0.01342216227 0.01395661812 0.01573121202 0.0 0.0 0.0 0.0 0.0 0.0 0.0 0.0 0.0 0.0 0.0 0.0 0.0 0.0 0.0 0.0 0.0 0.0 0.0 0.0 0.0 0.0 0.0 0.0 0.0 0.0 0.0 0.0 0.0 0.0 0.0 0.0 0.0 0.0 0.0 0.0 0.0 0.0 0.0 0.0 0.0 0.0 0.0 0.0 0.0 0.0 0.0 0.0 0.0 0.0 0.0 0.0 0.0 0.0
0.0 0.0 0.0 0.0 0.0 0.0 0.0 0.0 0.0 0.0 0.0 0.0 0.0 0.0 0.0 0.0 0.0 0.0 0.0 0.0 0.0 0.0143328883 0.01479627643 0.01439657953 0.01452169777 0.01444749983 0.01386963375 0.01348596893 0.01390652597 0.01473034828 0.01403894082 0.014394176 0.01398954655 0.01408622063 0.01399729776 0.01419628192 0.0142555946 0.01416670142 0.01474168901 0.01398881387 0.01370376823 0.01400877012 0.01402391413 0.0141495786 0.01479121718 0.01395913633 0.01363854425 0.0144361961 0.01396794265 0.01466588106 1.21094779525 0.01382095278 0.01398428025 0.01456520625 0.0 0.0 0.0 0.0 0.0 0.0 0.0 0.0 0.0 0.0 0.0 0.0 0.0 0.0 0.0 0.0 0.0 0.0 0.0 0.0 0.0 0.0 0.0 0.0 0.0 0.0 0.0 0.0 0.0 0.0 0.0 0.0 0.0 0.0 0.0 0.0 0.0 0.0 0.0 0.0 0.0 0.0 0.0 0.0 0.0 0.0 0.0 0.0 0.0 0.0 0.0 0.0 0.0 0.0
0.0 0.0 0.0 0.0 0.0 0.0 0.0 0.0 0.0 0.0 0.0 0.0 0.0 0.0 0.0 0.0 0.0 0.0 0.0 0.0 0.0 0.01364349493 0.01333300136 0.01365387977 0.01346878505 0.01364590307 0.01398009685 0.013996334 0.01386012058 0.01334105777 0.01380830018 0.01360507602 0.01387146576 0.01394059847 0.01393713186 0.01373397351 0.01369570222 0.01375664421 0.01329023426 0.01390011422 0.01383392334 0.01407657629 0.01398585647 0.01376199759 0.01320825315 0.01371538937 0.01415116184 0.01376811001 0.01402661407 0.01342216227 0.01382095278 0.553049636013 0.01391026582 0.01357381331 0.0 0.0 0.0 0.0 0.0 0.0 0.0 0.0 0.0 0.0 0.0 0.0 0.0 0.0 0.0 0.0 0.0 0.0 0.0 0.0 0.0 0.0 0.0 0.0 0.0 0.0 0.0 0.0 0.0 0.0 0.0 0.0 0.0 0.0 0.0 0.0 0.0 0.0 0.0 0.0 0.0 0.0 0.0 0.0 0.0 0.0 0.0 0.0 0.0 0.0 0.0 0.0 0.0 0.0
0.0 0.0 0.0 0.0 0.0 0.0 0.0 0.0 0.0 0.0 0.0 0.0 0.0 0.0 0.0 0.0 0.0 0.0 0.0 0.0 0.0 0.01400558914 0.01394728921 0.01398215866 0.0139801478 0.01398064716 0.01396248281 0.01396132185 0.01401318703 0.01394771246 0.01400556794 0.01397888074 0.01400591133 0.01396597326 0.0139399415 0.01397818094 0.01399966124 0.01398282174 0.01389995891 0.01400554826 0.01397654164 0.01393678279 0.01396334186 0.01400350245 0.01386708018 0.01402248793 0.01383401245 0.0139698151 0.01397277231 0.01395661812 0.01398428025 0.01391026582 0.772384607968 0.01394829877 0.0 0.0 0.0 0.0 0.0 0.0 0.0 0.0 0.0 0.0 0.0 0.0 0.0 0.0 0.0 0.0 0.0 0.0 0.0 0.0 0.0 0.0 0.0 0.0 0.0 0.0 0.0 0.0 0.0 0.0 0.0 0.0 0.0 0.0 0.0 0.0 0.0 0.0 0.0 0.0 0.0 0.0 0.0 0.0 0.0 0.0 0.0 0.0 0.0 0.0 0.0 0.0 0.0 0.0
0.0 0.0 0.0 0.0 0.0 0.0 0.0 0.0 0.0 0.0 0.0 0.0 0.0 0.0 0.0 0.0 0.0 0.0 0.0 0.0 0.0 0.01478406984 0.01611986865 0.0149352468 0.01539710209 0.01508030354 0.01368455274 0.01304800959 0.01384975873 0.0159883384 0.01409776543 0.01501036871 0.01396594019 0.01410548509 0.0144229494 0.01453507736 0.01463168462 0.01439589498 0.01612089151 0.01393705846 0.01356366146 0.01387811645 0.01398943656 0.01435268451 0.01634111616 0.01410609754 0.01336663507 0.01492217785 0.01379105963 0.01573121202 0.01456520625 0.01357381331 0.01394829877 2.32378249663 0.0 0.0 0.0 0.0 0.0 0.0 0.0 0.0 0.0 0.0 0.0 0.0 0.0 0.0 0.0 0.0 0.0 0.0 0.0 0.0 0.0 0.0 0.0 0.0 0.0 0.0 0.0 0.0 0.0 0.0 0.0 0.0 0.0 0.0 0.0 0.0 0.0 0.0 0.0 0.0 0.0 0.0 0.0 0.0 0.0 0.0 0.0 0.0 0.0 0.0 0.0 0.0 0.0 0.0
0.0 0.0 0.0 0.0 0.0 0.0 0.0 0.0 0.0 0.0 0.0 0.0 0.0 0.0 0.0 0.0 0.0 0.0 0.0 0.0 0.0 0.0 0.0 0.0 0.0 0.0 0.0 0.0 0.0 0.0 0.0 0.0 0.0 0.0 0.0 0.0 0.0 0.0 0.0 0.0 0.0 0.0 0.0 0.0 0.0 0.0 0.0 0.0 0.0 0.0 0.0 0.0 0.0 0.0 1.62900691184 0.01377614831 0.01280299057 0.01170845633 0.01344056821 0.0115384386 0.01184895898 0.01257043941 0.01321254537 0.01203310224 0.01436944183 0.01290038363 0.0121981422 0.01377913165 0.01280863014 0.01285248612 0.012089701 0.01298426398 0.01335637401 0.01367189017 0.01223594206 0.01326297632 0.01376019527 0.01398631827 0.01288220924 0.01440054397 0.01445887998 0.01391781523 0.01401936918 0.01240675746 0.01409759059 0.01226251226 0.01302724537 0.0125912689 0.01288507688 0.0 0.0 0.0 0.0 0.0 0.0 0.0 0.0 0.0 0.0 0.0 0.0 0.0 0.0 0.0 0.0 0.0 0.0 0.0
