70 70
0.274196085062 0.01474914195 0.01447594423 0.01482782124 0.01367149713 0.01387066574 0.01429457026 0.01474313009 0.01433557182 0.01394155792 0.01479277327 0.01478525405 0.01419550561 0.0 0.0 0.0 0.0 0.0 0.0 0.0 0.0 0.0 0.0 0.0 0.0 0.0 0.0 0.0 0.0 0.0 0.0 0.0 0.0 0.0 0.0 0.0 0.0 0.0 0.0 0.0 0.0 0.0 0.0 0.0 0.0 0.0 0.0 0.0 0.0 0.0 0.0 0.0 0.0 0.0 0.0 0.0 0.0 0.0 0.0 0.0 0.0 0.0 0.0 0.0 0.0 0.0 0.0 0.0 0.0 0.0
0.01474914195 0.543934843114 0.01447648397 0.01526974798 0.01307385462 0.01340049062 0.01409210665 0.01508745536 0.01420437534 0.01354734565 0.01515849208 0.01519535441 0.01394181815 0.0 0.0 0.0 0.0 0.0 0.0 0.0 0.0 0.0 0.0 0.0 0.0 0.0 0.0 0.0 0.0 0.0 0.0 0.0 0.0 0.0 0.0 0.0 0.0 0.0 0.0 0.0 0.0 0.0 0.0 0.0 0.0 0.0 0.0 0.0 0.0 0.0 0.0 0.0 0.0 0.0 0.0 0.0 0.0 0.0 0.0 0.0 0.0 0.0 0.0 0.0 0.0 0.0 0.0 0.0 0.0 0.0
0.01447594423 0.01447648397 0.47465570351 0.01453499513 0.01427737273 0.01418083601 0.01465319142 0.01444233004 0.01446403394 0.01418050993 0.01443317131 0.01454324519 0.014379533 0.0 0.0 0.0 0.0 0.0 0.0 0.0 0.0 0.0 0.0 0.0 0.0 0.0 0.0 0.0 0.0 0.0 0.0 0.0 0.0 0.0 0.0 0.0 0.0 0.0 0.0 0.0 0.0 0.0 0.0 0.0 0.0 0.0 0.0 0.0 0.0 0.0 0.0 0.0 0.0 0.0 0.0 0.0 0.0 0.0 0.0 0.0 0.0 0.0 0.0 0.0 0.0 0.0 0.0 0.0 0.0 0.0
0.01482782124 0.01526974798 0.01453499513 0.269462539573 0.01267342596 0.01305595368 0.01404514854 0.01528043972 0.01412966444 0.01327189219 0.01536794094 0.01551014656 0.01378632323 0.0 0.0 0.0 0.0 0.0 0.0 0.0 0.0 0.0 0.0 0.0 0.0 0.0 0.0 0.0 0.0 0.0 0.0 0.0 0.0 0.0 0.0 0.0 0.0 0.0 0.0 0.0 0.0 0.0 0.0 0.0 0.0 0.0 0.0 0.0 0.0 0.0 0.0 0.0 0.0 0.0 0.0 0.0 0.0 0.0 0.0 0.0 0.0 0.0 0.0 0.0 0.0 0.0 0.0 0.0 0.0 0.0
0.01367149713 0.01307385462 0.01427737273 0.01267342596 0.200801632816 0.01673311752 0.01506678074 0.01296385666 0.01478834782 0.01622309999 0.01290127608 0.01278664195 0.01542273132 0.0 0.0 0.0 0.0 0.0 0.0 0.0 0.0 0.0 0.0 0.0 0.0 0.0 0.0 0.0 0.0 0.0 0.0 0.0 0.0 0.0 0.0 0.0 0.0 0.0 0.0 0.0 0.0 0.0 0.0 0.0 0.0 0.0 0.0 0.0 0.0 0.0 0.0 0.0 0.0 0.0 0.0 0.0 0.0 0.0 0.0 0.0 0.0 0.0 0.0 0.0 0.0 0.0 0.0 0.0 0.0 0.0
0.01387066574 0.01340049062 0.01418083601 0.01305595368 0.01673311752 0.467105457573 0.01470603188 0.01336332239 0.01467894167 0.01584728735 0.01320890873 0.01314464067 0.0150830332 0.0 0.0 0.0 0.0 0.0 0.0 0.0 0.0 0.0 0.0 0.0 0.0 0.0 0.0 0.0 0.0 0.0 0.0 0.0 0.0 0.0 0.0 0.0 0.0 0.0 0.0 0.0 0.0 0.0 0.0 0.0 0.0 0.0 0.0 0.0 0.0 0.0 0.0 0.0 0.0 0.0 0.0 0.0 0.0 0.0 0.0 0.0 0.0 0.0 0.0 0.0 0.0 0.0 0.0 0.0 0.0 0.0
0.01429457026 0.01409210665 0.01465319142 0.01404514854 0.01506678074 0.01470603188 0.331970868056 0.01404014136 0.01459383978 0.01467756628 0.01404072059 0.01409033516 0.01470303358 0.0 0.0 0.0 0.0 0.0 0.0 0.0 0.0 0.0 0.0 0.0 0.0 0.0 0.0 0.0 0.0 0.0 0.0 0.0 0.0 0.0 0.0 0.0 0.0 0.0 0.0 0.0 0.0 0.0 0.0 0.0 0.0 0.0 0.0 0.0 0.0 0.0 0.0 0.0 0.0 0.0 0.0 0.0 0.0 0.0 0.0 0.0 0.0 0.0 0.0 0.0 0.0 0.0 0.0 0.0 0.0 0.0
0.01474313009 0.01508745536 0.01444233004 0.01528043972 0.01296385666 0.01336332239 0.01404014136 0.360260798338 0.01420407911 0.01355674018 0.01516870275 0.01521365708 0.01389398182 0.0 0.0 0.0 0.0 0.0 0.0 0.0 0.0 0.0 0.0 0.0 0.0 0.0 0.0 0.0 0.0 0.0 0.0 0.0 0.0 0.0 0.0 0.0 0.0 0.0 0.0 0.0 0.0 0.0 0.0 0.0 0.0 0.0 0.0 0.0 0.0 0.0 0.0 0.0 0.0 0.0 0.0 0.0 0.0 0.0 0.0 0.0 0.0 0.0 0.0 0.0 0.0 0.0 0.0 0.0 0.0 0.0
0.01433557182 0.01420437534 0.01446403394 0.01412966444 0.01478834782 0.01467894167 0.01459383978 0.01420407911 0.241424243323 0.014630432 0.01415946947 0.01416014927 0.01457720916 0.0 0.0 0.0 0.0 0.0 0.0 0.0 0.0 0.0 0.0 0.0 0.0 0.0 0.0 0.0 0.0 0.0 0.0 0.0 0.0 0.0 0.0 0.0 0.0 0.0 0.0 0.0 0.0 0.0 0.0 0.0 0.0 0.0 0.0 0.0 0.0 0.0 0.0 0.0 0.0 0.0 0.0 0.0 0.0 0.0 0.0 0.0 0.0 0.0 0.0 0.0 0.0 0.0 0.0 0.0 0.0 0.0
0.01394155792 0.01354734565 0.01418050993 0.01327189219 0.01622309999 0.01584728735 0.01467756628 0.01355674018 0.014630432 0.181128425033 0.01350416536 0.01335207567 0.01503689317 0.0 0.0 0.0 0.0 0.0 0.0 0.0 0.0 0.0 0.0 0.0 0.0 0.0 0.0 0.0 0.0 0.0 0.0 0.0 0.0 0.0 0.0 0.0 0.0 0.0 0.0 0.0 0.0 0.0 0.0 0.0 0.0 0.0 0.0 0.0 0.0 0.0 0.0 0.0 0.0 0.0 0.0 0.0 0.0 0.0 0.0 0.0 0.0 0.0 0.0 0.0 0.0 0.0 0.0 0.0 0.0 0.0
0.01479277327 0.01515849208 0.01443317131 0.01536794094 0.01290127608 0.01320890873 0.01404072059 0.01516870275 0.01415946947 0.01350416536 0.339157005879 0.0152759733 0.01395003595 0.0 0.0 0.0 0.0 0.0 0.0 0.0 0.0 0.0 0.0 0.0 0.0 0.0 0.0 0.0 0.0 0.0 0.0 0.0 0.0 0.0 0.0 0.0 0.0 0.0 0.0 0.0 0.0 0.0 0.0 0.0 0.0 0.0 0.0 0.0 0.0 0.0 0.0 0.0 0.0 0.0 0.0 0.0 0.0 0.0 0.0 0.0 0.0 0.0 0.0 0.0 0.0 0.0 0.0 0.0 0.0 0.0
0.01478525405 0.01519535441 0.01454324519 0.01551014656 0.01278664195 0.01314464067 0.01409033516 0.01521365708 0.01416014927 0.01335207567 0.0152759733 0.517466591566 0.01383065156 0.0 0.0 0.0 0.0 0.0 0.0 0.0 0.0 0.0 0.0 0.0 0.0 0.0 0.0 0.0 0.0 0.0 0.0 0.0 0.0 0.0 0.0 0.0 0.0 0.0 0.0 0.0 0.0 0.0 0.0 0.0 0.0 0.0 0.0 0.0 0.0 0.0 0.0 0.0 0.0 0.0 0.0 0.0 0.0 0.0 0.0 0.0 0.0 0.0 0.0 0.0 0.0 0.0 0.0 0.0 0.0 0.0
0.01419550561 0.01394181815 0.014379533 0.01378632323 0.01542273132 0.0150830332 0.01470303358 0.01389398182 0.01457720916 0.01503689317 0.01395003595 0.01383065156 0.247916417797 0.0 0.0 0.0 0.0 0.0 0.0 0.0 0.0 0.0 0.0 0.0 0.0 0.0 0.0 0.0 0.0 0.0 0.0 0.0 0.0 0.0 0.0 0.0 0.0 0.0 0.0 0.0 0.0 0.0 0.0 0.0 0.0 0.0 0.0 0.0 0.0 0.0 0.0 0.0 0.0 0.0 0.0 0.0 0.0 0.0 0.0 0.0 0.0 0.0 0.0 0.0 0.0 0.0 0.0 0.0 0.0 0.0
0.0 0.0 0.0 0.0 0.0 0.0 0.0 0.0 0.0 0.0 0.0 0.0 0.0 0.236321997243 0.008091584905 0.008799637033 0.009090907886 0.009015976418 0.008299037714 0.009417989489 0.009572685236 0.008782966468 0.007939801276 0.007883255573 0.007521987822 0.007541650696 0.007382274296 0.008649981692 0.008340277256 0.008506350749 0.008542088491 0.008077363609 0.007658954876 0.008971662797 0.00880776111 0.008104162433 0.0 0.0 0.0 0.0 0.0 0.0 0.0 0.0 0.0 0.0 0.0 0.0 0.0 0.0 0.0 0.0 0.0 0.0 0.0 0.0 0.0 0.0 0.0 0.0 0.0 0.0 0.0 0.0 0.0 0.0 0.0 0.0 0.0 0.0
0.0 0.0 0.0 0.0 0.0 0.0 0.0 0.0 0.0 0.0 0.0 0.0 0.0 0.008091584905 0.273636582354 0.008385912222 0.008140825059 0.008153490633 0.008857609283 0.007856744541 0.007711728768 0.008381747145 0.009214688136 0.0092599678 0.009618612072 0.009548660931 0.009797462404 0.008526376723 0.008832363642 0.008638740193 0.00861009563 0.009096667776 0.009507910753 0.008254822818 0.008369372534 0.009034191433 0.0 0.0 0.0 0.0 0.0 0.0 0.0 0.0 0.0 0.0 0.0 0.0 0.0 0.0 0.0 0.0 0.0 0.0 0.0 0.0 0.0 0.0 0.0 0.0 0.0 0.0 0.0 0.0 0.0 0.0 0.0 0.0 0.0 0.0
0.0 0.0 0.0 0.0 0.0 0.0 0.0 0.0 0.0 0.0 0.0 0.0 0.0 0.008799637033 0.008385912222 0.393674149477 0.0087924328 0.00873545513 0.008492806133 0.008882812211 0.008918576895 0.008666840207 0.008324711127 0.00828927692 0.008083761872 0.008083653632 0.008013491142 0.008619756516 0.008512431533 0.008569706814 0.008586467109 0.008370235714 0.008154848435 0.008754987779 0.008687358335 0.008392980421 0.0 0.0 0.0 0.0 0.0 0.0 0.0 0.0 0.0 0.0 0.0 0.0 0.0 0.0 0.0 0.0 0.0 0.0 0.0 0.0 0.0 0.0 0.0 0.0 0.0 0.0 0.0 0.0 0.0 0.0 0.0 0.0 0.0 0.0
0.0 0.0 0.0 0.0 0.0 0.0 0.0 0.0 0.0 0.0 0.0 0.0 0.0 0.009090907886 0.008140825059 0.0087924328 0.319211755674 0.008935857338 0.008346050573 0.009335870851 0.009484833887 0.008754697257 0.008006368262 0.007945009316 0.007586906119 0.007585651145 0.007464424501 0.008639125138 0.008390832053 0.008511597696 0.008553103136 0.008117320881 0.007716098023 0.008948506445 0.008792118656 0.008146664094 0.0 0.0 0.0 0.0 0.0 0.0 0.0 0.0 0.0 0.0 0.0 0.0 0.0 0.0 0.0 0.0 0.0 0.0 0.0 0.0 0.0 0.0 0.0 0.0 0.0 0.0 0.0 0.0 0.0 0.0 0.0 0.0 0.0 0.0
0.0 0.0 0.0 0.0 0.0 0.0 0.0 0.0 0.0 0.0 0.0 0.0 0.0 0.009015976418 0.008153490633 0.00873545513 0.008935857338 0.266431327689 0.008289582008 0.009282394374 0.009430773712 0.008772246516 0.008042287279 0.008025162974 0.007783732653 0.007903285435 0.007645898568 0.008640026594 0.008290473532 0.008542905893 0.008528734618 0.008172963346 0.007905263924 0.008871081604 0.008747492916 0.008200102231 0.0 0.0 0.0 0.0 0.0 0.0 0.0 0.0 0.0 0.0 0.0 0.0 0.0 0.0 0.0 0.0 0.0 0.0 0.0 0.0 0.0 0.0 0.0 0.0 0.0 0.0 0.0 0.0 0.0 0.0 0.0 0.0 0.0 0.0
0.0 0.0 0.0 0.0 0.0 0.0 0.0 0.0 0.0 0.0 0.0 0.0 0.0 0.008299037714 0.008857609283 0.008492806133 0.008346050573 0.008289582008 0.40330252719 0.008118900495 0.008215341206 0.008636873728 0.008955218703 0.008970597936 0.009312522278 0.009012341707 0.009143114841 0.008546278031 0.008769404155 0.008633071471 0.008629927967 0.00883850202 0.008996452179 0.008390954714 0.008481977813 0.008854728577 0.0 0.0 0.0 0.0 0.0 0.0 0.0 0.0 0.0 0.0 0.0 0.0 0.0 0.0 0.0 0.0 0.0 0.0 0.0 0.0 0.0 0.0 0.0 0.0 0.0 0.0 0.0 0.0 0.0 0.0 0.0 0.0 0.0 0.0
0.0 0.0 0.0 0.0 0.0 0.0 0.0 0.0 0.0 0.0 0.0 0.0 0.0 0.009417989489 0.007856744541 0.008882812211 0.009335870851 0.009282394374 0.008118900495 29.5797518639 0.01019773257 0.008894093251 0.007627537934 0.007493992593 0.007054612318 0.0070933604 0.006886455304 0.008655309111 0.008067574167 0.008466792564 0.008474379534 0.007819699212 0.007263284143 0.0091879445 0.008858892721 0.007846701557 0.0 0.0 0.0 0.0 0.0 0.0 0.0 0.0 0.0 0.0 0.0 0.0 0.0 0.0 0.0 0.0 0.0 0.0 0.0 0.0 0.0 0.0 0.0 0.0 0.0 0.0 0.0 0.0 0.0 0.0 0.0 0.0 0.0 0.0
0.0 0.0 0.0 0.0 0.0 0.0 0.0 0.0 0.0 0.0 0.0 0.0 0.0 0.009572685236 0.007711728768 0.008918576895 0.009484833887 0.009430773712 0.008215341206 0.01019773257 1.66491184177 0.009082666584 0.007457481513 0.007400738164 0.007050015827 0.006875692731 0.006670033784 0.008667906286 0.008083845172 0.008418710559 0.008445493472 0.007694765871 0.007083916214 0.009257579369 0.008925152407 0.007716988472 0.0 0.0 0.0 0.0 0.0 0.0 0.0 0.0 0.0 0.0 0.0 0.0 0.0 0.0 0.0 0.0 0.0 0.0 0.0 0.0 0.0 0.0 0.0 0.0 0.0 0.0 0.0 0.0 0.0 0.0 0.0 0.0 0.0 0.0
0.0 0.0 0.0 0.0 0.0 0.0 0.0 0.0 0.0 0.0 0.0 0.0 0.0 0.008782966468 0.008381747145 0.008666840207 0.008754697257 0.008772246516 0.008636873728 0.008894093251 0.009082666584 0.44438381018 0.008321267381 0.008313828235 0.008334924216 0.008196968413 0.008072950054 0.008616843129 0.008483568968 0.008575412532 0.008586547435 0.008378417944 0.008199075238 0.008712383132 0.008679987189 0.008410244034 0.0 0.0 0.0 0.0 0.0 0.0 0.0 0.0 0.0 0.0 0.0 0.0 0.0 0.0 0.0 0.0 0.0 0.0 0.0 0.0 0.0 0.0 0.0 0.0 0.0 0.0 0.0 0.0 0.0 0.0 0.0 0.0 0.0 0.0
0.0 0.0 0.0 0.0 0.0 0.0 0.0 0.0 0.0 0.0 0.0 0.0 0.0 0.007939801276 0.009214688136 0.008324711127 0.008006368262 0.008042287279 0.008955218703 0.007627537934 0.007457481513 0.008321267381 0.331752551895 0.009506422282 0.009981004711 0.009862810079 0.01024226287 0.008482726456 0.008886219585 0.008654627812 0.00860908712 0.009227401853 0.009801411222 0.008133432449 0.008295472257 0.009182347678 0.0 0.0 0.0 0.0 0.0 0.0 0.0 0.0 0.0 0.0 0.0 0.0 0.0 0.0 0.0 0.0 0.0 0.0 0.0 0.0 0.0 0.0 0.0 0.0 0.0 0.0 0.0 0.0 0.0 0.0 0.0 0.0 0.0 0.0
0.0 0.0 0.0 0.0 0.0 0.0 0.0 0.0 0.0 0.0 0.0 0.0 0.0 0.007883255573 0.0092599678 0.00828927692 0.007945009316 0.008025162974 0.008970597936 0.007493992593 0.007400738164 0.008313828235 0.009506422282 0.943047994181 0.01022932269 0.01014519205 0.01048005767 0.008479341807 0.008880419908 0.00865832199 0.008589869655 0.009315523125 0.009975408302 0.008090593737 0.008255935622 0.009227024325 0.0 0.0 0.0 0.0 0.0 0.0 0.0 0.0 0.0 0.0 0.0 0.0 0.0 0.0 0.0 0.0 0.0 0.0 0.0 0.0 0.0 0.0 0.0 0.0 0.0 0.0 0.0 0.0 0.0 0.0 0.0 0.0 0.0 0.0
0.0 0.0 0.0 0.0 0.0 0.0 0.0 0.0 0.0 0.0 0.0 0.0 0.0 0.007521987822 0.009618612072 0.008083761872 0.007586906119 0.007783732653 0.009312522278 0.007054612318 0.007050015827 0.008334924216 0.009981004711 0.01022932269 0.421692262481 0.01150335559 0.01215133115 0.008419064901 0.008932098443 0.008663629087 0.008542737586 0.009724775389 0.01116658462 0.007809694649 0.008055109018 0.009549414195 0.0 0.0 0.0 0.0 0.0 0.0 0.0 0.0 0.0 0.0 0.0 0.0 0.0 0.0 0.0 0.0 0.0 0.0 0.0 0.0 0.0 0.0 0.0 0.0 0.0 0.0 0.0 0.0 0.0 0.0 0.0 0.0 0.0 0.0
0.0 0.0 0.0 0.0 0.0 0.0 0.0 0.0 0.0 0.0 0.0 0.0 0.0 0.007541650696 0.009548660931 0.008083653632 0.007585651145 0.007903285435 0.009012341707 0.0070933604 0.006875692731 0.008196968413 0.009862810079 0.01014519205 0.01150335559 0.982190561563 0.01189860427 0.008457919283 0.008860913624 0.008686813833 0.008553807388 0.009719964274 0.0111877504 0.007818685816 0.008074668304 0.009515065908 0.0 0.0 0.0 0.0 0.0 0.0 0.0 0.0 0.0 0.0 0.0 0.0 0.0 0.0 0.0 0.0 0.0 0.0 0.0 0.0 0.0 0.0 0.0 0.0 0.0 0.0 0.0 0.0 0.0 0.0 0.0 0.0 0.0 0.0
0.0 0.0 0.0 0.0 0.0 0.0 0.0 0.0 0.0 0.0 0.0 0.0 0.0 0.007382274296 0.009797462404 0.008013491142 0.007464424501 0.007645898568 0.009143114841 0.006886455304 0.006670033784 0.008072950054 0.01024226287 0.01048005767 0.01215133115 0.01189860427 0.247447359122 0.008376465193 0.008989924425 0.008643086728 0.008507201536 0.009913258183 0.01163765533 0.007720577348 0.007957858554 0.009669990908 0.0 0.0 0.0 0.0 0.0 0.0 0.0 0.0 0.0 0.0 0.0 0.0 0.0 0.0 0.0 0.0 0.0 0.0 0.0 0.0 0.0 0.0 0.0 0.0 0.0 0.0 0.0 0.0 0.0 0.0 0.0 0.0 0.0 0.0
0.0 0.0 0.0 0.0 0.0 0.0 0.0 0.0 0.0 0.0 0.0 0.0 0.0 0.008649981692 0.008526376723 0.008619756516 0.008639125138 0.008640026594 0.008546278031 0.008655309111 0.008667906286 0.008616843129 0.008482726456 0.008479341807 0.008419064901 0.008457919283 0.008376465193 0.974459335707 0.008560515063 0.008586532952 0.008591291372 0.008530316347 0.008462819658 0.008647947213 0.00862317009 0.008523387284 0.0 0.0 0.0 0.0 0.0 0.0 0.0 0.0 0.0 0.0 0.0 0.0 0.0 0.0 0.0 0.0 0.0 0.0 0.0 0.0 0.0 0.0 0.0 0.0 0.0 0.0 0.0 0.0 0.0 0.0 0.0 0.0 0.0 0.0
0.0 0.0 0.0 0.0 0.0 0.0 0.0 0.0 0.0 0.0 0.0 0.0 0.0 0.008340277256 0.008832363642 0.008512431533 0.008390832053 0.008290473532 0.008769404155 0.008067574167 0.008083845172 0.008483568968 0.008886219585 0.008880419908 0.008932098443 0.008860913624 0.008989924425 0.008560515063 1.90902429649 0.008621884857 0.008639114407 0.008806101305 0.008885148425 0.00842822235 0.00850981178 0.008807763237 0.0 0.0 0.0 0.0 0.0 0.0 0.0 0.0 0.0 0.0 0.0 0.0 0.0 0.0 0.0 0.0 0.0 0.0 0.0 0.0 0.0 0.0 0.0 0.0 0.0 0.0 0.0 0.0 0.0 0.0 0.0 0.0 0.0 0.0
0.0 0.0 0.0 0.0 0.0 0.0 0.0 0.0 0.0 0.0 0.0 0.0 0.0 0.008506350749 0.008638740193 0.008569706814 0.008511597696 0.008542905893 0.008633071471 0.008466792564 0.008418710559 0.008575412532 0.008654627812 0.00865832199 0.008663629087 0.008686813833 0.008643086728 0.008586532952 0.008621884857 0.276850573986 0.008608242354 0.008638190279 0.008659498913 0.008538789768 0.008566942533 0.008652447474 0.0 0.0 0.0 0.0 0.0 0.0 0.0 0.0 0.0 0.0 0.0 0.0 0.0 0.0 0.0 0.0 0.0 0.0 0.0 0.0 0.0 0.0 0.0 0.0 0.0 0.0 0.0 0.0 0.0 0.0 0.0 0.0 0.0 0.0
0.0 0.0 0.0 0.0 0.0 0.0 0.0 0.0 0.0 0.0 0.0 0.0 0.0 0.008542088491 0.00861009563 0.008586467109 0.008553103136 0.008528734618 0.008629927967 0.008474379534 0.008445493472 0.008586547435 0.00860908712 0.008589869655 0.008542737586 0.008553807388 0.008507201536 0.008591291372 0.008639114407 0.008608242354 0.220661358902 0.008599155865 0.008544991474 0.008550632875 0.008598026213 0.008623916931 0.0 0.0 0.0 0.0 0.0 0.0 0.0 0.0 0.0 0.0 0.0 0.0 0.0 0.0 0.0 0.0 0.0 0.0 0.0 0.0 0.0 0.0 0.0 0.0 0.0 0.0 0.0 0.0 0.0 0.0 0.0 0.0 0.0 0.0
0.0 0.0 0.0 0.0 0.0 0.0 0.0 0.0 0.0 0.0 0.0 0.0 0.0 0.008077363609 0.009096667776 0.008370235714 0.008117320881 0.008172963346 0.00883850202 0.007819699212 0.007694765871 0.008378417944 0.009227401853 0.009315523125 0.009724775389 0.009719964274 0.009913258183 0.008530316347 0.008806101305 0.008638190279 0.008599155865 0.162726835932 0.009613531145 0.008238478846 0.008356685724 0.009047397718 0.0 0.0 0.0 0.0 0.0 0.0 0.0 0.0 0.0 0.0 0.0 0.0 0.0 0.0 0.0 0.0 0.0 0.0 0.0 0.0 0.0 0.0 0.0 0.0 0.0 0.0 0.0 0.0 0.0 0.0 0.0 0.0 0.0 0.0
0.0 0.0 0.0 0.0 0.0 0.0 0.0 0.0 0.0 0.0 0.0 0.0 0.0 0.007658954876 0.009507910753 0.008154848435 0.007716098023 0.007905263924 0.008996452179 0.007263284143 0.007083916214 0.008199075238 0.009801411222 0.009975408302 0.01116658462 0.0111877504 0.01163765533 0.008462819658 0.008885148425 0.008659498913 0.008544991474 0.009613531145 0.525487286083 0.007942125942 0.008119330162 0.009422104134 0.0 0.0 0.0 0.0 0.0 0.0 0.0 0.0 0.0 0.0 0.0 0.0 0.0 0.0 0.0 0.0 0.0 0.0 0.0 0.0 0.0 0.0 0.0 0.0 0.0 0.0 0.0 0.0 0.0 0.0 0.0 0.0 0.0 0.0
0.0 0.0 0.0 0.0 0.0 0.0 0.0 0.0 0.0 0.0 0.0 0.0 0.0 0.008971662797 0.008254822818 0.008754987779 0.008948506445 0.008871081604 0.008390954714 0.0091879445 0.009257579369 0.008712383132 0.008133432449 0.008090593737 0.007809694649 0.007818685816 0.007720577348 0.008647947213 0.00842822235 0.008538789768 0.008550632875 0.008238478846 0.007942125942 0.241875643228 0.008738023216 0.008239305235 0.0 0.0 0.0 0.0 0.0 0.0 0.0 0.0 0.0 0.0 0.0 0.0 0.0 0.0 0.0 0.0 0.0 0.0 0.0 0.0 0.0 0.0 0.0 0.0 0.0 0.0 0.0 0.0 0.0 0.0 0.0 0.0 0.0 0.0
0.0 0.0 0.0 0.0 0.0 0.0 0.0 0.0 0.0 0.0 0.0 0.0 0.0 0.00880776111 0.008369372534 0.008687358335 0.008792118656 0.008747492916 0.008481977813 0.008858892721 0.008925152407 0.008679987189 0.008295472257 0.008255935622 0.008055109018 0.008074668304 0.007957858554 0.00862317009 0.00850981178 0.008566942533 0.008598026213 0.008356685724 0.008119330162 0.008738023216 0.574295251525 0.008388233501 0.0 0.0 0.0 0.0 0.0 0.0 0.0 0.0 0.0 0.0 0.0 0.0 0.0 0.0 0.0 0.0 0.0 0.0 0.0 0.0 0.0 0.0 0.0 0.0 0.0 0.0 0.0 0.0 0.0 0.0 0.0 0.0 0.0 0.0
0.0 0.0 0.0 0.0 0.0 0.0 0.0 0.0 0.0 0.0 0.0 0.0 0.0 0.008104162433 0.009034191433 0.008392980421 0.008146664094 0.008200102231 0.008854728577 0.007846701557 0.007716988472 0.008410244034 0.009182347678 0.009227024325 0.009549414195 0.009515065908 0.009669990908 0.008523387284 0.008807763237 0.008652447474 0.008623916931 0.009047397718 0.009422104134 0.008239305235 0.008388233501 0.275208362264 0.0 0.0 0.0 0.0 0.0 0.0 0.0 0.0 0.0 0.0 0.0 0.0 0.0 0.0 0.0 0.0 0.0 0.0 0.0 0.0 0.0 0.0 0.0 0.0 0.0 0.0 0.0 0.0 0.0 0.0 0.0 0.0 0.0 0.0
0.0 0.0 0.0 0.0 0.0 0.0 0.0 0.0 0.0 0.0 0.0 0.0 0.0 0.0 0.0 0.0 0.0 0.0 0.0 0.0 0.0 0.0 0.0 0.0 0.0 0.0 0.0 0.0 0.0 0.0 0.0 0.0 0.0 0.0 0.0 0.0 0.184709875171 0.007301924531 0.007581064809 0.007622093489 0.007555329897 0.007495744776 0.007618819498 0.007541706555 0.007581421597 0.00743763833 0.007302913475 0.007547272126 0.007345333871 0.007207777731 0.006913070125 0.007475245311 0.007312342942 0.007437938688 0.007087735874 0.007432898905 0.007611317357 0.007384514444 0.00717339167 0.0 0.0 0.0 0.0 0.0 0.0 0.0 0.0 0.0 0.0 0.0
0.0 0.0 0.0 0.0 0.0 0.0 0.0 0.0 0.0 0.0 0.0 0.0 0.0 0.0 0.0 0.0 0.0 0.0 0.0 0.0 0.0 0.0 0.0 0.0 0.0 0.0 0.0 0.0 0.0 0.0 0.0 0.0 0.0 0.0 0.0 0.0 0.007301924531 0.185380224699 0.007077171031 0.006915822187 0.006979521796 0.007342364004 0.006868423686 0.007179026102 0.007076991607 0.007355871555 0.007531950495 0.007158180467 0.007575721429 0.007813700832 0.008199388553 0.007304593783 0.007632749378 0.007418541498 0.00790617976 0.007397510591 0.006955253834 0.00744120721 0.007856805185 0.0 0.0 0.0 0.0 0.0 0.0 0.0 0.0 0.0 0.0 0.0
0.0 0.0 0.0 0.0 0.0 0.0 0.0 0.0 0.0 0.0 0.0 0.0 0.0 0.0 0.0 0.0 0.0 0.0 0.0 0.0 0.0 0.0 0.0 0.0 0.0 0.0 0.0 0.0 0.0 0.0 0.0 0.0 0.0 0.0 0.0 0.0 0.007581064809 0.007077171031 0.36183466972 0.008258821047 0.008081222016 0.007556079589 0.008301940977 0.007760233702 0.00797567315 0.00747395167 0.007143089235 0.007843603659 0.007144998692 0.006774643713 0.00611287695 0.007580464254 0.007038933887 0.007414485475 0.006642184146 0.007444105079 0.008172087785 0.007296913749 0.006693557391 0.0 0.0 0.0 0.0 0.0 0.0 0.0 0.0 0.0 0.0 0.0
0.0 0.0 0.0 0.0 0.0 0.0 0.0 0.0 0.0 0.0 0.0 0.0 0.0 0.0 0.0 0.0 0.0 0.0 0.0 0.0 0.0 0.0 0.0 0.0 0.0 0.0 0.0 0.0 0.0 0.0 0.0 0.0 0.0 0.0 0.0 0.0 0.007622093489 0.006915822187 0.008258821047 0.395827041395 0.008481754189 0.007576083107 0.008854567843 0.00790991537 0.008234961541 0.00748263284 0.00701619753 0.008008286714 0.007017421623 0.006502561951 0.005622153175 0.007617932582 0.00687537809 0.007387472901 0.006356300542 0.007425336777 0.008585131167 0.007219306432 0.006394533024 0.0 0.0 0.0 0.0 0.0 0.0 0.0 0.0 0.0 0.0 0.0
0.0 0.0 0.0 0.0 0.0 0.0 0.0 0.0 0.0 0.0 0.0 0.0 0.0 0.0 0.0 0.0 0.0 0.0 0.0 0.0 0.0 0.0 0.0 0.0 0.0 0.0 0.0 0.0 0.0 0.0 0.0 0.0 0.0 0.0 0.0 0.0 0.007555329897 0.006979521796 0.008081222016 0.008481754189 0.384324436051 0.007520060781 0.008637861111 0.007806424247 0.008061758146 0.007500071882 0.007157032826 0.007891592785 0.007072054802 0.006620391823 0.005871662896 0.007591720618 0.006963893874 0.007365489841 0.006547427098 0.007424294438 0.008353621254 0.007301383566 0.006539192823 0.0 0.0 0.0 0.0 0.0 0.0 0.0 0.0 0.0 0.0 0.0
0.0 0.0 0.0 0.0 0.0 0.0 0.0 0.0 0.0 0.0 0.0 0.0 0.0 0.0 0.0 0.0 0.0 0.0 0.0 0.0 0.0 0.0 0.0 0.0 0.0 0.0 0.0 0.0 0.0 0.0 0.0 0.0 0.0 0.0 0.0 0.0 0.007495744776 0.007342364004 0.007556079589 0.007576083107 0.007520060781 0.629058706517 0.007883163063 0.007460580862 0.007563768367 0.00745868913 0.007492067684 0.007534454185 0.007383780952 0.007249876157 0.006972179231 0.007475744939 0.007344662479 0.007449790131 0.00714569507 0.007448029983 0.007561218234 0.007392988779 0.007217056947 0.0 0.0 0.0 0.0 0.0 0.0 0.0 0.0 0.0 0.0 0.0
0.0 0.0 0.0 0.0 0.0 0.0 0.0 0.0 0.0 0.0 0.0 0.0 0.0 0.0 0.0 0.0 0.0 0.0 0.0 0.0 0.0 0.0 0.0 0.0 0.0 0.0 0.0 0.0 0.0 0.0 0.0 0.0 0.0 0.0 0.0 0.0 0.007618819498 0.006868423686 0.008301940977 0.008854567843 0.008637861111 0.007883163063 1.48785265178 0.007921705738 0.008284530253 0.007491872452 0.007071990644 0.008042659782 0.006981151913 0.006425172648 0.005493473398 0.007625063591 0.006834039978 0.00736913754 0.006276879054 0.007411650697 0.008674628482 0.007216304619 0.006311136034 0.0 0.0 0.0 0.0 0.0 0.0 0.0 0.0 0.0 0.0 0.0
0.0 0.0 0.0 0.0 0.0 0.0 0.0 0.0 0.0 0.0 0.0 0.0 0.0 0.0 0.0 0.0 0.0 0.0 0.0 0.0 0.0 0.0 0.0 0.0 0.0 0.0 0.0 0.0 0.0 0.0 0.0 0.0 0.0 0.0 0.0 0.0 0.007541706555 0.007179026102 0.007760233702 0.00790991537 0.007806424247 0.007460580862 0.007921705738 0.29624762438 0.007765224114 0.007449782919 0.007211776725 0.007676563348 0.007244274431 0.007004356663 0.006530029901 0.007511841629 0.007190978588 0.007419787584 0.006853134146 0.00741729414 0.007877786616 0.007349141959 0.006948604652 0.0 0.0 0.0 0.0 0.0 0.0 0.0 0.0 0.0 0.0 0.0
0.0 0.0 0.0 0.0 0.0 0.0 0.0 0.0 0.0 0.0 0.0 0.0 0.0 0.0 0.0 0.0 0.0 0.0 0.0 0.0 0.0 0.0 0.0 0.0 0.0 0.0 0.0 0.0 0.0 0.0 0.0 0.0 0.0 0.0 0.0 0.0 0.007581421597 0.007076991607 0.00797567315 0.008234961541 0.008061758146 0.007563768367 0.008284530253 0.007765224114 0.315661095822 0.007473869368 0.007144014006 0.007829632478 0.007162864112 0.006794816992 0.00613676598 0.007559950301 0.007068590638 0.00741443208 0.00665507067 0.007428015155 0.008161098251 0.007294579075 0.006716360578 0.0 0.0 0.0 0.0 0.0 0.0 0.0 0.0 0.0 0.0 0.0
0.0 0.0 0.0 0.0 0.0 0.0 0.0 0.0 0.0 0.0 0.0 0.0 0.0 0.0 0.0 0.0 0.0 0.0 0.0 0.0 0.0 0.0 0.0 0.0 0.0 0.0 0.0 0.0 0.0 0.0 0.0 0.0 0.0 0.0 0.0 0.0 0.00743763833 0.007355871555 0.00747395167 0.00748263284 0.007500071882 0.00745868913 0.007491872452 0.007449782919 0.007473869368 0.230596146314 0.007462756714 0.007479729118 0.007395540464 0.007234887024 0.006982866138 0.007475235593 0.007378695121 0.007413155446 0.007316515966 0.007443105913 0.007471330407 0.007460238588 0.00722321532 0.0 0.0 0.0 0.0 0.0 0.0 0.0 0.0 0.0 0.0 0.0
0.0 0.0 0.0 0.0 0.0 0.0 0.0 0.0 0.0 0.0 0.0 0.0 0.0 0.0 0.0 0.0 0.0 0.0 0.0 0.0 0.0 0.0 0.0 0.0 0.0 0.0 0.0 0.0 0.0 0.0 0.0 0.0 0.0 0.0 0.0 0.0 0.007302913475 0.007531950495 0.007143089235 0.00701619753 0.007157032826 0.007492067684 0.007071990644 0.007211776725 0.007144014006 0.007462756714 0.250001346183 0.007233927278 0.007522720921 0.007561978308 0.007750276033 0.007378773651 0.007553404744 0.007375021065 0.007786205105 0.007409272684 0.007045374023 0.007549450787 0.007602317141 0.0 0.0 0.0 0.0 0.0 0.0 0.0 0.0 0.0 0.0 0.0
0.0 0.0 0.0 0.0 0.0 0.0 0.0 0.0 0.0 0.0 0.0 0.0 0.0 0.0 0.0 0.0 0.0 0.0 0.0 0.0 0.0 0.0 0.0 0.0 0.0 0.0 0.0 0.0 0.0 0.0 0.0 0.0 0.0 0.0 0.0 0.0 0.007547272126 0.007158180467 0.007843603659 0.008008286714 0.007891592785 0.007534454185 0.008042659782 0.007676563348 0.007829632478 0.007479729118 0.007233927278 0.449943594966 0.00722579455 0.006916683234 0.006366315269 0.007547405561 0.007148536939 0.007419630871 0.006820117752 0.007440796658 0.007951610898 0.007348055985 0.006853921749 0.0 0.0 0.0 0.0 0.0 0.0 0.0 0.0 0.0 0.0 0.0
0.0 0.0 0.0 0.0 0.0 0.0 0.0 0.0 0.0 0.0 0.0 0.0 0.0 0.0 0.0 0.0 0.0 0.0 0.0 0.0 0.0 0.0 0.0 0.0 0.0 0.0 0.0 0.0 0.0 0.0 0.0 0.0 0.0 0.0 0.0 0.0 0.007345333871 0.007575721429 0.007144998692 0.007017421623 0.007072054802 0.007383780952 0.006981151913 0.007244274431 0.007162864112 0.007395540464 0.007522720921 0.00722579455 0.258873445095 0.007676607374 0.007906724827 0.00734167203 0.007598252983 0.007427089878 0.007768103685 0.007416282449 0.007051437454 0.007452804806 0.007708752525 0.0 0.0 0.0 0.0 0.0 0.0 0.0 0.0 0.0 0.0 0.0
0.0 0.0 0.0 0.0 0.0 0.0 0.0 0.0 0.0 0.0 0.0 0.0 0.0 0.0 0.0 0.0 0.0 0.0 0.0 0.0 0.0 0.0 0.0 0.0 0.0 0.0 0.0 0.0 0.0 0.0 0.0 0.0 0.0 0.0 0.0 0.0 0.007207777731 0.007813700832 0.006774643713 0.006502561951 0.006620391823 0.007249876157 0.006425172648 0.007004356663 0.006794816992 0.007234887024 0.007561978308 0.006916683234 0.007676607374 0.240795410558 0.009253520552 0.007163865011 0.007795070549 0.007411837104 0.008257027822 0.007345410341 0.006591920686 0.007418135753 0.008379610123 0.0 0.0 0.0 0.0 0.0 0.0 0.0 0.0 0.0 0.0 0.0
0.0 0.0 0.0 0.0 0.0 0.0 0.0 0.0 0.0 0.0 0.0 0.0 0.0 0.0 0.0 0.0 0.0 0.0 0.0 0.0 0.0 0.0 0.0 0.0 0.0 0.0 0.0 0.0 0.0 0.0 0.0 0.0 0.0 0.0 0.0 0.0 0.006913070125 0.008199388553 0.00611287695 0.005622153175 0.005871662896 0.006972179231 0.005493473398 0.006530029901 0.00613676598 0.006982866138 0.007750276033 0.006366315269 0.007906724827 0.009253520552 0.131396358932 0.006839224602 0.008127712673 0.007343356827 0.009558326501 0.007245633349 0.005778218554 0.007349692434 0.009496334322 0.0 0.0 0.0 0.0 0.0 0.0 0.0 0.0 0.0 0.0 0.0
0.0 0.0 0.0 0.0 0.0 0.0 0.0 0.0 0.0 0.0 0.0 0.0 0.0 0.0 0.0 0.0 0.0 0.0 0.0 0.0 0.0 0.0 0.0 0.0 0.0 0.0 0.0 0.0 0.0 0.0 0.0 0.0 0.0 0.0 0.0 0.0 0.007475245311 0.007304593783 0.007580464254 0.007617932582 0.007591720618 0.007475744939 0.007625063591 0.007511841629 0.007559950301 0.007475235593 0.007378773651 0.007547405561 0.00734167203 0.007163865011 0.006839224602 0.262091183158 0.007305709407 0.007421148874 0.007148954363 0.007449916442 0.007595667597 0.007425334374 0.007134613998 0.0 0.0 0.0 0.0 0.0 0.0 0.0 0.0 0.0 0.0 0.0
0.0 0.0 0.0 0.0 0.0 0.0 0.0 0.0 0.0 0.0 0.0 0.0 0.0 0.0 0.0 0.0 0.0 0.0 0.0 0.0 0.0 0.0 0.0 0.0 0.0 0.0 0.0 0.0 0.0 0.0 0.0 0.0 0.0 0.0 0.0 0.0 0.007312342942 0.007632749378 0.007038933887 0.00687537809 0.006963893874 0.007344662479 0.006834039978 0.007190978588 0.007068590638 0.007378695121 0.007553404744 0.007148536939 0.007598252983 0.007795070549 0.008127712673 0.007305709407 0.176285442065 0.007424754991 0.007901852255 0.007401010628 0.006928478015 0.00746715341 0.007839485292 0.0 0.0 0.0 0.0 0.0 0.0 0.0 0.0 0.0 0.0 0.0
0.0 0.0 0.0 0.0 0.0 0.0 0.0 0.0 0.0 0.0 0.0 0.0 0.0 0.0 0.0 0.0 0.0 0.0 0.0 0.0 0.0 0.0 0.0 0.0 0.0 0.0 0.0 0.0 0.0 0.0 0.0 0.0 0.0 0.0 0.0 0.0 0.007437938688 0.007418541498 0.007414485475 0.007387472901 0.007365489841 0.007449790131 0.00736913754 0.007419787584 0.00741443208 0.007413155446 0.007375021065 0.007419630871 0.007427089878 0.007411837104 0.007343356827 0.007421148874 0.007424754991 0.289406141807 0.007351326635 0.007430795239 0.007390778384 0.007400994978 0.007401898316 0.0 0.0 0.0 0.0 0.0 0.0 0.0 0.0 0.0 0.0 0.0
0.0 0.0 0.0 0.0 0.0 0.0 0.0 0.0 0.0 0.0 0.0 0.0 0.0 0.0 0.0 0.0 0.0 0.0 0.0 0.0 0.0 0.0 0.0 0.0 0.0 0.0 0.0 0.0 0.0 0.0 0.0 0.0 0.0 0.0 0.0 0.0 0.007087735874 0.00790617976 0.006642184146 0.006356300542 0.006547427098 0.00714569507 0.006276879054 0.006853134146 0.00665507067 0.007316515966 0.007786205105 0.006820117752 0.007768103685 0.008257027822 0.009558326501 0.007148954363 0.007901852255 0.007351326635 0.265787568681 0.00735410543 0.006428864458 0.007486548505 0.008406150417 0.0 0.0 0.0 0.0 0.0 0.0 0.0 0.0 0.0 0.0 0.0
0.0 0.0 0.0 0.0 0.0 0.0 0.0 0.0 0.0 0.0 0.0 0.0 0.0 0.0 0.0 0.0 0.0 0.0 0.0 0.0 0.0 0.0 0.0 0.0 0.0 0.0 0.0 0.0 0.0 0.0 0.0 0.0 0.0 0.0 0.0 0.0 0.007432898905 0.007397510591 0.007444105079 0.007425336777 0.007424294438 0.007448029983 0.007411650697 0.00741729414 0.007428015155 0.007443105913 0.007409272684 0.007440796658 0.007416282449 0.007345410341 0.007245633349 0.007449916442 0.007401010628 0.007430795239 0.00735410543 0.20758406474 0.007414519524 0.007423534936 0.007337298026 0.0 0.0 0.0 0.0 0.0 0.0 0.0 0.0 0.0 0.0 0.0
0.0 0.0 0.0 0.0 0.0 0.0 0.0 0.0 0.0 0.0 0.0 0.0 0.0 0.0 0.0 0.0 0.0 0.0 0.0 0.0 0.0 0.0 0.0 0.0 0.0 0.0 0.0 0.0 0.0 0.0 0.0 0.0 0.0 0.0 0.0 0.0 0.007611317357 0.006955253834 0.008172087785 0.008585131167 0.008353621254 0.007561218234 0.008674628482 0.007877786616 0.008161098251 0.007471330407 0.007045374023 0.007951610898 0.007051437454 0.006591920686 0.005778218554 0.007595667597 0.006928478015 0.007390778384 0.006428864458 0.007414519524 1.11507817929 0.007239247434 0.006491593287 0.0 0.0 0.0 0.0 0.0 0.0 0.0 0.0 0.0 0.0 0.0
0.0 0.0 0.0 0.0 0.0 0.0 0.0 0.0 0.0 0.0 0.0 0.0 0.0 0.0 0.0 0.0 0.0 0.0 0.0 0.0 0.0 0.0 0.0 0.0 0.0 0.0 0.0 0.0 0.0 0.0 0.0 0.0 0.0 0.0 0.0 0.0 0.007384514444 0.00744120721 0.007296913749 0.007219306432 0.007301383566 0.007392988779 0.007216304619 0.007349141959 0.007294579075 0.007460238588 0.007549450787 0.007348055985 0.007452804806 0.007418135753 0.007349692434 0.007425334374 0.00746715341 0.007400994978 0.007486548505 0.007423534936 0.007239247434 0.766558072924 0.007428654616 0.0 0.0 0.0 0.0 0.0 0.0 0.0 0.0 0.0 0.0 0.0
0.0 0.0 0.0 0.0 0.0 0.0 0.0 0.0 0.0 0.0 0.0 0.0 0.0 0.0 0.0 0.0 0.0 0.0 0.0 0.0 0.0 0.0 0.0 0.0 0.0 0.0 0.0 0.0 0.0 0.0 0.0 0.0 0.0 0.0 0.0 0.0 0.00717339167 0.007856805185 0.006693557391 0.006394533024 0.006539192823 0.007217056947 0.006311136034 0.006948604652 0.006716360578 0.00722321532 0.007602317141 0.006853921749 0.007708752525 0.008379610123 0.009496334322 0.007134613998 0.007839485292 0.007401898316 0.008406150417 0.007337298026 0.006491593287 0.007428654616 0.172817049582 0.0 0.0 0.0 0.0 0.0 0.0 0.0 0.0 0.0 0.0 0.0
0.0 0.0 0.0 0.0 0.0 0.0 0.0 0.0 0.0 0.0 0.0 0.0 0.0 0.0 0.0 0.0 0.0 0.0 0.0 0.0 0.0 0.0 0.0 0.0 0.0 0.0 0.0 0.0 0.0 0.0 0.0 0.0 0.0 0.0 0.0 0.0 0.0 0.0 0.0 0.0 0.0 0.0 0.0 0.0 0.0 0.0 0.0 0.0 0.0 0.0 0.0 0.0 0.0 0.0 0.0 0.0 0.0 0.0 0.0 0.127785921779 0.01086031681 0.0111398517 0.01086154249 0.01110134349 0.01155017663 0.01118671873 0.01127272678 0.01133040863 0.01127434696 0.01121365323
0.0 0.0 0.0 0.0 0.0 0.0 0.0 0.0 0.0 0.0 0.0 0.0 0.0 0.0 0.0 0.0 0.0 0.0 0.0 0.0 0.0 0.0 0.0 0.0 0.0 0.0 0.0 0.0 0.0 0.0 0.0 0.0 0.0 0.0 0.0 0.0 0.0 0.0 0.0 0.0 0.0 0.0 0.0 0.0 0.0 0.0 0.0 0.0 0.0 0.0 0.0 0.0 0.0 0.0 0.0 0.0 0.0 0.0 0.0 0.01086031681 0.381018558201 0.01137126514 0.01317480789 0.01176290784 0.009268909909 0.01120664967 0.01077257658 0.01047123388 0.01073021507 0.01106185195
0.0 0.0 0.0 0.0 0.0 0.0 0.0 0.0 0.0 0.0 0.0 0.0 0.0 0.0 0.0 0.0 0.0 0.0 0.0 0.0 0.0 0.0 0.0 0.0 0.0 0.0 0.0 0.0 0.0 0.0 0.0 0.0 0.0 0.0 0.0 0.0 0.0 0.0 0.0 0.0 0.0 0.0 0.0 0.0 0.0 0.0 0.0 0.0 0.0 0.0 0.0 0.0 0.0 0.0 0.0 0.0 0.0 0.0 0.0 0.0111398517 0.01137126514 0.231588127485 0.01132905922 0.01119458847 0.01088650976 0.01119697552 0.01117375078 0.01116123713 0.01125930504 0.01122340282
0.0 0.0 0.0 0.0 0.0 0.0 0.0 0.0 0.0 0.0 0.0 0.0 0.0 0.0 0.0 0.0 0.0 0.0 0.0 0.0 0.0 0.0 0.0 0.0 0.0 0.0 0.0 0.0 0.0 0.0 0.0 0.0 0.0 0.0 0.0 0.0 0.0 0.0 0.0 0.0 0.0 0.0 0.0 0.0 0.0 0.0 0.0 0.0 0.0 0.0 0.0 0.0 0.0 0.0 0.0 0.0 0.0 0.0 0.0 0.01086154249 0.01317480789 0.01132905922 0.382895439612 0.01180219767 0.009237829951 0.01121199004 0.01075922904 0.01044550962 0.01068913653 0.01104514918
0.0 0.0 0.0 0.0 0.0 0.0 0.0 0.0 0.0 0.0 0.0 0.0 0.0 0.0 0.0 0.0 0.0 0.0 0.0 0.0 0.0 0.0 0.0 0.0 0.0 0.0 0.0 0.0 0.0 0.0 0.0 0.0 0.0 0.0 0.0 0.0 0.0 0.0 0.0 0.0 0.0 0.0 0.0 0.0 0.0 0.0 0.0 0.0 0.0 0.0 0.0 0.0 0.0 0.0 0.0 0.0 0.0 0.0 0.0 0.01110134349 0.01176290784 0.01119458847 0.01180219767 0.22440716698 0.01035893216 0.01123648333 0.01105166158 0.01088666979 0.01094098643 0.01113524982
0.0 0.0 0.0 0.0 0.0 0.0 0.0 0.0 0.0 0.0 0.0 0.0 0.0 0.0 0.0 0.0 0.0 0.0 0.0 0.0 0.0 0.0 0.0 0.0 0.0 0.0 0.0 0.0 0.0 0.0 0.0 0.0 0.0 0.0 0.0 0.0 0.0 0.0 0.0 0.0 0.0 0.0 0.0 0.0 0.0 0.0 0.0 0.0 0.0 0.0 0.0 0.0 0.0 0.0 0.0 0.0 0.0 0.0 0.0 0.01155017663 0.009268909909 0.01088650976 0.009237829951 0.01035893216 0.0714441477414 0.01098674087 0.01161362518 0.01218508378 0.0118842867 0.01125994992
0.0 0.0 0.0 0.0 0.0 0.0 0.0 0.0 0.0 0.0 0.0 0.0 0.0 0.0 0.0 0.0 0.0 0.0 0.0 0.0 0.0 0.0 0.0 0.0 0.0 0.0 0.0 0.0 0.0 0.0 0.0 0.0 0.0 0.0 0.0 0.0 0.0 0.0 0.0 0.0 0.0 0.0 0.0 0.0 0.0 0.0 0.0 0.0 0.0 0.0 0.0 0.0 0.0 0.0 0.0 0.0 0.0 0.0 0.0 0.01118671873 0.01120664967 0.01119697552 0.01121199004 0.01123648333 0.01098674087 0.905374543479 0.01119049721 0.01114239737 0.01113944987 0.01120074233
0.0 0.0 0.0 0.0 0.0 0.0 0.0 0.0 0.0 0.0 0.0 0.0 0.0 0.0 0.0 0.0 0.0 0.0 0.0 0.0 0.0 0.0 0.0 0.0 0.0 0.0 0.0 0.0 0.0 0.0 0.0 0.0 0.0 0.0 0.0 0.0 0.0 0.0 0.0 0.0 0.0 0.0 0.0 0.0 0.0 0.0 0.0 0.0 0.0 0.0 0.0 0.0 0.0 0.0 0.0 0.0 0.0 0.0 0.0 0.01127272678 0.01077257658 0.01117375078 0.01075922904 0.01105166158 0.01161362518 0.01119049721 0.121586606394 0.01136565687 0.01131050974 0.01123378822
0.0 0.0 0.0 0.0 0.0 0.0 0.0 0.0 0.0 0.0 0.0 0.0 0.0 0.0 0.0 0.0 0.0 0.0 0.0 0.0 0.0 0.0 0.0 0.0 0.0 0.0 0.0 0.0 0.0 0.0 0.0 0.0 0.0 0.0 0.0 0.0 0.0 0.0 0.0 0.0 0.0 0.0 0.0 0.0 0.0 0.0 0.0 0.0 0.0 0.0 0.0 0.0 0.0 0.0 0.0 0.0 0.0 0.0 0.0 0.01133040863 0.01047123388 0.01116123713 0.01044550962 0.01088666979 0.01218508378 0.01114239737 0.01136565687 0.0851629941341 0.01149160697 0.01125067233
0.0 0.0 0.0 0.0 0.0 0.0 0.0 0.0 0.0 0.0 0.0 0.0 0.0 0.0 0.0 0.0 0.0 0.0 0.0 0.0 0.0 0.0 0.0 0.0 0.0 0.0 0.0 0.0 0.0 0.0 0.0 0.0 0.0 0.0 0.0 0.0 0.0 0.0 0.0 0.0 0.0 0.0 0.0 0.0 0.0 0.0 0.0 0.0 0.0 0.0 0.0 0.0 0.0 0.0 0.0 0.0 0.0 0.0 0.0 0.01127434696 0.01073021507 0.01125930504 0.01068913653 0.01094098643 0.0118842867 0.01113944987 0.01131050974 0.01149160697 0.106706318888 0.01124981248
0.0 0.0 0.0 0.0 0.0 0.0 0.0 0.0 0.0 0.0 0.0 0.0 0.0 0.0 0.0 0.0 0.0 0.0 0.0 0.0 0.0 0.0 0.0 0.0 0.0 0.0 0.0 0.0 0.0 0.0 0.0 0.0 0.0 0.0 0.0 0.0 0.0 0.0 0.0 0.0 0.0 0.0 0.0 0.0 0.0 0.0 0.0 0.0 0.0 0.0 0.0 0.0 0.0 0.0 0.0 0.0 0.0 0.0 0.0 0.01121365323 0.01106185195 0.01122340282 0.01104514918 0.01113524982 0.01125994992 0.01120074233 0.01123378822 0.01125067233 0.01124981248 0.120369258023
