85 85
0.782177423373 0.007437049358 0.007065915524 0.006925311987 0.007028981313 0.006925926617 0.006536623252 0.00668568889 0.006975806613 0.007145154401 0.007192907268 0.00728943076 0.006565250716 0.006966363231 0.006412321373 0.0069457588 0.007393224564 0.007460938388 0.007250007069 0.00716427181 0.00684782102 0.007028322962 0.0 0.0 0.0 0.0 0.0 0.0 0.0 0.0 0.0 0.0 0.0 0.0 0.0 0.0 0.0 0.0 0.0 0.0 0.0 0.0 0.0 0.0 0.0 0.0 0.0 0.0 0.0 0.0 0.0 0.0 0.0 0.0 0.0 0.0 0.0 0.0 0.0 0.0 0.0 0.0 0.0 0.0 0.0 0.0 0.0 0.0 0.0 0.0 0.0 0.0 0.0 0.0 0.0 0.0 0.0 0.0 0.0 0.0 0.0 0.0 0.0 0.0 0.0
0.007437049358 4.38118183017 0.007540881191 0.006858858889 0.007362258556 0.006951493235 0.005495053166 0.006285295582 0.007042299501 0.007707365568 0.007924276907 0.008173374784 0.00594697746 0.007045354158 0.005685364091 0.007231029256 0.00897891542 0.009202203714 0.008218987777 0.007872099321 0.006469878111 0.007233741953 0.0 0.0 0.0 0.0 0.0 0.0 0.0 0.0 0.0 0.0 0.0 0.0 0.0 0.0 0.0 0.0 0.0 0.0 0.0 0.0 0.0 0.0 0.0 0.0 0.0 0.0 0.0 0.0 0.0 0.0 0.0 0.0 0.0 0.0 0.0 0.0 0.0 0.0 0.0 0.0 0.0 0.0 0.0 0.0 0.0 0.0 0.0 0.0 0.0 0.0 0.0 0.0 0.0 0.0 0.0 0.0 0.0 0.0 0.0 0.0 0.0 0.0 0.0
0.007065915524 0.007540881191 0.280318259772 0.006879313303 0.007122304592 0.006925069296 0.006243104721 0.006700783714 0.006963045368 0.007205553157 0.007278044107 0.007311660264 0.006506779233 0.006956138419 0.006405592992 0.007128719726 0.007527045705 0.007598397221 0.007368053727 0.007281607137 0.00673719252 0.007020951846 0.0 0.0 0.0 0.0 0.0 0.0 0.0 0.0 0.0 0.0 0.0 0.0 0.0 0.0 0.0 0.0 0.0 0.0 0.0 0.0 0.0 0.0 0.0 0.0 0.0 0.0 0.0 0.0 0.0 0.0 0.0 0.0 0.0 0.0 0.0 0.0 0.0 0.0 0.0 0.0 0.0 0.0 0.0 0.0 0.0 0.0 0.0 0.0 0.0 0.0 0.0 0.0 0.0 0.0 0.0 0.0 0.0 0.0 0.0 0.0 0.0 0.0 0.0
0.006925311987 0.006858858889 0.006879313303 0.235768916401 0.006886700048 0.006894058743 0.006889319695 0.006877051859 0.006907065171 0.006895040681 0.006882051359 0.006892080775 0.006886383856 0.006910365439 0.006848902703 0.006853762514 0.006863929602 0.006839990924 0.006869858852 0.006875646005 0.006903325648 0.006906407661 0.0 0.0 0.0 0.0 0.0 0.0 0.0 0.0 0.0 0.0 0.0 0.0 0.0 0.0 0.0 0.0 0.0 0.0 0.0 0.0 0.0 0.0 0.0 0.0 0.0 0.0 0.0 0.0 0.0 0.0 0.0 0.0 0.0 0.0 0.0 0.0 0.0 0.0 0.0 0.0 0.0 0.0 0.0 0.0 0.0 0.0 0.0 0.0 0.0 0.0 0.0 0.0 0.0 0.0 0.0 0.0 0.0 0.0 0.0 0.0 0.0 0.0 0.0
0.007028981313 0.007362258556 0.007122304592 0.006886700048 0.416799909753 0.006917073328 0.006369292275 0.006747670578 0.006951780802 0.007131364874 0.007188232413 0.007206648384 0.006585182242 0.006945658621 0.006500885431 0.007084317097 0.00734929627 0.007407409517 0.007251669029 0.007194931708 0.006777459185 0.006991828874 0.0 0.0 0.0 0.0 0.0 0.0 0.0 0.0 0.0 0.0 0.0 0.0 0.0 0.0 0.0 0.0 0.0 0.0 0.0 0.0 0.0 0.0 0.0 0.0 0.0 0.0 0.0 0.0 0.0 0.0 0.0 0.0 0.0 0.0 0.0 0.0 0.0 0.0 0.0 0.0 0.0 0.0 0.0 0.0 0.0 0.0 0.0 0.0 0.0 0.0 0.0 0.0 0.0 0.0 0.0 0.0 0.0 0.0 0.0 0.0 0.0 0.0 0.0
0.006925926617 0.006951493235 0.006925069296 0.006894058743 0.006917073328 0.313446163325 0.006888735099 0.006915408508 0.006925608716 0.006933646622 0.006932641502 0.006948810411 0.006870434259 0.006919079967 0.00685480924 0.006941009079 0.006964501465 0.006965902834 0.006938091634 0.006918042905 0.006949910629 0.006948552072 0.0 0.0 0.0 0.0 0.0 0.0 0.0 0.0 0.0 0.0 0.0 0.0 0.0 0.0 0.0 0.0 0.0 0.0 0.0 0.0 0.0 0.0 0.0 0.0 0.0 0.0 0.0 0.0 0.0 0.0 0.0 0.0 0.0 0.0 0.0 0.0 0.0 0.0 0.0 0.0 0.0 0.0 0.0 0.0 0.0 0.0 0.0 0.0 0.0 0.0 0.0 0.0 0.0 0.0 0.0 0.0 0.0 0.0 0.0 0.0 0.0 0.0 0.0
0.006536623252 0.005495053166 0.006243104721 0.006889319695 0.006369292275 0.006888735099 0.193769925704 0.007385430606 0.006776977357 0.006188887034 0.006049853396 0.005985914971 0.007830358427 0.006757325101 0.008019189724 0.006434231097 0.005516491602 0.005425755493 0.005871933922 0.006034124041 0.007474575793 0.006674447 0.0 0.0 0.0 0.0 0.0 0.0 0.0 0.0 0.0 0.0 0.0 0.0 0.0 0.0 0.0 0.0 0.0 0.0 0.0 0.0 0.0 0.0 0.0 0.0 0.0 0.0 0.0 0.0 0.0 0.0 0.0 0.0 0.0 0.0 0.0 0.0 0.0 0.0 0.0 0.0 0.0 0.0 0.0 0.0 0.0 0.0 0.0 0.0 0.0 0.0 0.0 0.0 0.0 0.0 0.0 0.0 0.0 0.0 0.0 0.0 0.0 0.0 0.0
0.00668568889 0.006285295582 0.006700783714 0.006877051859 0.006747670578 0.006915408508 0.007385430606 0.309685562285 0.006847245795 0.006635162575 0.006574406951 0.006500050214 0.00723625105 0.006843664625 0.007361879675 0.006840864978 0.006308317209 0.006262458007 0.00649874554 0.006589570011 0.007070722059 0.006800210753 0.0 0.0 0.0 0.0 0.0 0.0 0.0 0.0 0.0 0.0 0.0 0.0 0.0 0.0 0.0 0.0 0.0 0.0 0.0 0.0 0.0 0.0 0.0 0.0 0.0 0.0 0.0 0.0 0.0 0.0 0.0 0.0 0.0 0.0 0.0 0.0 0.0 0.0 0.0 0.0 0.0 0.0 0.0 0.0 0.0 0.0 0.0 0.0 0.0 0.0 0.0 0.0 0.0 0.0 0.0 0.0 0.0 0.0 0.0 0.0 0.0 0.0 0.0
0.006975806613 0.007042299501 0.006963045368 0.006907065171 0.006951780802 0.006925608716 0.006776977357 0.006847245795 0.788095058207 0.006981527577 0.006992483277 0.007014939897 0.006779814784 0.006932763997 0.006721304842 0.006945486189 0.007046514578 0.007055878668 0.007005851414 0.006979416035 0.006906954578 0.006962910636 0.0 0.0 0.0 0.0 0.0 0.0 0.0 0.0 0.0 0.0 0.0 0.0 0.0 0.0 0.0 0.0 0.0 0.0 0.0 0.0 0.0 0.0 0.0 0.0 0.0 0.0 0.0 0.0 0.0 0.0 0.0 0.0 0.0 0.0 0.0 0.0 0.0 0.0 0.0 0.0 0.0 0.0 0.0 0.0 0.0 0.0 0.0 0.0 0.0 0.0 0.0 0.0 0.0 0.0 0.0 0.0 0.0 0.0 0.0 0.0 0.0 0.0 0.0
0.007145154401 0.007707365568 0.007205553157 0.006895040681 0.007131364874 0.006933646622 0.006188887034 0.006635162575 0.006981527577 2.06825287138 0.00734373306 0.007426413055 0.006443250614 0.006976304081 0.006300928063 0.007085251855 0.007695185818 0.007748936299 0.007449404456 0.007326949646 0.006719303968 0.007060362684 0.0 0.0 0.0 0.0 0.0 0.0 0.0 0.0 0.0 0.0 0.0 0.0 0.0 0.0 0.0 0.0 0.0 0.0 0.0 0.0 0.0 0.0 0.0 0.0 0.0 0.0 0.0 0.0 0.0 0.0 0.0 0.0 0.0 0.0 0.0 0.0 0.0 0.0 0.0 0.0 0.0 0.0 0.0 0.0 0.0 0.0 0.0 0.0 0.0 0.0 0.0 0.0 0.0 0.0 0.0 0.0 0.0 0.0 0.0 0.0 0.0 0.0 0.0
0.007192907268 0.007924276907 0.007278044107 0.006882051359 0.007188232413 0.006932641502 0.006049853396 0.006574406951 0.006992483277 0.00734373306 1.01120781749 0.007554351064 0.006338959557 0.006985968026 0.006178405164 0.007143846562 0.007890632858 0.008006449124 0.007597317437 0.007443206962 0.006679915187 0.007084573835 0.0 0.0 0.0 0.0 0.0 0.0 0.0 0.0 0.0 0.0 0.0 0.0 0.0 0.0 0.0 0.0 0.0 0.0 0.0 0.0 0.0 0.0 0.0 0.0 0.0 0.0 0.0 0.0 0.0 0.0 0.0 0.0 0.0 0.0 0.0 0.0 0.0 0.0 0.0 0.0 0.0 0.0 0.0 0.0 0.0 0.0 0.0 0.0 0.0 0.0 0.0 0.0 0.0 0.0 0.0 0.0 0.0 0.0 0.0 0.0 0.0 0.0 0.0
0.00728943076 0.008173374784 0.007311660264 0.006892080775 0.007206648384 0.006948810411 0.005985914971 0.006500050214 0.007014939897 0.007426413055 0.007554351064 0.251288994355 0.006254672753 0.007009522427 0.006050824684 0.007116957786 0.008130882429 0.008254830759 0.007720503331 0.007514121433 0.00666885024 0.007134984091 0.0 0.0 0.0 0.0 0.0 0.0 0.0 0.0 0.0 0.0 0.0 0.0 0.0 0.0 0.0 0.0 0.0 0.0 0.0 0.0 0.0 0.0 0.0 0.0 0.0 0.0 0.0 0.0 0.0 0.0 0.0 0.0 0.0 0.0 0.0 0.0 0.0 0.0 0.0 0.0 0.0 0.0 0.0 0.0 0.0 0.0 0.0 0.0 0.0 0.0 0.0 0.0 0.0 0.0 0.0 0.0 0.0 0.0 0.0 0.0 0.0 0.0 0.0
0.006565250716 0.00594697746 0.006506779233 0.006886383856 0.006585182242 0.006870434259 0.007830358427 0.00723625105 0.006779814784 0.006443250614 0.006338959557 0.006254672753 0.170495421461 0.006791126729 0.007736644082 0.006646332817 0.005992117573 0.005882377599 0.006220723048 0.006347964259 0.007107984646 0.006700994675 0.0 0.0 0.0 0.0 0.0 0.0 0.0 0.0 0.0 0.0 0.0 0.0 0.0 0.0 0.0 0.0 0.0 0.0 0.0 0.0 0.0 0.0 0.0 0.0 0.0 0.0 0.0 0.0 0.0 0.0 0.0 0.0 0.0 0.0 0.0 0.0 0.0 0.0 0.0 0.0 0.0 0.0 0.0 0.0 0.0 0.0 0.0 0.0 0.0 0.0 0.0 0.0 0.0 0.0 0.0 0.0 0.0 0.0 0.0 0.0 0.0 0.0 0.0
0.006966363231 0.007045354158 0.006956138419 0.006910365439 0.006945658621 0.006919079967 0.006757325101 0.006843664625 0.006932763997 0.006976304081 0.006985968026 0.007009522427 0.006791126729 0.256372636995 0.006734119848 0.006929049949 0.0070518449 0.007055209268 0.007000315244 0.006972115764 0.006888906693 0.00695644161 0.0 0.0 0.0 0.0 0.0 0.0 0.0 0.0 0.0 0.0 0.0 0.0 0.0 0.0 0.0 0.0 0.0 0.0 0.0 0.0 0.0 0.0 0.0 0.0 0.0 0.0 0.0 0.0 0.0 0.0 0.0 0.0 0.0 0.0 0.0 0.0 0.0 0.0 0.0 0.0 0.0 0.0 0.0 0.0 0.0 0.0 0.0 0.0 0.0 0.0 0.0 0.0 0.0 0.0 0.0 0.0 0.0 0.0 0.0 0.0 0.0 0.0 0.0
0.006412321373 0.005685364091 0.006405592992 0.006848902703 0.006500885431 0.00685480924 0.008019189724 0.007361879675 0.006721304842 0.006300928063 0.006178405164 0.006050824684 0.007736644082 0.006734119848 0.125569799401 0.006615688117 0.005740028726 0.005617706181 0.00603397839 0.006198665285 0.007116908507 0.006611477753 0.0 0.0 0.0 0.0 0.0 0.0 0.0 0.0 0.0 0.0 0.0 0.0 0.0 0.0 0.0 0.0 0.0 0.0 0.0 0.0 0.0 0.0 0.0 0.0 0.0 0.0 0.0 0.0 0.0 0.0 0.0 0.0 0.0 0.0 0.0 0.0 0.0 0.0 0.0 0.0 0.0 0.0 0.0 0.0 0.0 0.0 0.0 0.0 0.0 0.0 0.0 0.0 0.0 0.0 0.0 0.0 0.0 0.0 0.0 0.0 0.0 0.0 0.0
0.0069457588 0.007231029256 0.007128719726 0.006853762514 0.007084317097 0.006941009079 0.006434231097 0.006840864978 0.006945486189 0.007085251855 0.007143846562 0.007116957786 0.006646332817 0.006929049949 0.006615688117 0.296073059027 0.007232977219 0.007314110708 0.007202485341 0.007165689274 0.006823207795 0.00697820292 0.0 0.0 0.0 0.0 0.0 0.0 0.0 0.0 0.0 0.0 0.0 0.0 0.0 0.0 0.0 0.0 0.0 0.0 0.0 0.0 0.0 0.0 0.0 0.0 0.0 0.0 0.0 0.0 0.0 0.0 0.0 0.0 0.0 0.0 0.0 0.0 0.0 0.0 0.0 0.0 0.0 0.0 0.0 0.0 0.0 0.0 0.0 0.0 0.0 0.0 0.0 0.0 0.0 0.0 0.0 0.0 0.0 0.0 0.0 0.0 0.0 0.0 0.0
0.007393224564 0.00897891542 0.007527045705 0.006863929602 0.00734929627 0.006964501465 0.005516491602 0.006308317209 0.007046514578 0.007695185818 0.007890632858 0.008130882429 0.005992117573 0.0070518449 0.005740028726 0.007232977219 2.2330736853 0.009129965716 0.008180740134 0.007827252075 0.006470837327 0.007243665144 0.0 0.0 0.0 0.0 0.0 0.0 0.0 0.0 0.0 0.0 0.0 0.0 0.0 0.0 0.0 0.0 0.0 0.0 0.0 0.0 0.0 0.0 0.0 0.0 0.0 0.0 0.0 0.0 0.0 0.0 0.0 0.0 0.0 0.0 0.0 0.0 0.0 0.0 0.0 0.0 0.0 0.0 0.0 0.0 0.0 0.0 0.0 0.0 0.0 0.0 0.0 0.0 0.0 0.0 0.0 0.0 0.0 0.0 0.0 0.0 0.0 0.0 0.0
0.007460938388 0.009202203714 0.007598397221 0.006839990924 0.007407409517 0.006965902834 0.005425755493 0.006262458007 0.007055878668 0.007748936299 0.008006449124 0.008254830759 0.005882377599 0.007055209268 0.005617706181 0.007314110708 0.009129965716 1.26533748103 0.008328654613 0.007952948037 0.006467308096 0.007259725968 0.0 0.0 0.0 0.0 0.0 0.0 0.0 0.0 0.0 0.0 0.0 0.0 0.0 0.0 0.0 0.0 0.0 0.0 0.0 0.0 0.0 0.0 0.0 0.0 0.0 0.0 0.0 0.0 0.0 0.0 0.0 0.0 0.0 0.0 0.0 0.0 0.0 0.0 0.0 0.0 0.0 0.0 0.0 0.0 0.0 0.0 0.0 0.0 0.0 0.0 0.0 0.0 0.0 0.0 0.0 0.0 0.0 0.0 0.0 0.0 0.0 0.0 0.0
0.007250007069 0.008218987777 0.007368053727 0.006869858852 0.007251669029 0.006938091634 0.005871933922 0.00649874554 0.007005851414 0.007449404456 0.007597317437 0.007720503331 0.006220723048 0.007000315244 0.00603397839 0.007202485341 0.008180740134 0.008328654613 0.365830743879 0.007579621563 0.006618259955 0.00712287373 0.0 0.0 0.0 0.0 0.0 0.0 0.0 0.0 0.0 0.0 0.0 0.0 0.0 0.0 0.0 0.0 0.0 0.0 0.0 0.0 0.0 0.0 0.0 0.0 0.0 0.0 0.0 0.0 0.0 0.0 0.0 0.0 0.0 0.0 0.0 0.0 0.0 0.0 0.0 0.0 0.0 0.0 0.0 0.0 0.0 0.0 0.0 0.0 0.0 0.0 0.0 0.0 0.0 0.0 0.0 0.0 0.0 0.0 0.0 0.0 0.0 0.0 0.0
0.00716427181 0.007872099321 0.007281607137 0.006875646005 0.007194931708 0.006918042905 0.006034124041 0.006589570011 0.006979416035 0.007326949646 0.007443206962 0.007514121433 0.006347964259 0.006972115764 0.006198665285 0.007165689274 0.007827252075 0.007952948037 0.007579621563 0.307404572984 0.006667247306 0.007057747891 0.0 0.0 0.0 0.0 0.0 0.0 0.0 0.0 0.0 0.0 0.0 0.0 0.0 0.0 0.0 0.0 0.0 0.0 0.0 0.0 0.0 0.0 0.0 0.0 0.0 0.0 0.0 0.0 0.0 0.0 0.0 0.0 0.0 0.0 0.0 0.0 0.0 0.0 0.0 0.0 0.0 0.0 0.0 0.0 0.0 0.0 0.0 0.0 0.0 0.0 0.0 0.0 0.0 0.0 0.0 0.0 0.0 0.0 0.0 0.0 0.0 0.0 0.0
0.00684782102 0.006469878111 0.00673719252 0.006903325648 0.006777459185 0.006949910629 0.007474575793 0.007070722059 0.006906954578 0.006719303968 0.006679915187 0.00666885024 0.007107984646 0.006888906693 0.007116908507 0.006823207795 0.006470837327 0.006467308096 0.006618259955 0.006667247306 0.152814065482 0.006891694408 0.0 0.0 0.0 0.0 0.0 0.0 0.0 0.0 0.0 0.0 0.0 0.0 0.0 0.0 0.0 0.0 0.0 0.0 0.0 0.0 0.0 0.0 0.0 0.0 0.0 0.0 0.0 0.0 0.0 0.0 0.0 0.0 0.0 0.0 0.0 0.0 0.0 0.0 0.0 0.0 0.0 0.0 0.0 0.0 0.0 0.0 0.0 0.0 0.0 0.0 0.0 0.0 0.0 0.0 0.0 0.0 0.0 0.0 0.0 0.0 0.0 0.0 0.0
0.007028322962 0.007233741953 0.007020951846 0.006906407661 0.006991828874 0.006948552072 0.006674447 0.006800210753 0.006962910636 0.007060362684 0.007084573835 0.007134984091 0.006700994675 0.00695644161 0.006611477753 0.00697820292 0.007243665144 0.007259725968 0.00712287373 0.007057747891 0.006891694408 0.209620860264 0.0 0.0 0.0 0.0 0.0 0.0 0.0 0.0 0.0 0.0 0.0 0.0 0.0 0.0 0.0 0.0 0.0 0.0 0.0 0.0 0.0 0.0 0.0 0.0 0.0 0.0 0.0 0.0 0.0 0.0 0.0 0.0 0.0 0.0 0.0 0.0 0.0 0.0 0.0 0.0 0.0 0.0 0.0 0.0 0.0 0.0 0.0 0.0 0.0 0.0 0.0 0.0 0.0 0.0 0.0 0.0 0.0 0.0 0.0 0.0 0.0 0.0 0.0
0.0 0.0 0.0 0.0 0.0 0.0 0.0 0.0 0.0 0.0 0.0 0.0 0.0 0.0 0.0 0.0 0.0 0.0 0.0 0.0 0.0 0.0 1.08403700729 0.007800820964 0.006420934447 0.006581219016 0.00651327102 0.005751431589 0.006577564399 0.005754977346 0.005783511526 0.006432745637 0.006118945345 0.006432963935 0.007226624987 0.006733712561 0.006519012285 0.006401247002 0.00735108966 0.007850793603 0.006183225026 0.006278885011 0.006471017504 0.006662254878 0.0 0.0 0.0 0.0 0.0 0.0 0.0 0.0 0.0 0.0 0.0 0.0 0.0 0.0 0.0 0.0 0.0 0.0 0.0 0.0 0.0 0.0 0.0 0.0 0.0 0.0 0.0 0.0 0.0 0.0 0.0 0.0 0.0 0.0 0.0 0.0 0.0 0.0 0.0 0.0 0.0
0.0 0.0 0.0 0.0 0.0 0.0 0.0 0.0 0.0 0.0 0.0 0.0 0.0 0.0 0.0 0.0 0.0 0.0 0.0 0.0 0.0 0.0 0.007800820964 35.1872305167 0.006314034679 0.006498224063 0.006440058162 0.00549624369 0.006491034733 0.005479033871 0.005509070876 0.00635497726 0.005940737184 0.006329374574 0.007372104031 0.006714783436 0.006443838389 0.006281472291 0.00747572381 0.008176914126 0.00600686897 0.006146416065 0.006355892641 0.00659480893 0.0 0.0 0.0 0.0 0.0 0.0 0.0 0.0 0.0 0.0 0.0 0.0 0.0 0.0 0.0 0.0 0.0 0.0 0.0 0.0 0.0 0.0 0.0 0.0 0.0 0.0 0.0 0.0 0.0 0.0 0.0 0.0 0.0 0.0 0.0 0.0 0.0 0.0 0.0 0.0 0.0
0.0 0.0 0.0 0.0 0.0 0.0 0.0 0.0 0.0 0.0 0.0 0.0 0.0 0.0 0.0 0.0 0.0 0.0 0.0 0.0 0.0 0.0 0.006420934447 0.006314034679 0.546806602288 0.006863795266 0.006883143419 0.007213854702 0.006882306597 0.007199209634 0.00721117632 0.006908461058 0.007083783111 0.006930225482 0.006575164651 0.006791990074 0.006899898871 0.006980087925 0.006504629362 0.006315362008 0.00707285944 0.006963112024 0.006928661713 0.006848400767 0.0 0.0 0.0 0.0 0.0 0.0 0.0 0.0 0.0 0.0 0.0 0.0 0.0 0.0 0.0 0.0 0.0 0.0 0.0 0.0 0.0 0.0 0.0 0.0 0.0 0.0 0.0 0.0 0.0 0.0 0.0 0.0 0.0 0.0 0.0 0.0 0.0 0.0 0.0 0.0 0.0
0.0 0.0 0.0 0.0 0.0 0.0 0.0 0.0 0.0 0.0 0.0 0.0 0.0 0.0 0.0 0.0 0.0 0.0 0.0 0.0 0.0 0.0 0.006581219016 0.006498224063 0.006863795266 0.323501276894 0.006838438619 0.007016578744 0.006884014236 0.007018307296 0.007037051386 0.006853302571 0.006947922462 0.006879688823 0.006662379444 0.006804580641 0.006850573501 0.006882776348 0.006636156513 0.006534360506 0.006923628609 0.006944618111 0.006874328974 0.006833255298 0.0 0.0 0.0 0.0 0.0 0.0 0.0 0.0 0.0 0.0 0.0 0.0 0.0 0.0 0.0 0.0 0.0 0.0 0.0 0.0 0.0 0.0 0.0 0.0 0.0 0.0 0.0 0.0 0.0 0.0 0.0 0.0 0.0 0.0 0.0 0.0 0.0 0.0 0.0 0.0 0.0
0.0 0.0 0.0 0.0 0.0 0.0 0.0 0.0 0.0 0.0 0.0 0.0 0.0 0.0 0.0 0.0 0.0 0.0 0.0 0.0 0.0 0.0 0.00651327102 0.006440058162 0.006883143419 0.006838438619 0.533479320541 0.007155826674 0.006856142689 0.007126767642 0.007154000503 0.006873900433 0.007008437283 0.006893130982 0.00662288543 0.00678333206 0.006860631391 0.00689657646 0.006582359562 0.006438147511 0.006983423642 0.006952766836 0.006871146881 0.006810995875 0.0 0.0 0.0 0.0 0.0 0.0 0.0 0.0 0.0 0.0 0.0 0.0 0.0 0.0 0.0 0.0 0.0 0.0 0.0 0.0 0.0 0.0 0.0 0.0 0.0 0.0 0.0 0.0 0.0 0.0 0.0 0.0 0.0 0.0 0.0 0.0 0.0 0.0 0.0 0.0 0.0
0.0 0.0 0.0 0.0 0.0 0.0 0.0 0.0 0.0 0.0 0.0 0.0 0.0 0.0 0.0 0.0 0.0 0.0 0.0 0.0 0.0 0.0 0.005751431589 0.00549624369 0.007213854702 0.007016578744 0.007155826674 0.391713212449 0.007170167665 0.008549487002 0.008926828611 0.007101158239 0.007911983844 0.007293592927 0.00614667911 0.006767594959 0.007196729978 0.007286197576 0.005961748197 0.005511832359 0.007827389675 0.007641513042 0.007109297707 0.006875959287 0.0 0.0 0.0 0.0 0.0 0.0 0.0 0.0 0.0 0.0 0.0 0.0 0.0 0.0 0.0 0.0 0.0 0.0 0.0 0.0 0.0 0.0 0.0 0.0 0.0 0.0 0.0 0.0 0.0 0.0 0.0 0.0 0.0 0.0 0.0 0.0 0.0 0.0 0.0 0.0 0.0
0.0 0.0 0.0 0.0 0.0 0.0 0.0 0.0 0.0 0.0 0.0 0.0 0.0 0.0 0.0 0.0 0.0 0.0 0.0 0.0 0.0 0.0 0.006577564399 0.006491034733 0.006882306597 0.006884014236 0.006856142689 0.007170167665 0.602818078951 0.007090867022 0.007216172055 0.006831636794 0.007025319045 0.006927867581 0.006648596907 0.006826348766 0.006893438913 0.006926705859 0.006628258488 0.006561041404 0.006996284719 0.007048253303 0.006909860092 0.006875181375 0.0 0.0 0.0 0.0 0.0 0.0 0.0 0.0 0.0 0.0 0.0 0.0 0.0 0.0 0.0 0.0 0.0 0.0 0.0 0.0 0.0 0.0 0.0 0.0 0.0 0.0 0.0 0.0 0.0 0.0 0.0 0.0 0.0 0.0 0.0 0.0 0.0 0.0 0.0 0.0 0.0
0.0 0.0 0.0 0.0 0.0 0.0 0.0 0.0 0.0 0.0 0.0 0.0 0.0 0.0 0.0 0.0 0.0 0.0 0.0 0.0 0.0 0.0 0.005754977346 0.005479033871 0.007199209634 0.007018307296 0.007126767642 0.008549487002 0.007090867022 1.62008026939 0.008505768342 0.007187408951 0.007797204384 0.007283511143 0.006170340501 0.006779367913 0.007144739638 0.007241496581 0.005974824124 0.005476572257 0.007631313801 0.007606641533 0.007135786002 0.006868812641 0.0 0.0 0.0 0.0 0.0 0.0 0.0 0.0 0.0 0.0 0.0 0.0 0.0 0.0 0.0 0.0 0.0 0.0 0.0 0.0 0.0 0.0 0.0 0.0 0.0 0.0 0.0 0.0 0.0 0.0 0.0 0.0 0.0 0.0 0.0 0.0 0.0 0.0 0.0 0.0 0.0
0.0 0.0 0.0 0.0 0.0 0.0 0.0 0.0 0.0 0.0 0.0 0.0 0.0 0.0 0.0 0.0 0.0 0.0 0.0 0.0 0.0 0.0 0.005783511526 0.005509070876 0.00721117632 0.007037051386 0.007154000503 0.008926828611 0.007216172055 0.008505768342 0.297965637839 0.007095397494 0.00792005705 0.007315962389 0.006171526182 0.006789439169 0.00720214478 0.007300371032 0.005989321105 0.005556791185 0.007818266918 0.007658500604 0.007129295849 0.006908205717 0.0 0.0 0.0 0.0 0.0 0.0 0.0 0.0 0.0 0.0 0.0 0.0 0.0 0.0 0.0 0.0 0.0 0.0 0.0 0.0 0.0 0.0 0.0 0.0 0.0 0.0 0.0 0.0 0.0 0.0 0.0 0.0 0.0 0.0 0.0 0.0 0.0 0.0 0.0 0.0 0.0
0.0 0.0 0.0 0.0 0.0 0.0 0.0 0.0 0.0 0.0 0.0 0.0 0.0 0.0 0.0 0.0 0.0 0.0 0.0 0.0 0.0 0.0 0.006432745637 0.00635497726 0.006908461058 0.006853302571 0.006873900433 0.007101158239 0.006831636794 0.007187408951 0.007095397494 0.623851548111 0.007010671075 0.006910450899 0.006585537588 0.006787355415 0.006861554573 0.006910667228 0.006528982046 0.006314282774 0.006966445565 0.006987951946 0.006905223608 0.006813938071 0.0 0.0 0.0 0.0 0.0 0.0 0.0 0.0 0.0 0.0 0.0 0.0 0.0 0.0 0.0 0.0 0.0 0.0 0.0 0.0 0.0 0.0 0.0 0.0 0.0 0.0 0.0 0.0 0.0 0.0 0.0 0.0 0.0 0.0 0.0 0.0 0.0 0.0 0.0 0.0 0.0
0.0 0.0 0.0 0.0 0.0 0.0 0.0 0.0 0.0 0.0 0.0 0.0 0.0 0.0 0.0 0.0 0.0 0.0 0.0 0.0 0.0 0.0 0.006118945345 0.005940737184 0.007083783111 0.006947922462 0.007008437283 0.007911983844 0.007025319045 0.007797204384 0.00792005705 0.007010671075 0.541628433234 0.007112424056 0.00638693 0.006798028645 0.007041192452 0.007125723708 0.006268559792 0.005955525252 0.007398212969 0.00726996456 0.007019206306 0.006880351317 0.0 0.0 0.0 0.0 0.0 0.0 0.0 0.0 0.0 0.0 0.0 0.0 0.0 0.0 0.0 0.0 0.0 0.0 0.0 0.0 0.0 0.0 0.0 0.0 0.0 0.0 0.0 0.0 0.0 0.0 0.0 0.0 0.0 0.0 0.0 0.0 0.0 0.0 0.0 0.0 0.0
0.0 0.0 0.0 0.0 0.0 0.0 0.0 0.0 0.0 0.0 0.0 0.0 0.0 0.0 0.0 0.0 0.0 0.0 0.0 0.0 0.0 0.0 0.006432963935 0.006329374574 0.006930225482 0.006879688823 0.006893130982 0.007293592927 0.006927867581 0.007283511143 0.007315962389 0.006910450899 0.007112424056 0.446222557119 0.006574894304 0.006800088095 0.006906767005 0.006958010315 0.006517251696 0.006345027512 0.007064606561 0.007056760414 0.006929495791 0.006844906014 0.0 0.0 0.0 0.0 0.0 0.0 0.0 0.0 0.0 0.0 0.0 0.0 0.0 0.0 0.0 0.0 0.0 0.0 0.0 0.0 0.0 0.0 0.0 0.0 0.0 0.0 0.0 0.0 0.0 0.0 0.0 0.0 0.0 0.0 0.0 0.0 0.0 0.0 0.0 0.0 0.0
0.0 0.0 0.0 0.0 0.0 0.0 0.0 0.0 0.0 0.0 0.0 0.0 0.0 0.0 0.0 0.0 0.0 0.0 0.0 0.0 0.0 0.0 0.007226624987 0.007372104031 0.006575164651 0.006662379444 0.00662288543 0.00614667911 0.006648596907 0.006170340501 0.006171526182 0.006585537588 0.00638693 0.006574894304 0.558751265025 0.006751347205 0.006622089617 0.00656293162 0.00709803762 0.007372246133 0.006425340918 0.006477700944 0.006605489534 0.006711924039 0.0 0.0 0.0 0.0 0.0 0.0 0.0 0.0 0.0 0.0 0.0 0.0 0.0 0.0 0.0 0.0 0.0 0.0 0.0 0.0 0.0 0.0 0.0 0.0 0.0 0.0 0.0 0.0 0.0 0.0 0.0 0.0 0.0 0.0 0.0 0.0 0.0 0.0 0.0 0.0 0.0
0.0 0.0 0.0 0.0 0.0 0.0 0.0 0.0 0.0 0.0 0.0 0.0 0.0 0.0 0.0 0.0 0.0 0.0 0.0 0.0 0.0 0.0 0.006733712561 0.006714783436 0.006791990074 0.006804580641 0.00678333206 0.006767594959 0.006826348766 0.006779367913 0.006789439169 0.006787355415 0.006798028645 0.006800088095 0.006751347205 0.467418932508 0.00679349772 0.006799196016 0.006760100057 0.006733614971 0.006788795567 0.006822418352 0.006803691115 0.006810439365 0.0 0.0 0.0 0.0 0.0 0.0 0.0 0.0 0.0 0.0 0.0 0.0 0.0 0.0 0.0 0.0 0.0 0.0 0.0 0.0 0.0 0.0 0.0 0.0 0.0 0.0 0.0 0.0 0.0 0.0 0.0 0.0 0.0 0.0 0.0 0.0 0.0 0.0 0.0 0.0 0.0
0.0 0.0 0.0 0.0 0.0 0.0 0.0 0.0 0.0 0.0 0.0 0.0 0.0 0.0 0.0 0.0 0.0 0.0 0.0 0.0 0.0 0.0 0.006519012285 0.006443838389 0.006899898871 0.006850573501 0.006860631391 0.007196729978 0.006893438913 0.007144739638 0.00720214478 0.006861554573 0.007041192452 0.006906767005 0.006622089617 0.00679349772 0.300116305308 0.006922064333 0.006580431217 0.006462963889 0.007019079682 0.006975296175 0.006879151296 0.006830152173 0.0 0.0 0.0 0.0 0.0 0.0 0.0 0.0 0.0 0.0 0.0 0.0 0.0 0.0 0.0 0.0 0.0 0.0 0.0 0.0 0.0 0.0 0.0 0.0 0.0 0.0 0.0 0.0 0.0 0.0 0.0 0.0 0.0 0.0 0.0 0.0 0.0 0.0 0.0 0.0 0.0
0.0 0.0 0.0 0.0 0.0 0.0 0.0 0.0 0.0 0.0 0.0 0.0 0.0 0.0 0.0 0.0 0.0 0.0 0.0 0.0 0.0 0.0 0.006401247002 0.006281472291 0.006980087925 0.006882776348 0.00689657646 0.007286197576 0.006926705859 0.007241496581 0.007300371032 0.006910667228 0.007125723708 0.006958010315 0.00656293162 0.006799196016 0.006922064333 0.43002652806 0.00648207759 0.006296633006 0.00712608314 0.006993166495 0.006963688305 0.006872212718 0.0 0.0 0.0 0.0 0.0 0.0 0.0 0.0 0.0 0.0 0.0 0.0 0.0 0.0 0.0 0.0 0.0 0.0 0.0 0.0 0.0 0.0 0.0 0.0 0.0 0.0 0.0 0.0 0.0 0.0 0.0 0.0 0.0 0.0 0.0 0.0 0.0 0.0 0.0 0.0 0.0
0.0 0.0 0.0 0.0 0.0 0.0 0.0 0.0 0.0 0.0 0.0 0.0 0.0 0.0 0.0 0.0 0.0 0.0 0.0 0.0 0.0 0.0 0.00735108966 0.00747572381 0.006504629362 0.006636156513 0.006582359562 0.005961748197 0.006628258488 0.005974824124 0.005989321105 0.006528982046 0.006268559792 0.006517251696 0.00709803762 0.006760100057 0.006580431217 0.00648207759 0.818498779088 0.007531542171 0.006312148946 0.006405129152 0.006539212226 0.006693213938 0.0 0.0 0.0 0.0 0.0 0.0 0.0 0.0 0.0 0.0 0.0 0.0 0.0 0.0 0.0 0.0 0.0 0.0 0.0 0.0 0.0 0.0 0.0 0.0 0.0 0.0 0.0 0.0 0.0 0.0 0.0 0.0 0.0 0.0 0.0 0.0 0.0 0.0 0.0 0.0 0.0
0.0 0.0 0.0 0.0 0.0 0.0 0.0 0.0 0.0 0.0 0.0 0.0 0.0 0.0 0.0 0.0 0.0 0.0 0.0 0.0 0.0 0.0 0.007850793603 0.008176914126 0.006315362008 0.006534360506 0.006438147511 0.005511832359 0.006561041404 0.005476572257 0.005556791185 0.006314282774 0.005955525252 0.006345027512 0.007372246133 0.006733614971 0.006462963889 0.006296633006 0.007531542171 1.00628063326 0.006037211622 0.006165877042 0.006375427627 0.006643118747 0.0 0.0 0.0 0.0 0.0 0.0 0.0 0.0 0.0 0.0 0.0 0.0 0.0 0.0 0.0 0.0 0.0 0.0 0.0 0.0 0.0 0.0 0.0 0.0 0.0 0.0 0.0 0.0 0.0 0.0 0.0 0.0 0.0 0.0 0.0 0.0 0.0 0.0 0.0 0.0 0.0
0.0 0.0 0.0 0.0 0.0 0.0 0.0 0.0 0.0 0.0 0.0 0.0 0.0 0.0 0.0 0.0 0.0 0.0 0.0 0.0 0.0 0.0 0.006183225026 0.00600686897 0.00707285944 0.006923628609 0.006983423642 0.007827389675 0.006996284719 0.007631313801 0.007818266918 0.006966445565 0.007398212969 0.007064606561 0.006425340918 0.006788795567 0.007019079682 0.00712608314 0.006312148946 0.006037211622 0.387061450051 0.007161328572 0.007007086232 0.006879417436 0.0 0.0 0.0 0.0 0.0 0.0 0.0 0.0 0.0 0.0 0.0 0.0 0.0 0.0 0.0 0.0 0.0 0.0 0.0 0.0 0.0 0.0 0.0 0.0 0.0 0.0 0.0 0.0 0.0 0.0 0.0 0.0 0.0 0.0 0.0 0.0 0.0 0.0 0.0 0.0 0.0
0.0 0.0 0.0 0.0 0.0 0.0 0.0 0.0 0.0 0.0 0.0 0.0 0.0 0.0 0.0 0.0 0.0 0.0 0.0 0.0 0.0 0.0 0.006278885011 0.006146416065 0.006963112024 0.006944618111 0.006952766836 0.007641513042 0.007048253303 0.007606641533 0.007658500604 0.006987951946 0.00726996456 0.007056760414 0.006477700944 0.006822418352 0.006975296175 0.006993166495 0.006405129152 0.006165877042 0.007161328572 0.494129166658 0.006982549714 0.00686307628 0.0 0.0 0.0 0.0 0.0 0.0 0.0 0.0 0.0 0.0 0.0 0.0 0.0 0.0 0.0 0.0 0.0 0.0 0.0 0.0 0.0 0.0 0.0 0.0 0.0 0.0 0.0 0.0 0.0 0.0 0.0 0.0 0.0 0.0 0.0 0.0 0.0 0.0 0.0 0.0 0.0
0.0 0.0 0.0 0.0 0.0 0.0 0.0 0.0 0.0 0.0 0.0 0.0 0.0 0.0 0.0 0.0 0.0 0.0 0.0 0.0 0.0 0.0 0.006471017504 0.006355892641 0.006928661713 0.006874328974 0.006871146881 0.007109297707 0.006909860092 0.007135786002 0.007129295849 0.006905223608 0.007019206306 0.006929495791 0.006605489534 0.006803691115 0.006879151296 0.006963688305 0.006539212226 0.006375427627 0.007007086232 0.006982549714 0.230170744534 0.006861695 0.0 0.0 0.0 0.0 0.0 0.0 0.0 0.0 0.0 0.0 0.0 0.0 0.0 0.0 0.0 0.0 0.0 0.0 0.0 0.0 0.0 0.0 0.0 0.0 0.0 0.0 0.0 0.0 0.0 0.0 0.0 0.0 0.0 0.0 0.0 0.0 0.0 0.0 0.0 0.0 0.0
0.0 0.0 0.0 0.0 0.0 0.0 0.0 0.0 0.0 0.0 0.0 0.0 0.0 0.0 0.0 0.0 0.0 0.0 0.0 0.0 0.0 0.0 0.006662254878 0.00659480893 0.006848400767 0.006833255298 0.006810995875 0.006875959287 0.006875181375 0.006868812641 0.006908205717 0.006813938071 0.006880351317 0.006844906014 0.006711924039 0.006810439365 0.006830152173 0.006872212718 0.006693213938 0.006643118747 0.006879417436 0.00686307628 0.006861695 0.5863824731 0.0 0.0 0.0 0.0 0.0 0.0 0.0 0.0 0.0 0.0 0.0 0.0 0.0 0.0 0.0 0.0 0.0 0.0 0.0 0.0 0.0 0.0 0.0 0.0 0.0 0.0 0.0 0.0 0.0 0.0 0.0 0.0 0.0 0.0 0.0 0.0 0.0 0.0 0.0 0.0 0.0
0.0 0.0 0.0 0.0 0.0 0.0 0.0 0.0 0.0 0.0 0.0 0.0 0.0 0.0 0.0 0.0 0.0 0.0 0.0 0.0 0.0 0.0 0.0 0.0 0.0 0.0 0.0 0.0 0.0 0.0 0.0 0.0 0.0 0.0 0.0 0.0 0.0 0.0 0.0 0.0 0.0 0.0 0.0 0.0 0.812398718027 0.003807346514 0.003801398497 0.003825486129 0.003603257349 0.003780706301 0.003883195642 0.003573899091 0.003675079347 0.00376093789 0.003783333777 0.003871071265 0.00353814706 0.0037822075 0.003759881979 0.003600636566 0.003740482358 0.003694709562 0.003597254055 0.003993611129 0.003861992762 0.003833128342 0.003724513178 0.003623297279 0.003708277347 0.0 0.0 0.0 0.0 0.0 0.0 0.0 0.0 0.0 0.0 0.0 0.0 0.0 0.0 0.0 0.0
0.0 0.0 0.0 0.0 0.0 0.0 0.0 0.0 0.0 0.0 0.0 0.0 0.0 0.0 0.0 0.0 0.0 0.0 0.0 0.0 0.0 0.0 0.0 0.0 0.0 0.0 0.0 0.0 0.0 0.0 0.0 0.0 0.0 0.0 0.0 0.0 0.0 0.0 0.0 0.0 0.0 0.0 0.0 0.0 0.003807346514 0.308740957392 0.003780231736 0.003800444008 0.003705865222 0.003789765629 0.003832083814 0.003709941837 0.003737057024 0.003759562541 0.003787993321 0.0038277084 0.003662472481 0.003782068229 0.003785774067 0.003731881432 0.003785700505 0.003753803968 0.00369588692 0.003871066043 0.003825581376 0.003807175473 0.003741610944 0.00370371559 0.003751592926 0.0 0.0 0.0 0.0 0.0 0.0 0.0 0.0 0.0 0.0 0.0 0.0 0.0 0.0 0.0 0.0
0.0 0.0 0.0 0.0 0.0 0.0 0.0 0.0 0.0 0.0 0.0 0.0 0.0 0.0 0.0 0.0 0.0 0.0 0.0 0.0 0.0 0.0 0.0 0.0 0.0 0.0 0.0 0.0 0.0 0.0 0.0 0.0 0.0 0.0 0.0 0.0 0.0 0.0 0.0 0.0 0.0 0.0 0.0 0.0 0.003801398497 0.003780231736 0.177693578082 0.003795390679 0.003724918499 0.003757534521 0.003788324144 0.003695033422 0.003738429047 0.00378591118 0.003782485598 0.003789699087 0.003701365798 0.003774766268 0.003766307612 0.003693409639 0.00375741276 0.003742387764 0.00372819039 0.00379035723 0.003788899578 0.003790801208 0.003762962622 0.003729876969 0.003749700381 0.0 0.0 0.0 0.0 0.0 0.0 0.0 0.0 0.0 0.0 0.0 0.0 0.0 0.0 0.0 0.0
0.0 0.0 0.0 0.0 0.0 0.0 0.0 0.0 0.0 0.0 0.0 0.0 0.0 0.0 0.0 0.0 0.0 0.0 0.0 0.0 0.0 0.0 0.0 0.0 0.0 0.0 0.0 0.0 0.0 0.0 0.0 0.0 0.0 0.0 0.0 0.0 0.0 0.0 0.0 0.0 0.0 0.0 0.0 0.0 0.003825486129 0.003800444008 0.003795390679 0.263766400769 0.00367766847 0.003774860849 0.003835595495 0.003654875034 0.003716909992 0.003769649474 0.003786718354 0.003828632647 0.00363041426 0.003782410656 0.003773702558 0.003672313119 0.003760296274 0.003730952134 0.003671920778 0.00388221649 0.003826364674 0.003812206277 0.003744787611 0.003681870734 0.003738226567 0.0 0.0 0.0 0.0 0.0 0.0 0.0 0.0 0.0 0.0 0.0 0.0 0.0 0.0 0.0 0.0
0.0 0.0 0.0 0.0 0.0 0.0 0.0 0.0 0.0 0.0 0.0 0.0 0.0 0.0 0.0 0.0 0.0 0.0 0.0 0.0 0.0 0.0 0.0 0.0 0.0 0.0 0.0 0.0 0.0 0.0 0.0 0.0 0.0 0.0 0.0 0.0 0.0 0.0 0.0 0.0 0.0 0.0 0.0 0.0 0.003603257349 0.003705865222 0.003724918499 0.00367766847 0.667854881967 0.003754070985 0.003544407404 0.004192776015 0.003970485753 0.003802778687 0.003755555358 0.003581338298 0.004262126014 0.003741036558 0.003785990682 0.004097093817 0.003821834142 0.00390878104 0.004129260287 0.003312972633 0.003602357909 0.003664016828 0.0038323332 0.00404251507 0.003866632965 0.0 0.0 0.0 0.0 0.0 0.0 0.0 0.0 0.0 0.0 0.0 0.0 0.0 0.0 0.0 0.0
0.0 0.0 0.0 0.0 0.0 0.0 0.0 0.0 0.0 0.0 0.0 0.0 0.0 0.0 0.0 0.0 0.0 0.0 0.0 0.0 0.0 0.0 0.0 0.0 0.0 0.0 0.0 0.0 0.0 0.0 0.0 0.0 0.0 0.0 0.0 0.0 0.0 0.0 0.0 0.0 0.0 0.0 0.0 0.0 0.003780706301 0.003789765629 0.003757534521 0.003774860849 0.003754070985 0.311003953423 0.003858294183 0.003806749043 0.003807370829 0.003761237724 0.00377948278 0.003816643767 0.003740922689 0.003800397156 0.003796349898 0.003808909408 0.003799835717 0.003795915641 0.003738148361 0.003865582464 0.003811334658 0.003782827257 0.003818765212 0.003770446921 0.00380859081 0.0 0.0 0.0 0.0 0.0 0.0 0.0 0.0 0.0 0.0 0.0 0.0 0.0 0.0 0.0 0.0
0.0 0.0 0.0 0.0 0.0 0.0 0.0 0.0 0.0 0.0 0.0 0.0 0.0 0.0 0.0 0.0 0.0 0.0 0.0 0.0 0.0 0.0 0.0 0.0 0.0 0.0 0.0 0.0 0.0 0.0 0.0 0.0 0.0 0.0 0.0 0.0 0.0 0.0 0.0 0.0 0.0 0.0 0.0 0.0 0.003883195642 0.003832083814 0.003788324144 0.003835595495 0.003544407404 0.003858294183 0.290470108387 0.003544651251 0.003680879208 0.003740216921 0.003790392248 0.003931115146 0.00346126824 0.003813671644 0.003783382442 0.003597670994 0.003761807302 0.003704610233 0.003535102692 0.004134055623 0.003915405309 0.003850707345 0.003762640267 0.003585761932 0.003735611669 0.0 0.0 0.0 0.0 0.0 0.0 0.0 0.0 0.0 0.0 0.0 0.0 0.0 0.0 0.0 0.0
0.0 0.0 0.0 0.0 0.0 0.0 0.0 0.0 0.0 0.0 0.0 0.0 0.0 0.0 0.0 0.0 0.0 0.0 0.0 0.0 0.0 0.0 0.0 0.0 0.0 0.0 0.0 0.0 0.0 0.0 0.0 0.0 0.0 0.0 0.0 0.0 0.0 0.0 0.0 0.0 0.0 0.0 0.0 0.0 0.003573899091 0.003709941837 0.003695033422 0.003654875034 0.004192776015 0.003806749043 0.003544651251 0.181896335022 0.00401768717 0.003788335681 0.00375124362 0.003579435235 0.004342265662 0.003741831815 0.003814305015 0.004315667544 0.003880088045 0.003967459183 0.00416621781 0.003254523119 0.003597431215 0.003652532406 0.003845864085 0.004137591979 0.003908513159 0.0 0.0 0.0 0.0 0.0 0.0 0.0 0.0 0.0 0.0 0.0 0.0 0.0 0.0 0.0 0.0
0.0 0.0 0.0 0.0 0.0 0.0 0.0 0.0 0.0 0.0 0.0 0.0 0.0 0.0 0.0 0.0 0.0 0.0 0.0 0.0 0.0 0.0 0.0 0.0 0.0 0.0 0.0 0.0 0.0 0.0 0.0 0.0 0.0 0.0 0.0 0.0 0.0 0.0 0.0 0.0 0.0 0.0 0.0 0.0 0.003675079347 0.003737057024 0.003738429047 0.003716909992 0.003970485753 0.003807370829 0.003680879208 0.00401768717 0.296504218735 0.003791314407 0.00376510169 0.003677160984 0.004021314217 0.003783644648 0.003800017716 0.00398260533 0.003816420209 0.003879142384 0.003948467079 0.003552861646 0.003687458485 0.003711490208 0.003855361756 0.003939407972 0.0038685898 0.0 0.0 0.0 0.0 0.0 0.0 0.0 0.0 0.0 0.0 0.0 0.0 0.0 0.0 0.0 0.0
0.0 0.0 0.0 0.0 0.0 0.0 0.0 0.0 0.0 0.0 0.0 0.0 0.0 0.0 0.0 0.0 0.0 0.0 0.0 0.0 0.0 0.0 0.0 0.0 0.0 0.0 0.0 0.0 0.0 0.0 0.0 0.0 0.0 0.0 0.0 0.0 0.0 0.0 0.0 0.0 0.0 0.0 0.0 0.0 0.00376093789 0.003759562541 0.00378591118 0.003769649474 0.003802778687 0.003761237724 0.003740216921 0.003788335681 0.003791314407 0.525182849156 0.003778048168 0.003744710196 0.003804611311 0.003775504614 0.003772824073 0.003767798368 0.003772286559 0.003780285823 0.003802553079 0.003685963513 0.003746950387 0.003762856247 0.003795967378 0.003804250438 0.003784404163 0.0 0.0 0.0 0.0 0.0 0.0 0.0 0.0 0.0 0.0 0.0 0.0 0.0 0.0 0.0 0.0
0.0 0.0 0.0 0.0 0.0 0.0 0.0 0.0 0.0 0.0 0.0 0.0 0.0 0.0 0.0 0.0 0.0 0.0 0.0 0.0 0.0 0.0 0.0 0.0 0.0 0.0 0.0 0.0 0.0 0.0 0.0 0.0 0.0 0.0 0.0 0.0 0.0 0.0 0.0 0.0 0.0 0.0 0.0 0.0 0.003783333777 0.003787993321 0.003782485598 0.003786718354 0.003755555358 0.00377948278 0.003790392248 0.00375124362 0.00376510169 0.003778048168 0.435017028355 0.003787657247 0.003729356429 0.003780482588 0.003782973499 0.00375354542 0.003782494751 0.003769892438 0.003749174387 0.003781787025 0.003788611709 0.003786411659 0.00376829691 0.003751428173 0.003768904529 0.0 0.0 0.0 0.0 0.0 0.0 0.0 0.0 0.0 0.0 0.0 0.0 0.0 0.0 0.0 0.0
0.0 0.0 0.0 0.0 0.0 0.0 0.0 0.0 0.0 0.0 0.0 0.0 0.0 0.0 0.0 0.0 0.0 0.0 0.0 0.0 0.0 0.0 0.0 0.0 0.0 0.0 0.0 0.0 0.0 0.0 0.0 0.0 0.0 0.0 0.0 0.0 0.0 0.0 0.0 0.0 0.0 0.0 0.0 0.0 0.003871071265 0.0038277084 0.003789699087 0.003828632647 0.003581338298 0.003816643767 0.003931115146 0.003579435235 0.003677160984 0.003744710196 0.003787657247 0.209011603605 0.003503642948 0.003795109086 0.003775706297 0.003624445424 0.003764642436 0.003704870869 0.003571635024 0.004064155672 0.003894237291 0.003845172177 0.00372443474 0.003606011341 0.003717858907 0.0 0.0 0.0 0.0 0.0 0.0 0.0 0.0 0.0 0.0 0.0 0.0 0.0 0.0 0.0 0.0
0.0 0.0 0.0 0.0 0.0 0.0 0.0 0.0 0.0 0.0 0.0 0.0 0.0 0.0 0.0 0.0 0.0 0.0 0.0 0.0 0.0 0.0 0.0 0.0 0.0 0.0 0.0 0.0 0.0 0.0 0.0 0.0 0.0 0.0 0.0 0.0 0.0 0.0 0.0 0.0 0.0 0.0 0.0 0.0 0.00353814706 0.003662472481 0.003701365798 0.00363041426 0.004262126014 0.003740922689 0.00346126824 0.004342265662 0.004021314217 0.003804611311 0.003729356429 0.003503642948 0.10022668915 0.003719783806 0.003774750099 0.004246400404 0.003828547479 0.003948003328 0.004267682756 0.003131716575 0.00352730989 0.003610938733 0.003889729708 0.004184029407 0.003916792385 0.0 0.0 0.0 0.0 0.0 0.0 0.0 0.0 0.0 0.0 0.0 0.0 0.0 0.0 0.0 0.0
0.0 0.0 0.0 0.0 0.0 0.0 0.0 0.0 0.0 0.0 0.0 0.0 0.0 0.0 0.0 0.0 0.0 0.0 0.0 0.0 0.0 0.0 0.0 0.0 0.0 0.0 0.0 0.0 0.0 0.0 0.0 0.0 0.0 0.0 0.0 0.0 0.0 0.0 0.0 0.0 0.0 0.0 0.0 0.0 0.0037822075 0.003782068229 0.003774766268 0.003782410656 0.003741036558 0.003800397156 0.003813671644 0.003741831815 0.003783644648 0.003775504614 0.003780482588 0.003795109086 0.003719783806 0.215546808762 0.003792632984 0.003763282858 0.003782303087 0.003789913054 0.003736285407 0.003823801743 0.003794369684 0.003782918151 0.003804046157 0.003749797997 0.003798353663 0.0 0.0 0.0 0.0 0.0 0.0 0.0 0.0 0.0 0.0 0.0 0.0 0.0 0.0 0.0 0.0
0.0 0.0 0.0 0.0 0.0 0.0 0.0 0.0 0.0 0.0 0.0 0.0 0.0 0.0 0.0 0.0 0.0 0.0 0.0 0.0 0.0 0.0 0.0 0.0 0.0 0.0 0.0 0.0 0.0 0.0 0.0 0.0 0.0 0.0 0.0 0.0 0.0 0.0 0.0 0.0 0.0 0.0 0.0 0.0 0.003759881979 0.003785774067 0.003766307612 0.003773702558 0.003785990682 0.003796349898 0.003783382442 0.003814305015 0.003800017716 0.003772824073 0.003782973499 0.003775706297 0.003774750099 0.003792632984 0.227122630496 0.003828889326 0.003801826723 0.003808661464 0.003779285062 0.003756381941 0.003779062379 0.00377483204 0.003787303517 0.003785531536 0.003801220753 0.0 0.0 0.0 0.0 0.0 0.0 0.0 0.0 0.0 0.0 0.0 0.0 0.0 0.0 0.0 0.0
0.0 0.0 0.0 0.0 0.0 0.0 0.0 0.0 0.0 0.0 0.0 0.0 0.0 0.0 0.0 0.0 0.0 0.0 0.0 0.0 0.0 0.0 0.0 0.0 0.0 0.0 0.0 0.0 0.0 0.0 0.0 0.0 0.0 0.0 0.0 0.0 0.0 0.0 0.0 0.0 0.0 0.0 0.0 0.0 0.003600636566 0.003731881432 0.003693409639 0.003672313119 0.004097093817 0.003808909408 0.003597670994 0.004315667544 0.00398260533 0.003767798368 0.00375354542 0.003624445424 0.004246400404 0.003763282858 0.003828889326 0.126263820614 0.003885834651 0.003971978966 0.00408532424 0.003375184696 0.003639720394 0.003676063302 0.003829488137 0.004068274625 0.003904452546 0.0 0.0 0.0 0.0 0.0 0.0 0.0 0.0 0.0 0.0 0.0 0.0 0.0 0.0 0.0 0.0
0.0 0.0 0.0 0.0 0.0 0.0 0.0 0.0 0.0 0.0 0.0 0.0 0.0 0.0 0.0 0.0 0.0 0.0 0.0 0.0 0.0 0.0 0.0 0.0 0.0 0.0 0.0 0.0 0.0 0.0 0.0 0.0 0.0 0.0 0.0 0.0 0.0 0.0 0.0 0.0 0.0 0.0 0.0 0.0 0.003740482358 0.003785700505 0.00375741276 0.003760296274 0.003821834142 0.003799835717 0.003761807302 0.003880088045 0.003816420209 0.003772286559 0.003782494751 0.003764642436 0.003828547479 0.003782303087 0.003801826723 0.003885834651 0.160516775219 0.003822474144 0.003819605046 0.003701018888 0.003766464072 0.003766266181 0.003780165226 0.003823847485 0.003808186979 0.0 0.0 0.0 0.0 0.0 0.0 0.0 0.0 0.0 0.0 0.0 0.0 0.0 0.0 0.0 0.0
0.0 0.0 0.0 0.0 0.0 0.0 0.0 0.0 0.0 0.0 0.0 0.0 0.0 0.0 0.0 0.0 0.0 0.0 0.0 0.0 0.0 0.0 0.0 0.0 0.0 0.0 0.0 0.0 0.0 0.0 0.0 0.0 0.0 0.0 0.0 0.0 0.0 0.0 0.0 0.0 0.0 0.0 0.0 0.0 0.003694709562 0.003753803968 0.003742387764 0.003730952134 0.00390878104 0.003795915641 0.003704610233 0.003967459183 0.003879142384 0.003780285823 0.003769892438 0.003704870869 0.003948003328 0.003789913054 0.003808661464 0.003971978966 0.003822474144 0.128103723929 0.003905382823 0.003603951679 0.003713397562 0.003729169005 0.00382093725 0.003898087985 0.003851161124 0.0 0.0 0.0 0.0 0.0 0.0 0.0 0.0 0.0 0.0 0.0 0.0 0.0 0.0 0.0 0.0
0.0 0.0 0.0 0.0 0.0 0.0 0.0 0.0 0.0 0.0 0.0 0.0 0.0 0.0 0.0 0.0 0.0 0.0 0.0 0.0 0.0 0.0 0.0 0.0 0.0 0.0 0.0 0.0 0.0 0.0 0.0 0.0 0.0 0.0 0.0 0.0 0.0 0.0 0.0 0.0 0.0 0.0 0.0 0.0 0.003597254055 0.00369588692 0.00372819039 0.003671920778 0.004129260287 0.003738148361 0.003535102692 0.00416621781 0.003948467079 0.003802553079 0.003749174387 0.003571635024 0.004267682756 0.003736285407 0.003779285062 0.00408532424 0.003819605046 0.003905382823 0.211557365971 0.003271189655 0.003588886452 0.003654896907 0.003851687617 0.004079488369 0.003876360782 0.0 0.0 0.0 0.0 0.0 0.0 0.0 0.0 0.0 0.0 0.0 0.0 0.0 0.0 0.0 0.0
0.0 0.0 0.0 0.0 0.0 0.0 0.0 0.0 0.0 0.0 0.0 0.0 0.0 0.0 0.0 0.0 0.0 0.0 0.0 0.0 0.0 0.0 0.0 0.0 0.0 0.0 0.0 0.0 0.0 0.0 0.0 0.0 0.0 0.0 0.0 0.0 0.0 0.0 0.0 0.0 0.0 0.0 0.0 0.0 0.003993611129 0.003871066043 0.00379035723 0.00388221649 0.003312972633 0.003865582464 0.004134055623 0.003254523119 0.003552861646 0.003685963513 0.003781787025 0.004064155672 0.003131716575 0.003823801743 0.003756381941 0.003375184696 0.003701018888 0.003603951679 0.003271189655 0.965159523334 0.004031477634 0.003912494382 0.003687853608 0.003344643858 0.003648926493 0.0 0.0 0.0 0.0 0.0 0.0 0.0 0.0 0.0 0.0 0.0 0.0 0.0 0.0 0.0 0.0
0.0 0.0 0.0 0.0 0.0 0.0 0.0 0.0 0.0 0.0 0.0 0.0 0.0 0.0 0.0 0.0 0.0 0.0 0.0 0.0 0.0 0.0 0.0 0.0 0.0 0.0 0.0 0.0 0.0 0.0 0.0 0.0 0.0 0.0 0.0 0.0 0.0 0.0 0.0 0.0 0.0 0.0 0.0 0.0 0.003861992762 0.003825581376 0.003788899578 0.003826364674 0.003602357909 0.003811334658 0.003915405309 0.003597431215 0.003687458485 0.003746950387 0.003788611709 0.003894237291 0.00352730989 0.003794369684 0.003779062379 0.003639720394 0.003766464072 0.003713397562 0.003588886452 0.004031477634 0.281241469396 0.003841066075 0.003726391005 0.003617658341 0.00372274003 0.0 0.0 0.0 0.0 0.0 0.0 0.0 0.0 0.0 0.0 0.0 0.0 0.0 0.0 0.0 0.0
0.0 0.0 0.0 0.0 0.0 0.0 0.0 0.0 0.0 0.0 0.0 0.0 0.0 0.0 0.0 0.0 0.0 0.0 0.0 0.0 0.0 0.0 0.0 0.0 0.0 0.0 0.0 0.0 0.0 0.0 0.0 0.0 0.0 0.0 0.0 0.0 0.0 0.0 0.0 0.0 0.0 0.0 0.0 0.0 0.003833128342 0.003807175473 0.003790801208 0.003812206277 0.003664016828 0.003782827257 0.003850707345 0.003652532406 0.003711490208 0.003762856247 0.003786411659 0.003845172177 0.003610938733 0.003782918151 0.00377483204 0.003676063302 0.003766266181 0.003729169005 0.003654896907 0.003912494382 0.003841066075 0.448711265469 0.00373271532 0.003670199149 0.003731714078 0.0 0.0 0.0 0.0 0.0 0.0 0.0 0.0 0.0 0.0 0.0 0.0 0.0 0.0 0.0 0.0
0.0 0.0 0.0 0.0 0.0 0.0 0.0 0.0 0.0 0.0 0.0 0.0 0.0 0.0 0.0 0.0 0.0 0.0 0.0 0.0 0.0 0.0 0.0 0.0 0.0 0.0 0.0 0.0 0.0 0.0 0.0 0.0 0.0 0.0 0.0 0.0 0.0 0.0 0.0 0.0 0.0 0.0 0.0 0.0 0.003724513178 0.003741610944 0.003762962622 0.003744787611 0.0038323332 0.003818765212 0.003762640267 0.003845864085 0.003855361756 0.003795967378 0.00376829691 0.00372443474 0.003889729708 0.003804046157 0.003787303517 0.003829488137 0.003780165226 0.00382093725 0.003851687617 0.003687853608 0.003726391005 0.00373271532 0.161900985608 0.003863525114 0.003861536879 0.0 0.0 0.0 0.0 0.0 0.0 0.0 0.0 0.0 0.0 0.0 0.0 0.0 0.0 0.0 0.0
