77 77
0.788364946252 0.04780711383 0.04922423452 0.04889123223 0.0477019081 0.04757477381 0.04882713434 0.04864746315 0.048363779 0.04851441865 0.04866825633 0.04891253151 0.04813423374 0.0477551468 0.04895745709 0.04734888912 0.04863682575 0.04778193611 0.0 0.0 0.0 0.0 0.0 0.0 0.0 0.0 0.0 0.0 0.0 0.0 0.0 0.0 0.0 0.0 0.0 0.0 0.0 0.0 0.0 0.0 0.0 0.0 0.0 0.0 0.0 0.0 0.0 0.0 0.0 0.0 0.0 0.0 0.0 0.0 0.0 0.0 0.0 0.0 0.0 0.0 0.0 0.0 0.0 0.0 0.0 0.0 0.0 0.0 0.0 0.0 0.0 0.0 0.0 0.0 0.0 0.0 0.0
0.04780711383 1.23710991782 0.04749953515 0.04801072998 0.05145823158 0.051533892 0.0486943158 0.04859200509 0.04985431135 0.04979037047 0.04810987719 0.04691096416 0.05081063319 0.05122497299 0.04742321248 0.05181486354 0.04966472401 0.05081791924 0.0 0.0 0.0 0.0 0.0 0.0 0.0 0.0 0.0 0.0 0.0 0.0 0.0 0.0 0.0 0.0 0.0 0.0 0.0 0.0 0.0 0.0 0.0 0.0 0.0 0.0 0.0 0.0 0.0 0.0 0.0 0.0 0.0 0.0 0.0 0.0 0.0 0.0 0.0 0.0 0.0 0.0 0.0 0.0 0.0 0.0 0.0 0.0 0.0 0.0 0.0 0.0 0.0 0.0 0.0 0.0 0.0 0.0 0.0
0.04922423452 0.04749953515 0.516482788371 0.04955308218 0.04712018415 0.04678461484 0.04898231963 0.04919172389 0.0479816986 0.04816938577 0.04962743268 0.05032696979 0.04797936662 0.04761384783 0.05060997106 0.04645225991 0.04794029921 0.04729372532 0.0 0.0 0.0 0.0 0.0 0.0 0.0 0.0 0.0 0.0 0.0 0.0 0.0 0.0 0.0 0.0 0.0 0.0 0.0 0.0 0.0 0.0 0.0 0.0 0.0 0.0 0.0 0.0 0.0 0.0 0.0 0.0 0.0 0.0 0.0 0.0 0.0 0.0 0.0 0.0 0.0 0.0 0.0 0.0 0.0 0.0 0.0 0.0 0.0 0.0 0.0 0.0 0.0 0.0 0.0 0.0 0.0 0.0 0.0
0.04889123223 0.04801072998 0.04955308218 0.517474995179 0.04798142756 0.04738304111 0.04898632336 0.04923945686 0.04820181505 0.04822891761 0.04939637639 0.05002385573 0.04847966574 0.04818829101 0.05005720164 0.04742114202 0.04798291645 0.04779982963 0.0 0.0 0.0 0.0 0.0 0.0 0.0 0.0 0.0 0.0 0.0 0.0 0.0 0.0 0.0 0.0 0.0 0.0 0.0 0.0 0.0 0.0 0.0 0.0 0.0 0.0 0.0 0.0 0.0 0.0 0.0 0.0 0.0 0.0 0.0 0.0 0.0 0.0 0.0 0.0 0.0 0.0 0.0 0.0 0.0 0.0 0.0 0.0 0.0 0.0 0.0 0.0 0.0 0.0 0.0 0.0 0.0 0.0 0.0
0.0477019081 0.05145823158 0.04712018415 0.04798142756 0.65729627852 0.05227302479 0.04854280774 0.04849028151 0.05008713231 0.04977365342 0.04746367364 0.04660508031 0.05121479834 0.05176459813 0.04668504331 0.05306558543 0.04975831706 0.05130998079 0.0 0.0 0.0 0.0 0.0 0.0 0.0 0.0 0.0 0.0 0.0 0.0 0.0 0.0 0.0 0.0 0.0 0.0 0.0 0.0 0.0 0.0 0.0 0.0 0.0 0.0 0.0 0.0 0.0 0.0 0.0 0.0 0.0 0.0 0.0 0.0 0.0 0.0 0.0 0.0 0.0 0.0 0.0 0.0 0.0 0.0 0.0 0.0 0.0 0.0 0.0 0.0 0.0 0.0 0.0 0.0 0.0 0.0 0.0
0.04757477381 0.051533892 0.04678461484 0.04738304111 0.05227302479 1.31426089819 0.04835404611 0.048137345 0.05026220467 0.04990573185 0.04728540283 0.0460005307 0.05087069386 0.05172413437 0.04627124517 0.05336629387 0.0499461012 0.0514219858 0.0 0.0 0.0 0.0 0.0 0.0 0.0 0.0 0.0 0.0 0.0 0.0 0.0 0.0 0.0 0.0 0.0 0.0 0.0 0.0 0.0 0.0 0.0 0.0 0.0 0.0 0.0 0.0 0.0 0.0 0.0 0.0 0.0 0.0 0.0 0.0 0.0 0.0 0.0 0.0 0.0 0.0 0.0 0.0 0.0 0.0 0.0 0.0 0.0 0.0 0.0 0.0 0.0 0.0 0.0 0.0 0.0 0.0 0.0
0.04882713434 0.0486943158 0.04898231963 0.04898632336 0.04854280774 0.04835404611 0.729542494322 0.04897099831 0.04868864931 0.04874699259 0.0490254795 0.0489638245 0.04899621076 0.04874362898 0.04925456657 0.04825990983 0.04864286477 0.04855359073 0.0 0.0 0.0 0.0 0.0 0.0 0.0 0.0 0.0 0.0 0.0 0.0 0.0 0.0 0.0 0.0 0.0 0.0 0.0 0.0 0.0 0.0 0.0 0.0 0.0 0.0 0.0 0.0 0.0 0.0 0.0 0.0 0.0 0.0 0.0 0.0 0.0 0.0 0.0 0.0 0.0 0.0 0.0 0.0 0.0 0.0 0.0 0.0 0.0 0.0 0.0 0.0 0.0 0.0 0.0 0.0 0.0 0.0 0.0
0.04864746315 0.04859200509 0.04919172389 0.04923945686 0.04849028151 0.048137345 0.04897099831 0.587965972445 0.04853823911 0.04856669751 0.04920581943 0.04955982476 0.04896906671 0.0487411787 0.04969377788 0.04806056259 0.04834914592 0.04836487935 0.0 0.0 0.0 0.0 0.0 0.0 0.0 0.0 0.0 0.0 0.0 0.0 0.0 0.0 0.0 0.0 0.0 0.0 0.0 0.0 0.0 0.0 0.0 0.0 0.0 0.0 0.0 0.0 0.0 0.0 0.0 0.0 0.0 0.0 0.0 0.0 0.0 0.0 0.0 0.0 0.0 0.0 0.0 0.0 0.0 0.0 0.0 0.0 0.0 0.0 0.0 0.0 0.0 0.0 0.0 0.0 0.0 0.0 0.0
0.048363779 0.04985431135 0.0479816986 0.04820181505 0.05008713231 0.05026220467 0.04868864931 0.04853823911 0.850166970961 0.04929929369 0.04821446236 0.04754290969 0.04974629422 0.04988180762 0.04779570685 0.05040523374 0.04927975588 0.04975701208 0.0 0.0 0.0 0.0 0.0 0.0 0.0 0.0 0.0 0.0 0.0 0.0 0.0 0.0 0.0 0.0 0.0 0.0 0.0 0.0 0.0 0.0 0.0 0.0 0.0 0.0 0.0 0.0 0.0 0.0 0.0 0.0 0.0 0.0 0.0 0.0 0.0 0.0 0.0 0.0 0.0 0.0 0.0 0.0 0.0 0.0 0.0 0.0 0.0 0.0 0.0 0.0 0.0 0.0 0.0 0.0 0.0 0.0 0.0
0.04851441865 0.04979037047 0.04816938577 0.04822891761 0.04977365342 0.04990573185 0.04874699259 0.04856669751 0.04929929369 1.73742508952 0.04839978534 0.04764679715 0.04963706598 0.0497719282 0.04802080512 0.04989632634 0.04935727794 0.0495635565 0.0 0.0 0.0 0.0 0.0 0.0 0.0 0.0 0.0 0.0 0.0 0.0 0.0 0.0 0.0 0.0 0.0 0.0 0.0 0.0 0.0 0.0 0.0 0.0 0.0 0.0 0.0 0.0 0.0 0.0 0.0 0.0 0.0 0.0 0.0 0.0 0.0 0.0 0.0 0.0 0.0 0.0 0.0 0.0 0.0 0.0 0.0 0.0 0.0 0.0 0.0 0.0 0.0 0.0 0.0 0.0 0.0 0.0 0.0
0.04866825633 0.04810987719 0.04962743268 0.04939637639 0.04746367364 0.04728540283 0.0490254795 0.04920581943 0.04821446236 0.04839978534 0.693482640359 0.05003370307 0.04839606586 0.04820375519 0.0508333408 0.04688662558 0.048029124 0.04777710752 0.0 0.0 0.0 0.0 0.0 0.0 0.0 0.0 0.0 0.0 0.0 0.0 0.0 0.0 0.0 0.0 0.0 0.0 0.0 0.0 0.0 0.0 0.0 0.0 0.0 0.0 0.0 0.0 0.0 0.0 0.0 0.0 0.0 0.0 0.0 0.0 0.0 0.0 0.0 0.0 0.0 0.0 0.0 0.0 0.0 0.0 0.0 0.0 0.0 0.0 0.0 0.0 0.0 0.0 0.0 0.0 0.0 0.0 0.0
0.04891253151 0.04691096416 0.05032696979 0.05002385573 0.04660508031 0.0460005307 0.0489638245 0.04955982476 0.04754290969 0.04764679715 0.05003370307 0.579973903924 0.04759677121 0.04729381593 0.05150890325 0.04574131213 0.04722785983 0.04663107232 0.0 0.0 0.0 0.0 0.0 0.0 0.0 0.0 0.0 0.0 0.0 0.0 0.0 0.0 0.0 0.0 0.0 0.0 0.0 0.0 0.0 0.0 0.0 0.0 0.0 0.0 0.0 0.0 0.0 0.0 0.0 0.0 0.0 0.0 0.0 0.0 0.0 0.0 0.0 0.0 0.0 0.0 0.0 0.0 0.0 0.0 0.0 0.0 0.0 0.0 0.0 0.0 0.0 0.0 0.0 0.0 0.0 0.0 0.0
0.04813423374 0.05081063319 0.04797936662 0.04847966574 0.05121479834 0.05087069386 0.04899621076 0.04896906671 0.04974629422 0.04963706598 0.04839606586 0.04759677121 0.922590360736 0.05095792262 0.04808876953 0.05127825199 0.04951929863 0.05064833787 0.0 0.0 0.0 0.0 0.0 0.0 0.0 0.0 0.0 0.0 0.0 0.0 0.0 0.0 0.0 0.0 0.0 0.0 0.0 0.0 0.0 0.0 0.0 0.0 0.0 0.0 0.0 0.0 0.0 0.0 0.0 0.0 0.0 0.0 0.0 0.0 0.0 0.0 0.0 0.0 0.0 0.0 0.0 0.0 0.0 0.0 0.0 0.0 0.0 0.0 0.0 0.0 0.0 0.0 0.0 0.0 0.0 0.0 0.0
0.0477551468 0.05122497299 0.04761384783 0.04818829101 0.05176459813 0.05172413437 0.04874362898 0.0487411787 0.04988180762 0.0497719282 0.04820375519 0.04729381593 0.05095792262 1.59598437314 0.04770625222 0.05206063123 0.04955936912 0.05087374436 0.0 0.0 0.0 0.0 0.0 0.0 0.0 0.0 0.0 0.0 0.0 0.0 0.0 0.0 0.0 0.0 0.0 0.0 0.0 0.0 0.0 0.0 0.0 0.0 0.0 0.0 0.0 0.0 0.0 0.0 0.0 0.0 0.0 0.0 0.0 0.0 0.0 0.0 0.0 0.0 0.0 0.0 0.0 0.0 0.0 0.0 0.0 0.0 0.0 0.0 0.0 0.0 0.0 0.0 0.0 0.0 0.0 0.0 0.0
0.04895745709 0.04742321248 0.05060997106 0.05005720164 0.04668504331 0.04627124517 0.04925456657 0.04969377788 0.04779570685 0.04802080512 0.0508333408 0.05150890325 0.04808876953 0.04770625222 0.986193590715 0.04557394109 0.04751598069 0.0470629312 0.0 0.0 0.0 0.0 0.0 0.0 0.0 0.0 0.0 0.0 0.0 0.0 0.0 0.0 0.0 0.0 0.0 0.0 0.0 0.0 0.0 0.0 0.0 0.0 0.0 0.0 0.0 0.0 0.0 0.0 0.0 0.0 0.0 0.0 0.0 0.0 0.0 0.0 0.0 0.0 0.0 0.0 0.0 0.0 0.0 0.0 0.0 0.0 0.0 0.0 0.0 0.0 0.0 0.0 0.0 0.0 0.0 0.0 0.0
0.04734888912 0.05181486354 0.04645225991 0.04742114202 0.05306558543 0.05336629387 0.04825990983 0.04806056259 0.05040523374 0.04989632634 0.04688662558 0.04574131213 0.05127825199 0.05206063123 0.04557394109 2.32891950123 0.04987070387 0.05193008839 0.0 0.0 0.0 0.0 0.0 0.0 0.0 0.0 0.0 0.0 0.0 0.0 0.0 0.0 0.0 0.0 0.0 0.0 0.0 0.0 0.0 0.0 0.0 0.0 0.0 0.0 0.0 0.0 0.0 0.0 0.0 0.0 0.0 0.0 0.0 0.0 0.0 0.0 0.0 0.0 0.0 0.0 0.0 0.0 0.0 0.0 0.0 0.0 0.0 0.0 0.0 0.0 0.0 0.0 0.0 0.0 0.0 0.0 0.0
0.04863682575 0.04966472401 0.04794029921 0.04798291645 0.04975831706 0.0499461012 0.04864286477 0.04834914592 0.04927975588 0.04935727794 0.048029124 0.04722785983 0.04951929863 0.04955936912 0.04751598069 0.04987070387 1.26738383742 0.0495653295 0.0 0.0 0.0 0.0 0.0 0.0 0.0 0.0 0.0 0.0 0.0 0.0 0.0 0.0 0.0 0.0 0.0 0.0 0.0 0.0 0.0 0.0 0.0 0.0 0.0 0.0 0.0 0.0 0.0 0.0 0.0 0.0 0.0 0.0 0.0 0.0 0.0 0.0 0.0 0.0 0.0 0.0 0.0 0.0 0.0 0.0 0.0 0.0 0.0 0.0 0.0 0.0 0.0 0.0 0.0 0.0 0.0 0.0 0.0
0.04778193611 0.05081791924 0.04729372532 0.04779982963 0.05130998079 0.0514219858 0.04855359073 0.04836487935 0.04975701208 0.0495635565 0.04777710752 0.04663107232 0.05064833787 0.05087374436 0.0470629312 0.05193008839 0.0495653295 1.4006331051 0.0 0.0 0.0 0.0 0.0 0.0 0.0 0.0 0.0 0.0 0.0 0.0 0.0 0.0 0.0 0.0 0.0 0.0 0.0 0.0 0.0 0.0 0.0 0.0 0.0 0.0 0.0 0.0 0.0 0.0 0.0 0.0 0.0 0.0 0.0 0.0 0.0 0.0 0.0 0.0 0.0 0.0 0.0 0.0 0.0 0.0 0.0 0.0 0.0 0.0 0.0 0.0 0.0 0.0 0.0 0.0 0.0 0.0 0.0
0.0 0.0 0.0 0.0 0.0 0.0 0.0 0.0 0.0 0.0 0.0 0.0 0.0 0.0 0.0 0.0 0.0 0.0 2.57422019893 0.02718862069 0.02631315481 0.02670770975 0.02716018448 0.02745511205 0.02652416279 0.0264921999 0.02699661328 0.0260920912 0.02683624706 0.02602662158 0.02669538241 0.0269962676 0.0271197831 0.02699959511 0.02698358625 0.02697518924 0.02702112509 0.02721568662 0.0262287681 0.02611160369 0.02650149992 0.0 0.0 0.0 0.0 0.0 0.0 0.0 0.0 0.0 0.0 0.0 0.0 0.0 0.0 0.0 0.0 0.0 0.0 0.0 0.0 0.0 0.0 0.0 0.0 0.0 0.0 0.0 0.0 0.0 0.0 0.0 0.0 0.0 0.0 0.0 0.0
0.0 0.0 0.0 0.0 0.0 0.0 0.0 0.0 0.0 0.0 0.0 0.0 0.0 0.0 0.0 0.0 0.0 0.0 0.02718862069 0.770016750186 0.0263611074 0.02706160482 0.02826586247 0.0304295228 0.02631568135 0.02675688502 0.02904550374 0.02537384104 0.02774816311 0.02502698775 0.02728459683 0.02928095897 0.02894675508 0.02987951107 0.02796382342 0.02794333989 0.02894060468 0.02978794058 0.02599747622 0.02536309644 0.02654637296 0.0 0.0 0.0 0.0 0.0 0.0 0.0 0.0 0.0 0.0 0.0 0.0 0.0 0.0 0.0 0.0 0.0 0.0 0.0 0.0 0.0 0.0 0.0 0.0 0.0 0.0 0.0 0.0 0.0 0.0 0.0 0.0 0.0 0.0 0.0 0.0
0.0 0.0 0.0 0.0 0.0 0.0 0.0 0.0 0.0 0.0 0.0 0.0 0.0 0.0 0.0 0.0 0.0 0.0 0.02631315481 0.0263611074 0.768389785183 0.02636534062 0.02616469651 0.02623989161 0.02634101388 0.02632002191 0.02625302253 0.02614627455 0.02628103735 0.02611516372 0.02635638595 0.02621173787 0.02622822075 0.0262233341 0.02636058171 0.0262372493 0.026253179 0.02627025658 0.02618026191 0.02618347958 0.02630898604 0.0 0.0 0.0 0.0 0.0 0.0 0.0 0.0 0.0 0.0 0.0 0.0 0.0 0.0 0.0 0.0 0.0 0.0 0.0 0.0 0.0 0.0 0.0 0.0 0.0 0.0 0.0 0.0 0.0 0.0 0.0 0.0 0.0 0.0 0.0 0.0
0.0 0.0 0.0 0.0 0.0 0.0 0.0 0.0 0.0 0.0 0.0 0.0 0.0 0.0 0.0 0.0 0.0 0.0 0.02670770975 0.02706160482 0.02636534062 0.541307806929 0.02668464753 0.02713047065 0.02656943695 0.02653442107 0.02686581063 0.02615276796 0.02670842119 0.02602723185 0.0266851076 0.02684095656 0.02688774326 0.02686307443 0.02687561261 0.02674262972 0.02684759329 0.02697801677 0.02626072175 0.02617115855 0.02651202337 0.0 0.0 0.0 0.0 0.0 0.0 0.0 0.0 0.0 0.0 0.0 0.0 0.0 0.0 0.0 0.0 0.0 0.0 0.0 0.0 0.0 0.0 0.0 0.0 0.0 0.0 0.0 0.0 0.0 0.0 0.0 0.0 0.0 0.0 0.0 0.0
0.0 0.0 0.0 0.0 0.0 0.0 0.0 0.0 0.0 0.0 0.0 0.0 0.0 0.0 0.0 0.0 0.0 0.0 0.02716018448 0.02826586247 0.02616469651 0.02668464753 0.555373463442 0.02898226392 0.02629168664 0.02643681535 0.02799804491 0.02567666207 0.02748457814 0.02582751251 0.02695871968 0.02804192175 0.02820054591 0.02824111446 0.02761127271 0.02784796728 0.02816399623 0.02843674509 0.02600065055 0.02575820145 0.0265082038 0.0 0.0 0.0 0.0 0.0 0.0 0.0 0.0 0.0 0.0 0.0 0.0 0.0 0.0 0.0 0.0 0.0 0.0 0.0 0.0 0.0 0.0 0.0 0.0 0.0 0.0 0.0 0.0 0.0 0.0 0.0 0.0 0.0 0.0 0.0 0.0
0.0 0.0 0.0 0.0 0.0 0.0 0.0 0.0 0.0 0.0 0.0 0.0 0.0 0.0 0.0 0.0 0.0 0.0 0.02745511205 0.0304295228 0.02623989161 0.02713047065 0.02898226392 0.508564141135 0.0262078215 0.02656111819 0.02992246872 0.02491314821 0.02817963032 0.02461509362 0.02736553721 0.03013238506 0.03046713802 0.03081013504 0.02847464872 0.02868835148 0.02991589357 0.03065569281 0.02550330946 0.02505807421 0.02656838832 0.0 0.0 0.0 0.0 0.0 0.0 0.0 0.0 0.0 0.0 0.0 0.0 0.0 0.0 0.0 0.0 0.0 0.0 0.0 0.0 0.0 0.0 0.0 0.0 0.0 0.0 0.0 0.0 0.0 0.0 0.0 0.0 0.0 0.0 0.0 0.0
0.0 0.0 0.0 0.0 0.0 0.0 0.0 0.0 0.0 0.0 0.0 0.0 0.0 0.0 0.0 0.0 0.0 0.0 0.02652416279 0.02631568135 0.02634101388 0.02656943695 0.02629168664 0.0262078215 0.345731649602 0.02647539744 0.02622511137 0.02642057535 0.02631311773 0.02642416751 0.02653448118 0.02616584958 0.02624612437 0.02605349102 0.02652925138 0.02630156048 0.02623083047 0.02624220481 0.02637586623 0.02643959324 0.02652361041 0.0 0.0 0.0 0.0 0.0 0.0 0.0 0.0 0.0 0.0 0.0 0.0 0.0 0.0 0.0 0.0 0.0 0.0 0.0 0.0 0.0 0.0 0.0 0.0 0.0 0.0 0.0 0.0 0.0 0.0 0.0 0.0 0.0 0.0 0.0 0.0
0.0 0.0 0.0 0.0 0.0 0.0 0.0 0.0 0.0 0.0 0.0 0.0 0.0 0.0 0.0 0.0 0.0 0.0 0.0264921999 0.02675688502 0.02632002191 0.02653442107 0.02643681535 0.02656111819 0.02647539744 1.17335686221 0.02650604746 0.02622692939 0.02641627198 0.02616291514 0.02655073929 0.02650909886 0.02645461778 0.02652564089 0.02658122206 0.02637930471 0.02647318088 0.02662329017 0.02633605926 0.02621731199 0.0264316075 0.0 0.0 0.0 0.0 0.0 0.0 0.0 0.0 0.0 0.0 0.0 0.0 0.0 0.0 0.0 0.0 0.0 0.0 0.0 0.0 0.0 0.0 0.0 0.0 0.0 0.0 0.0 0.0 0.0 0.0 0.0 0.0 0.0 0.0 0.0 0.0
0.0 0.0 0.0 0.0 0.0 0.0 0.0 0.0 0.0 0.0 0.0 0.0 0.0 0.0 0.0 0.0 0.0 0.0 0.02699661328 0.02904550374 0.02625302253 0.02686581063 0.02799804491 0.02992246872 0.02622511137 0.02650604746 1.20794186936 0.02536610421 0.02750796512 0.02513052113 0.02701572025 0.0287530116 0.02872680655 0.02922378441 0.02770976211 0.027774935 0.02863564953 0.02904539256 0.02580717072 0.02543214749 0.0264202992 0.0 0.0 0.0 0.0 0.0 0.0 0.0 0.0 0.0 0.0 0.0 0.0 0.0 0.0 0.0 0.0 0.0 0.0 0.0 0.0 0.0 0.0 0.0 0.0 0.0 0.0 0.0 0.0 0.0 0.0 0.0 0.0 0.0 0.0 0.0 0.0
0.0 0.0 0.0 0.0 0.0 0.0 0.0 0.0 0.0 0.0 0.0 0.0 0.0 0.0 0.0 0.0 0.0 0.0 0.0260920912 0.02537384104 0.02614627455 0.02615276796 0.02567666207 0.02491314821 0.02642057535 0.02622692939 0.02536610421 2.04831796065 0.02574547023 0.02672312468 0.0260621184 0.02529192468 0.02527523042 0.0251154888 0.02585397138 0.02562882506 0.02533186336 0.02523974482 0.02653348535 0.02660746115 0.02624482011 0.0 0.0 0.0 0.0 0.0 0.0 0.0 0.0 0.0 0.0 0.0 0.0 0.0 0.0 0.0 0.0 0.0 0.0 0.0 0.0 0.0 0.0 0.0 0.0 0.0 0.0 0.0 0.0 0.0 0.0 0.0 0.0 0.0 0.0 0.0 0.0
0.0 0.0 0.0 0.0 0.0 0.0 0.0 0.0 0.0 0.0 0.0 0.0 0.0 0.0 0.0 0.0 0.0 0.0 0.02683624706 0.02774816311 0.02628103735 0.02670842119 0.02748457814 0.02817963032 0.02631311773 0.02641627198 0.02750796512 0.02574547023 1.15888619212 0.02562496972 0.0267524117 0.02750759485 0.02765646808 0.02781830613 0.0272484568 0.02733873977 0.02764897455 0.0277337804 0.02596327061 0.02582120067 0.0263837994 0.0 0.0 0.0 0.0 0.0 0.0 0.0 0.0 0.0 0.0 0.0 0.0 0.0 0.0 0.0 0.0 0.0 0.0 0.0 0.0 0.0 0.0 0.0 0.0 0.0 0.0 0.0 0.0 0.0 0.0 0.0 0.0 0.0 0.0 0.0 0.0
0.0 0.0 0.0 0.0 0.0 0.0 0.0 0.0 0.0 0.0 0.0 0.0 0.0 0.0 0.0 0.0 0.0 0.0 0.02602662158 0.02502698775 0.02611516372 0.02602723185 0.02582751251 0.02461509362 0.02642416751 0.02616291514 0.02513052113 0.02672312468 0.02562496972 0.728626067038 0.02602806927 0.02501969957 0.02511214431 0.02485035076 0.02577301734 0.02552513508 0.02518689166 0.02491555111 0.02648232743 0.02672728542 0.02626151892 0.0 0.0 0.0 0.0 0.0 0.0 0.0 0.0 0.0 0.0 0.0 0.0 0.0 0.0 0.0 0.0 0.0 0.0 0.0 0.0 0.0 0.0 0.0 0.0 0.0 0.0 0.0 0.0 0.0 0.0 0.0 0.0 0.0 0.0 0.0 0.0
0.0 0.0 0.0 0.0 0.0 0.0 0.0 0.0 0.0 0.0 0.0 0.0 0.0 0.0 0.0 0.0 0.0 0.0 0.02669538241 0.02728459683 0.02635638595 0.0266851076 0.02695871968 0.02736553721 0.02653448118 0.02655073929 0.02701572025 0.0260621184 0.0267524117 0.02602806927 0.947971684503 0.02700397443 0.02701334842 0.02712357289 0.02695249264 0.0267741636 0.02701894118 0.02720130351 0.02622405145 0.02610733625 0.02655589314 0.0 0.0 0.0 0.0 0.0 0.0 0.0 0.0 0.0 0.0 0.0 0.0 0.0 0.0 0.0 0.0 0.0 0.0 0.0 0.0 0.0 0.0 0.0 0.0 0.0 0.0 0.0 0.0 0.0 0.0 0.0 0.0 0.0 0.0 0.0 0.0
0.0 0.0 0.0 0.0 0.0 0.0 0.0 0.0 0.0 0.0 0.0 0.0 0.0 0.0 0.0 0.0 0.0 0.0 0.0269962676 0.02928095897 0.02621173787 0.02684095656 0.02804192175 0.03013238506 0.02616584958 0.02650909886 0.0287530116 0.02529192468 0.02750759485 0.02501969957 0.02700397443 0.359805009958 0.02888012905 0.02942184704 0.02771440588 0.02780957481 0.02872208546 0.02934842587 0.02581775684 0.02530995538 0.02639239021 0.0 0.0 0.0 0.0 0.0 0.0 0.0 0.0 0.0 0.0 0.0 0.0 0.0 0.0 0.0 0.0 0.0 0.0 0.0 0.0 0.0 0.0 0.0 0.0 0.0 0.0 0.0 0.0 0.0 0.0 0.0 0.0 0.0 0.0 0.0 0.0
0.0 0.0 0.0 0.0 0.0 0.0 0.0 0.0 0.0 0.0 0.0 0.0 0.0 0.0 0.0 0.0 0.0 0.0 0.0271197831 0.02894675508 0.02622822075 0.02688774326 0.02820054591 0.03046713802 0.02624612437 0.02645461778 0.02872680655 0.02527523042 0.02765646808 0.02511214431 0.02701334842 0.02888012905 0.592531051415 0.02930355997 0.02789508116 0.02808893504 0.02893008511 0.02918894588 0.02569697829 0.02539803313 0.02643041629 0.0 0.0 0.0 0.0 0.0 0.0 0.0 0.0 0.0 0.0 0.0 0.0 0.0 0.0 0.0 0.0 0.0 0.0 0.0 0.0 0.0 0.0 0.0 0.0 0.0 0.0 0.0 0.0 0.0 0.0 0.0 0.0 0.0 0.0 0.0 0.0
0.0 0.0 0.0 0.0 0.0 0.0 0.0 0.0 0.0 0.0 0.0 0.0 0.0 0.0 0.0 0.0 0.0 0.0 0.02699959511 0.02987951107 0.0262233341 0.02686307443 0.02824111446 0.03081013504 0.02605349102 0.02652564089 0.02922378441 0.0251154888 0.02781830613 0.02485035076 0.02712357289 0.02942184704 0.02930355997 0.911834421627 0.02795660928 0.02799464179 0.02927642499 0.02972518489 0.02570436011 0.02519480287 0.02633357618 0.0 0.0 0.0 0.0 0.0 0.0 0.0 0.0 0.0 0.0 0.0 0.0 0.0 0.0 0.0 0.0 0.0 0.0 0.0 0.0 0.0 0.0 0.0 0.0 0.0 0.0 0.0 0.0 0.0 0.0 0.0 0.0 0.0 0.0 0.0 0.0
0.0 0.0 0.0 0.0 0.0 0.0 0.0 0.0 0.0 0.0 0.0 0.0 0.0 0.0 0.0 0.0 0.0 0.0 0.02698358625 0.02796382342 0.02636058171 0.02687561261 0.02761127271 0.02847464872 0.02652925138 0.02658122206 0.02770976211 0.02585397138 0.0272484568 0.02577301734 0.02695249264 0.02771440588 0.02789508116 0.02795660928 0.435377327154 0.02742577862 0.02785026637 0.02795474914 0.02609345019 0.02593637542 0.02655928815 0.0 0.0 0.0 0.0 0.0 0.0 0.0 0.0 0.0 0.0 0.0 0.0 0.0 0.0 0.0 0.0 0.0 0.0 0.0 0.0 0.0 0.0 0.0 0.0 0.0 0.0 0.0 0.0 0.0 0.0 0.0 0.0 0.0 0.0 0.0 0.0
0.0 0.0 0.0 0.0 0.0 0.0 0.0 0.0 0.0 0.0 0.0 0.0 0.0 0.0 0.0 0.0 0.0 0.0 0.02697518924 0.02794333989 0.0262372493 0.02674262972 0.02784796728 0.02868835148 0.02630156048 0.02637930471 0.027774935 0.02562882506 0.02733873977 0.02552513508 0.0267741636 0.02780957481 0.02808893504 0.02799464179 0.02742577862 1.64141749061 0.0279542897 0.02808946378 0.02587713134 0.02571270885 0.02639061645 0.0 0.0 0.0 0.0 0.0 0.0 0.0 0.0 0.0 0.0 0.0 0.0 0.0 0.0 0.0 0.0 0.0 0.0 0.0 0.0 0.0 0.0 0.0 0.0 0.0 0.0 0.0 0.0 0.0 0.0 0.0 0.0 0.0 0.0 0.0 0.0
0.0 0.0 0.0 0.0 0.0 0.0 0.0 0.0 0.0 0.0 0.0 0.0 0.0 0.0 0.0 0.0 0.0 0.0 0.02702112509 0.02894060468 0.026253179 0.02684759329 0.02816399623 0.02991589357 0.02623083047 0.02647318088 0.02863564953 0.02533186336 0.02764897455 0.02518689166 0.02701894118 0.02872208546 0.02893008511 0.02927642499 0.02785026637 0.0279542897 0.815353873717 0.02901837187 0.02574777018 0.02546467508 0.02639449361 0.0 0.0 0.0 0.0 0.0 0.0 0.0 0.0 0.0 0.0 0.0 0.0 0.0 0.0 0.0 0.0 0.0 0.0 0.0 0.0 0.0 0.0 0.0 0.0 0.0 0.0 0.0 0.0 0.0 0.0 0.0 0.0 0.0 0.0 0.0 0.0
0.0 0.0 0.0 0.0 0.0 0.0 0.0 0.0 0.0 0.0 0.0 0.0 0.0 0.0 0.0 0.0 0.0 0.0 0.02721568662 0.02978794058 0.02627025658 0.02697801677 0.02843674509 0.03065569281 0.02624220481 0.02662329017 0.02904539256 0.02523974482 0.0277337804 0.02491555111 0.02720130351 0.02934842587 0.02918894588 0.02972518489 0.02795474914 0.02808946378 0.02901837187 1.53116576645 0.02583225753 0.02523888125 0.02649227273 0.0 0.0 0.0 0.0 0.0 0.0 0.0 0.0 0.0 0.0 0.0 0.0 0.0 0.0 0.0 0.0 0.0 0.0 0.0 0.0 0.0 0.0 0.0 0.0 0.0 0.0 0.0 0.0 0.0 0.0 0.0 0.0 0.0 0.0 0.0 0.0
0.0 0.0 0.0 0.0 0.0 0.0 0.0 0.0 0.0 0.0 0.0 0.0 0.0 0.0 0.0 0.0 0.0 0.0 0.0262287681 0.02599747622 0.02618026191 0.02626072175 0.02600065055 0.02550330946 0.02637586623 0.02633605926 0.02580717072 0.02653348535 0.02596327061 0.02648232743 0.02622405145 0.02581775684 0.02569697829 0.02570436011 0.02609345019 0.02587713134 0.02574777018 0.02583225753 1.32549992884 0.02640800785 0.02626354728 0.0 0.0 0.0 0.0 0.0 0.0 0.0 0.0 0.0 0.0 0.0 0.0 0.0 0.0 0.0 0.0 0.0 0.0 0.0 0.0 0.0 0.0 0.0 0.0 0.0 0.0 0.0 0.0 0.0 0.0 0.0 0.0 0.0 0.0 0.0 0.0
0.0 0.0 0.0 0.0 0.0 0.0 0.0 0.0 0.0 0.0 0.0 0.0 0.0 0.0 0.0 0.0 0.0 0.0 0.02611160369 0.02536309644 0.02618347958 0.02617115855 0.02575820145 0.02505807421 0.02643959324 0.02621731199 0.02543214749 0.02660746115 0.02582120067 0.02672728542 0.02610733625 0.02530995538 0.02539803313 0.02519480287 0.02593637542 0.02571270885 0.02546467508 0.02523888125 0.02640800785 0.919712721745 0.02628131125 0.0 0.0 0.0 0.0 0.0 0.0 0.0 0.0 0.0 0.0 0.0 0.0 0.0 0.0 0.0 0.0 0.0 0.0 0.0 0.0 0.0 0.0 0.0 0.0 0.0 0.0 0.0 0.0 0.0 0.0 0.0 0.0 0.0 0.0 0.0 0.0
0.0 0.0 0.0 0.0 0.0 0.0 0.0 0.0 0.0 0.0 0.0 0.0 0.0 0.0 0.0 0.0 0.0 0.0 0.02650149992 0.02654637296 0.02630898604 0.02651202337 0.0265082038 0.02656838832 0.02652361041 0.0264316075 0.0264202992 0.02624482011 0.0263837994 0.02626151892 0.02655589314 0.02639239021 0.02643041629 0.02633357618 0.02655928815 0.02639061645 0.02639449361 0.02649227273 0.02626354728 0.02628131125 1.15095068965 0.0 0.0 0.0 0.0 0.0 0.0 0.0 0.0 0.0 0.0 0.0 0.0 0.0 0.0 0.0 0.0 0.0 0.0 0.0 0.0 0.0 0.0 0.0 0.0 0.0 0.0 0.0 0.0 0.0 0.0 0.0 0.0 0.0 0.0 0.0 0.0
0.0 0.0 0.0 0.0 0.0 0.0 0.0 0.0 0.0 0.0 0.0 0.0 0.0 0.0 0.0 0.0 0.0 0.0 0.0 0.0 0.0 0.0 0.0 0.0 0.0 0.0 0.0 0.0 0.0 0.0 0.0 0.0 0.0 0.0 0.0 0.0 0.0 0.0 0.0 0.0 0.0 1.1106507328 0.03820938029 0.0302115672 0.03226884142 0.0315710234 0.03541857345 0.03084760432 0.03327224542 0.03441457133 0.03369052375 0.02903551226 0.02831686661 0.02635371831 0.02734609279 0.03290631511 0.03083090134 0.03451629753 0.03142493216 0.02951097788 0.02802934524 0.03066634311 0.02964574869 0.03057928308 0.03062067993 0.02819535683 0.0 0.0 0.0 0.0 0.0 0.0 0.0 0.0 0.0 0.0 0.0
0.0 0.0 0.0 0.0 0.0 0.0 0.0 0.0 0.0 0.0 0.0 0.0 0.0 0.0 0.0 0.0 0.0 0.0 0.0 0.0 0.0 0.0 0.0 0.0 0.0 0.0 0.0 0.0 0.0 0.0 0.0 0.0 0.0 0.0 0.0 0.0 0.0 0.0 0.0 0.0 0.0 0.03820938029 0.404716901733 0.03075247308 0.03427581779 0.03313572095 0.04107292988 0.0319182729 0.03628344287 0.03866584528 0.03715215069 0.02879495201 0.02769084687 0.02475733049 0.02625268008 0.03567882703 0.03184388065 0.03898236028 0.03293897031 0.02963428232 0.0272830923 0.03154204584 0.02982265326 0.03138341999 0.03144693777 0.02751635356 0.0 0.0 0.0 0.0 0.0 0.0 0.0 0.0 0.0 0.0 0.0
0.0 0.0 0.0 0.0 0.0 0.0 0.0 0.0 0.0 0.0 0.0 0.0 0.0 0.0 0.0 0.0 0.0 0.0 0.0 0.0 0.0 0.0 0.0 0.0 0.0 0.0 0.0 0.0 0.0 0.0 0.0 0.0 0.0 0.0 0.0 0.0 0.0 0.0 0.0 0.0 0.0 0.0302115672 0.03075247308 0.610981598399 0.03005583686 0.02983095327 0.03058969638 0.02971881139 0.03014655562 0.03027630321 0.03021309927 0.02919617719 0.02903951865 0.02833986827 0.02865762177 0.03004070544 0.02974240724 0.03029257865 0.02985177219 0.02944980522 0.02902244129 0.02968711413 0.02938027643 0.02957027846 0.02970744689 0.02896786262 0.0 0.0 0.0 0.0 0.0 0.0 0.0 0.0 0.0 0.0 0.0
0.0 0.0 0.0 0.0 0.0 0.0 0.0 0.0 0.0 0.0 0.0 0.0 0.0 0.0 0.0 0.0 0.0 0.0 0.0 0.0 0.0 0.0 0.0 0.0 0.0 0.0 0.0 0.0 0.0 0.0 0.0 0.0 0.0 0.0 0.0 0.0 0.0 0.0 0.0 0.0 0.0 0.03226884142 0.03427581779 0.03005583686 0.403750966217 0.03086270393 0.03316445155 0.03040404962 0.03195894118 0.03247122617 0.03210363309 0.02914458989 0.02866870424 0.02716325342 0.02790177973 0.03161091574 0.03049536907 0.03250478913 0.03084719534 0.02957994535 0.02852390302 0.03032481627 0.02958153481 0.03019220307 0.0303523985 0.02853780636 0.0 0.0 0.0 0.0 0.0 0.0 0.0 0.0 0.0 0.0 0.0
0.0 0.0 0.0 0.0 0.0 0.0 0.0 0.0 0.0 0.0 0.0 0.0 0.0 0.0 0.0 0.0 0.0 0.0 0.0 0.0 0.0 0.0 0.0 0.0 0.0 0.0 0.0 0.0 0.0 0.0 0.0 0.0 0.0 0.0 0.0 0.0 0.0 0.0 0.0 0.0 0.0 0.0315710234 0.03313572095 0.02983095327 0.03086270393 0.593250704723 0.03212217051 0.03014670781 0.03114836019 0.03165579697 0.03140501368 0.02918421781 0.02877455032 0.02757408415 0.02817572802 0.0310695705 0.03010706735 0.03167781333 0.03038212275 0.02948167023 0.02862813761 0.03007165035 0.02949778991 0.02999126491 0.03002260192 0.02869497049 0.0 0.0 0.0 0.0 0.0 0.0 0.0 0.0 0.0 0.0 0.0
0.0 0.0 0.0 0.0 0.0 0.0 0.0 0.0 0.0 0.0 0.0 0.0 0.0 0.0 0.0 0.0 0.0 0.0 0.0 0.0 0.0 0.0 0.0 0.0 0.0 0.0 0.0 0.0 0.0 0.0 0.0 0.0 0.0 0.0 0.0 0.0 0.0 0.0 0.0 0.0 0.0 0.03541857345 0.04107292988 0.03058969638 0.03316445155 0.03212217051 0.286417418721 0.03132598272 0.03455044561 0.03587187679 0.03492559024 0.02899386862 0.0282471765 0.02600495251 0.02709884353 0.03381877875 0.03143590047 0.03612076992 0.03219059861 0.02975446718 0.02806733619 0.03109886578 0.02977324501 0.0307955319 0.03115939204 0.02809611186 0.0 0.0 0.0 0.0 0.0 0.0 0.0 0.0 0.0 0.0 0.0
0.0 0.0 0.0 0.0 0.0 0.0 0.0 0.0 0.0 0.0 0.0 0.0 0.0 0.0 0.0 0.0 0.0 0.0 0.0 0.0 0.0 0.0 0.0 0.0 0.0 0.0 0.0 0.0 0.0 0.0 0.0 0.0 0.0 0.0 0.0 0.0 0.0 0.0 0.0 0.0 0.0 0.03084760432 0.0319182729 0.02971881139 0.03040404962 0.03014670781 0.03132598272 0.547223975084 0.03050291496 0.03086302324 0.03076475111 0.02921671994 0.02896554196 0.02809367113 0.02849821035 0.0305359673 0.02988224543 0.03091121028 0.03005539086 0.02949073867 0.02890492472 0.02986705959 0.02944434001 0.02975394832 0.0298534397 0.02890715669 0.0 0.0 0.0 0.0 0.0 0.0 0.0 0.0 0.0 0.0 0.0
0.0 0.0 0.0 0.0 0.0 0.0 0.0 0.0 0.0 0.0 0.0 0.0 0.0 0.0 0.0 0.0 0.0 0.0 0.0 0.0 0.0 0.0 0.0 0.0 0.0 0.0 0.0 0.0 0.0 0.0 0.0 0.0 0.0 0.0 0.0 0.0 0.0 0.0 0.0 0.0 0.0 0.03327224542 0.03628344287 0.03014655562 0.03195894118 0.03114836019 0.03455044561 0.03050291496 0.296615862389 0.03387778204 0.03313868221 0.02887173924 0.0282961361 0.02637174609 0.02731725551 0.03220496842 0.03093270133 0.03394254423 0.03146220541 0.02935335202 0.02807898808 0.03038544864 0.0295334061 0.03027355057 0.0306374931 0.02813122926 0.0 0.0 0.0 0.0 0.0 0.0 0.0 0.0 0.0 0.0 0.0
0.0 0.0 0.0 0.0 0.0 0.0 0.0 0.0 0.0 0.0 0.0 0.0 0.0 0.0 0.0 0.0 0.0 0.0 0.0 0.0 0.0 0.0 0.0 0.0 0.0 0.0 0.0 0.0 0.0 0.0 0.0 0.0 0.0 0.0 0.0 0.0 0.0 0.0 0.0 0.0 0.0 0.03441457133 0.03866584528 0.03027630321 0.03247122617 0.03165579697 0.03587187679 0.03086302324 0.03387778204 0.325929839472 0.03404027977 0.02892765329 0.0281887371 0.02609033206 0.02717011442 0.03306528796 0.03105571427 0.0350255955 0.03172558253 0.02947087216 0.02791670206 0.0307264567 0.02963908931 0.03058695837 0.03075351353 0.02805066709 0.0 0.0 0.0 0.0 0.0 0.0 0.0 0.0 0.0 0.0 0.0
0.0 0.0 0.0 0.0 0.0 0.0 0.0 0.0 0.0 0.0 0.0 0.0 0.0 0.0 0.0 0.0 0.0 0.0 0.0 0.0 0.0 0.0 0.0 0.0 0.0 0.0 0.0 0.0 0.0 0.0 0.0 0.0 0.0 0.0 0.0 0.0 0.0 0.0 0.0 0.0 0.0 0.03369052375 0.03715215069 0.03021309927 0.03210363309 0.03140501368 0.03492559024 0.03076475111 0.03313868221 0.03404027977 0.315823479049 0.02897352773 0.02835728781 0.02651573169 0.02738853688 0.03257394955 0.03088964979 0.03413418884 0.03140950717 0.02946043584 0.0281328785 0.03055220714 0.02962437127 0.03039314741 0.03067394623 0.02825309835 0.0 0.0 0.0 0.0 0.0 0.0 0.0 0.0 0.0 0.0 0.0
0.0 0.0 0.0 0.0 0.0 0.0 0.0 0.0 0.0 0.0 0.0 0.0 0.0 0.0 0.0 0.0 0.0 0.0 0.0 0.0 0.0 0.0 0.0 0.0 0.0 0.0 0.0 0.0 0.0 0.0 0.0 0.0 0.0 0.0 0.0 0.0 0.0 0.0 0.0 0.0 0.0 0.02903551226 0.02879495201 0.02919617719 0.02914458989 0.02918421781 0.02899386862 0.02921671994 0.02887173924 0.02892765329 0.02897352773 0.797408469511 0.02930120218 0.02917836179 0.0292328629 0.02911852055 0.02906584554 0.02891727877 0.02902641835 0.0293198341 0.02930191621 0.02925448301 0.02923843745 0.02924162447 0.02914911434 0.02928408437 0.0 0.0 0.0 0.0 0.0 0.0 0.0 0.0 0.0 0.0 0.0
0.0 0.0 0.0 0.0 0.0 0.0 0.0 0.0 0.0 0.0 0.0 0.0 0.0 0.0 0.0 0.0 0.0 0.0 0.0 0.0 0.0 0.0 0.0 0.0 0.0 0.0 0.0 0.0 0.0 0.0 0.0 0.0 0.0 0.0 0.0 0.0 0.0 0.0 0.0 0.0 0.0 0.02831686661 0.02769084687 0.02903951865 0.02866870424 0.02877455032 0.0282471765 0.02896554196 0.0282961361 0.0281887371 0.02835728781 0.02930120218 2.96230177336 0.02979561169 0.02962358192 0.02855862454 0.02882835385 0.02818478797 0.02871170439 0.02931079243 0.02963186371 0.02900390951 0.02912465811 0.02894761518 0.02893546961 0.02948064489 0.0 0.0 0.0 0.0 0.0 0.0 0.0 0.0 0.0 0.0 0.0
0.0 0.0 0.0 0.0 0.0 0.0 0.0 0.0 0.0 0.0 0.0 0.0 0.0 0.0 0.0 0.0 0.0 0.0 0.0 0.0 0.0 0.0 0.0 0.0 0.0 0.0 0.0 0.0 0.0 0.0 0.0 0.0 0.0 0.0 0.0 0.0 0.0 0.0 0.0 0.0 0.0 0.02635371831 0.02475733049 0.02833986827 0.02716325342 0.02757408415 0.02600495251 0.02809367113 0.02637174609 0.02609033206 0.02651573169 0.02917836179 0.02979561169 1.70273133648 0.0308334093 0.0269857466 0.02785792387 0.02614954773 0.02750782376 0.02900474959 0.030341649 0.02816692946 0.02869962858 0.02810064 0.02812957605 0.02999424023 0.0 0.0 0.0 0.0 0.0 0.0 0.0 0.0 0.0 0.0 0.0
0.0 0.0 0.0 0.0 0.0 0.0 0.0 0.0 0.0 0.0 0.0 0.0 0.0 0.0 0.0 0.0 0.0 0.0 0.0 0.0 0.0 0.0 0.0 0.0 0.0 0.0 0.0 0.0 0.0 0.0 0.0 0.0 0.0 0.0 0.0 0.0 0.0 0.0 0.0 0.0 0.0 0.02734609279 0.02625268008 0.02865762177 0.02790177973 0.02817572802 0.02709884353 0.02849821035 0.02731725551 0.02717011442 0.02738853688 0.0292328629 0.02962358192 0.0308334093 1.34028963052 0.02777652671 0.02828547997 0.02715918792 0.02809244092 0.02914088231 0.02989562105 0.02859129172 0.02889476007 0.02853993227 0.02845210232 0.02969148593 0.0 0.0 0.0 0.0 0.0 0.0 0.0 0.0 0.0 0.0 0.0
0.0 0.0 0.0 0.0 0.0 0.0 0.0 0.0 0.0 0.0 0.0 0.0 0.0 0.0 0.0 0.0 0.0 0.0 0.0 0.0 0.0 0.0 0.0 0.0 0.0 0.0 0.0 0.0 0.0 0.0 0.0 0.0 0.0 0.0 0.0 0.0 0.0 0.0 0.0 0.0 0.0 0.03290631511 0.03567882703 0.03004070544 0.03161091574 0.0310695705 0.03381877875 0.0305359673 0.03220496842 0.03306528796 0.03257394955 0.02911852055 0.02855862454 0.0269857466 0.02777652671 0.643578668006 0.03049590259 0.03312017209 0.03093729419 0.02951963223 0.02834615018 0.03039762934 0.02958401283 0.03029564778 0.03035253509 0.02845798839 0.0 0.0 0.0 0.0 0.0 0.0 0.0 0.0 0.0 0.0 0.0
0.0 0.0 0.0 0.0 0.0 0.0 0.0 0.0 0.0 0.0 0.0 0.0 0.0 0.0 0.0 0.0 0.0 0.0 0.0 0.0 0.0 0.0 0.0 0.0 0.0 0.0 0.0 0.0 0.0 0.0 0.0 0.0 0.0 0.0 0.0 0.0 0.0 0.0 0.0 0.0 0.0 0.03083090134 0.03184388065 0.02974240724 0.03049536907 0.03010706735 0.03143590047 0.02988224543 0.03093270133 0.03105571427 0.03088964979 0.02906584554 0.02882835385 0.02785792387 0.02828547997 0.03049590259 0.552371011429 0.03109799775 0.03028165428 0.02937989864 0.02877283339 0.02981655956 0.0293925245 0.02967487829 0.02997213331 0.0287301695 0.0 0.0 0.0 0.0 0.0 0.0 0.0 0.0 0.0 0.0 0.0
0.0 0.0 0.0 0.0 0.0 0.0 0.0 0.0 0.0 0.0 0.0 0.0 0.0 0.0 0.0 0.0 0.0 0.0 0.0 0.0 0.0 0.0 0.0 0.0 0.0 0.0 0.0 0.0 0.0 0.0 0.0 0.0 0.0 0.0 0.0 0.0 0.0 0.0 0.0 0.0 0.0 0.03451629753 0.03898236028 0.03029257865 0.03250478913 0.03167781333 0.03612076992 0.03091121028 0.03394254423 0.0350255955 0.03413418884 0.02891727877 0.02818478797 0.02614954773 0.02715918792 0.03312017209 0.03109799775 0.369606028341 0.031755597 0.02944358074 0.02793506136 0.03073182922 0.02964258224 0.03054154822 0.03082691226 0.02808626451 0.0 0.0 0.0 0.0 0.0 0.0 0.0 0.0 0.0 0.0 0.0
0.0 0.0 0.0 0.0 0.0 0.0 0.0 0.0 0.0 0.0 0.0 0.0 0.0 0.0 0.0 0.0 0.0 0.0 0.0 0.0 0.0 0.0 0.0 0.0 0.0 0.0 0.0 0.0 0.0 0.0 0.0 0.0 0.0 0.0 0.0 0.0 0.0 0.0 0.0 0.0 0.0 0.03142493216 0.03293897031 0.02985177219 0.03084719534 0.03038212275 0.03219059861 0.03005539086 0.03146220541 0.03172558253 0.03140950717 0.02902641835 0.02871170439 0.02750782376 0.02809244092 0.03093729419 0.03028165428 0.031755597 0.596563592047 0.02941844706 0.02861938037 0.02998614985 0.02942891819 0.0298309202 0.03010035978 0.02859207159 0.0 0.0 0.0 0.0 0.0 0.0 0.0 0.0 0.0 0.0 0.0
0.0 0.0 0.0 0.0 0.0 0.0 0.0 0.0 0.0 0.0 0.0 0.0 0.0 0.0 0.0 0.0 0.0 0.0 0.0 0.0 0.0 0.0 0.0 0.0 0.0 0.0 0.0 0.0 0.0 0.0 0.0 0.0 0.0 0.0 0.0 0.0 0.0 0.0 0.0 0.0 0.0 0.02951097788 0.02963428232 0.02944980522 0.02957994535 0.02948167023 0.02975446718 0.02949073867 0.02935335202 0.02947087216 0.02946043584 0.0293198341 0.02931079243 0.02900474959 0.02914088231 0.02951963223 0.02937989864 0.02944358074 0.02941844706 1.22242346189 0.02939652653 0.02952888279 0.02932917717 0.02942018274 0.02940604428 0.02923167435 0.0 0.0 0.0 0.0 0.0 0.0 0.0 0.0 0.0 0.0 0.0
0.0 0.0 0.0 0.0 0.0 0.0 0.0 0.0 0.0 0.0 0.0 0.0 0.0 0.0 0.0 0.0 0.0 0.0 0.0 0.0 0.0 0.0 0.0 0.0 0.0 0.0 0.0 0.0 0.0 0.0 0.0 0.0 0.0 0.0 0.0 0.0 0.0 0.0 0.0 0.0 0.0 0.02802934524 0.0272830923 0.02902244129 0.02852390302 0.02862813761 0.02806733619 0.02890492472 0.02807898808 0.02791670206 0.0281328785 0.02930191621 0.02963186371 0.030341649 0.02989562105 0.02834615018 0.02877283339 0.02793506136 0.02861938037 0.02939652653 0.772169891617 0.0289444541 0.02909361305 0.028828138 0.02891992869 0.02963403563 0.0 0.0 0.0 0.0 0.0 0.0 0.0 0.0 0.0 0.0 0.0
0.0 0.0 0.0 0.0 0.0 0.0 0.0 0.0 0.0 0.0 0.0 0.0 0.0 0.0 0.0 0.0 0.0 0.0 0.0 0.0 0.0 0.0 0.0 0.0 0.0 0.0 0.0 0.0 0.0 0.0 0.0 0.0 0.0 0.0 0.0 0.0 0.0 0.0 0.0 0.0 0.0 0.03066634311 0.03154204584 0.02968711413 0.03032481627 0.03007165035 0.03109886578 0.02986705959 0.03038544864 0.0307264567 0.03055220714 0.02925448301 0.02900390951 0.02816692946 0.02859129172 0.03039762934 0.02981655956 0.03073182922 0.02998614985 0.02952888279 0.0289444541 0.894242769145 0.02944484342 0.02975483403 0.02977405094 0.02892488854 0.0 0.0 0.0 0.0 0.0 0.0 0.0 0.0 0.0 0.0 0.0
0.0 0.0 0.0 0.0 0.0 0.0 0.0 0.0 0.0 0.0 0.0 0.0 0.0 0.0 0.0 0.0 0.0 0.0 0.0 0.0 0.0 0.0 0.0 0.0 0.0 0.0 0.0 0.0 0.0 0.0 0.0 0.0 0.0 0.0 0.0 0.0 0.0 0.0 0.0 0.0 0.0 0.02964574869 0.02982265326 0.02938027643 0.02958153481 0.02949778991 0.02977324501 0.02944434001 0.0295334061 0.02963908931 0.02962437127 0.02923843745 0.02912465811 0.02869962858 0.02889476007 0.02958401283 0.0293925245 0.02964258224 0.02942891819 0.02932917717 0.02909361305 0.02944484342 0.775181534224 0.0293944219 0.02941654258 0.02909578697 0.0 0.0 0.0 0.0 0.0 0.0 0.0 0.0 0.0 0.0 0.0
0.0 0.0 0.0 0.0 0.0 0.0 0.0 0.0 0.0 0.0 0.0 0.0 0.0 0.0 0.0 0.0 0.0 0.0 0.0 0.0 0.0 0.0 0.0 0.0 0.0 0.0 0.0 0.0 0.0 0.0 0.0 0.0 0.0 0.0 0.0 0.0 0.0 0.0 0.0 0.0 0.0 0.03057928308 0.03138341999 0.02957027846 0.03019220307 0.02999126491 0.0307955319 0.02975394832 0.03027355057 0.03058695837 0.03039314741 0.02924162447 0.02894761518 0.02810064 0.02853993227 0.03029564778 0.02967487829 0.03054154822 0.0298309202 0.02942018274 0.028828138 0.02975483403 0.0293944219 0.60094368411 0.02963742669 0.0288733509 0.0 0.0 0.0 0.0 0.0 0.0 0.0 0.0 0.0 0.0 0.0
0.0 0.0 0.0 0.0 0.0 0.0 0.0 0.0 0.0 0.0 0.0 0.0 0.0 0.0 0.0 0.0 0.0 0.0 0.0 0.0 0.0 0.0 0.0 0.0 0.0 0.0 0.0 0.0 0.0 0.0 0.0 0.0 0.0 0.0 0.0 0.0 0.0 0.0 0.0 0.0 0.0 0.03062067993 0.03144693777 0.02970744689 0.0303523985 0.03002260192 0.03115939204 0.0298534397 0.0306374931 0.03075351353 0.03067394623 0.02914911434 0.02893546961 0.02812957605 0.02845210232 0.03035253509 0.02997213331 0.03082691226 0.03010035978 0.02940604428 0.02891992869 0.02977405094 0.02941654258 0.02963742669 1.23190766627 0.0288738118 0.0 0.0 0.0 0.0 0.0 0.0 0.0 0.0 0.0 0.0 0.0
0.0 0.0 0.0 0.0 0.0 0.0 0.0 0.0 0.0 0.0 0.0 0.0 0.0 0.0 0.0 0.0 0.0 0.0 0.0 0.0 0.0 0.0 0.0 0.0 0.0 0.0 0.0 0.0 0.0 0.0 0.0 0.0 0.0 0.0 0.0 0.0 0.0 0.0 0.0 0.0 0.0 0.02819535683 0.02751635356 0.02896786262 0.02853780636 0.02869497049 0.02809611186 0.02890715669 0.02813122926 0.02805066709 0.02825309835 0.02928408437 0.02948064489 0.02999424023 0.02969148593 0.02845798839 0.0287301695 0.02808626451 0.02859207159 0.02923167435 0.02963403563 0.02892488854 0.02909578697 0.0288733509 0.0288738118 0.928868412587 0.0 0.0 0.0 0.0 0.0 0.0 0.0 0.0 0.0 0.0 0.0
0.0 0.0 0.0 0.0 0.0 0.0 0.0 0.0 0.0 0.0 0.0 0.0 0.0 0.0 0.0 0.0 0.0 0.0 0.0 0.0 0.0 0.0 0.0 0.0 0.0 0.0 0.0 0.0 0.0 0.0 0.0 0.0 0.0 0.0 0.0 0.0 0.0 0.0 0.0 0.0 0.0 0.0 0.0 0.0 0.0 0.0 0.0 0.0 0.0 0.0 0.0 0.0 0.0 0.0 0.0 0.0 0.0 0.0 0.0 0.0 0.0 0.0 0.0 0.0 0.0 0.0 0.170445386916 0.02626284887 0.02934888656 0.02776055673 0.02794465581 0.02703108004 0.02430850409 0.02601932407 0.02205604078 0.02380763779 0.02483470956
0.0 0.0 0.0 0.0 0.0 0.0 0.0 0.0 0.0 0.0 0.0 0.0 0.0 0.0 0.0 0.0 0.0 0.0 0.0 0.0 0.0 0.0 0.0 0.0 0.0 0.0 0.0 0.0 0.0 0.0 0.0 0.0 0.0 0.0 0.0 0.0 0.0 0.0 0.0 0.0 0.0 0.0 0.0 0.0 0.0 0.0 0.0 0.0 0.0 0.0 0.0 0.0 0.0 0.0 0.0 0.0 0.0 0.0 0.0 0.0 0.0 0.0 0.0 0.0 0.0 0.0 0.02626284887 0.672428837437 0.02641577317 0.02648297207 0.02632601256 0.02633837253 0.02606779598 0.02620247127 0.02553431687 0.02596152392 0.02601923896
0.0 0.0 0.0 0.0 0.0 0.0 0.0 0.0 0.0 0.0 0.0 0.0 0.0 0.0 0.0 0.0 0.0 0.0 0.0 0.0 0.0 0.0 0.0 0.0 0.0 0.0 0.0 0.0 0.0 0.0 0.0 0.0 0.0 0.0 0.0 0.0 0.0 0.0 0.0 0.0 0.0 0.0 0.0 0.0 0.0 0.0 0.0 0.0 0.0 0.0 0.0 0.0 0.0 0.0 0.0 0.0 0.0 0.0 0.0 0.0 0.0 0.0 0.0 0.0 0.0 0.0 0.02934888656 0.02641577317 0.271705197125 0.02718188252 0.02706535767 0.02679787973 0.02557586703 0.02630512186 0.0244252546 0.0253751622 0.02579041251
0.0 0.0 0.0 0.0 0.0 0.0 0.0 0.0 0.0 0.0 0.0 0.0 0.0 0.0 0.0 0.0 0.0 0.0 0.0 0.0 0.0 0.0 0.0 0.0 0.0 0.0 0.0 0.0 0.0 0.0 0.0 0.0 0.0 0.0 0.0 0.0 0.0 0.0 0.0 0.0 0.0 0.0 0.0 0.0 0.0 0.0 0.0 0.0 0.0 0.0 0.0 0.0 0.0 0.0 0.0 0.0 0.0 0.0 0.0 0.0 0.0 0.0 0.0 0.0 0.0 0.0 0.02776055673 0.02648297207 0.02718188252 0.274993017618 0.02709822519 0.02686252511 0.02605611275 0.0263489928 0.02521766487 0.02592862991 0.0261889229
0.0 0.0 0.0 0.0 0.0 0.0 0.0 0.0 0.0 0.0 0.0 0.0 0.0 0.0 0.0 0.0 0.0 0.0 0.0 0.0 0.0 0.0 0.0 0.0 0.0 0.0 0.0 0.0 0.0 0.0 0.0 0.0 0.0 0.0 0.0 0.0 0.0 0.0 0.0 0.0 0.0 0.0 0.0 0.0 0.0 0.0 0.0 0.0 0.0 0.0 0.0 0.0 0.0 0.0 0.0 0.0 0.0 0.0 0.0 0.0 0.0 0.0 0.0 0.0 0.0 0.0 0.02794465581 0.02632601256 0.02706535767 0.02709822519 0.271684212194 0.0267793323 0.02597409104 0.02623472684 0.02529791638 0.02589219189 0.02612611995
0.0 0.0 0.0 0.0 0.0 0.0 0.0 0.0 0.0 0.0 0.0 0.0 0.0 0.0 0.0 0.0 0.0 0.0 0.0 0.0 0.0 0.0 0.0 0.0 0.0 0.0 0.0 0.0 0.0 0.0 0.0 0.0 0.0 0.0 0.0 0.0 0.0 0.0 0.0 0.0 0.0 0.0 0.0 0.0 0.0 0.0 0.0 0.0 0.0 0.0 0.0 0.0 0.0 0.0 0.0 0.0 0.0 0.0 0.0 0.0 0.0 0.0 0.0 0.0 0.0 0.0 0.02703108004 0.02633837253 0.02679787973 0.02686252511 0.0267793323 0.35559099224 0.02608067618 0.02625386074 0.02555357268 0.02603799574 0.02625640544
0.0 0.0 0.0 0.0 0.0 0.0 0.0 0.0 0.0 0.0 0.0 0.0 0.0 0.0 0.0 0.0 0.0 0.0 0.0 0.0 0.0 0.0 0.0 0.0 0.0 0.0 0.0 0.0 0.0 0.0 0.0 0.0 0.0 0.0 0.0 0.0 0.0 0.0 0.0 0.0 0.0 0.0 0.0 0.0 0.0 0.0 0.0 0.0 0.0 0.0 0.0 0.0 0.0 0.0 0.0 0.0 0.0 0.0 0.0 0.0 0.0 0.0 0.0 0.0 0.0 0.0 0.02430850409 0.02606779598 0.02557586703 0.02605611275 0.02597409104 0.02608067618 0.384971277993 0.02611045522 0.02664312963 0.02658387943 0.02635472216
0.0 0.0 0.0 0.0 0.0 0.0 0.0 0.0 0.0 0.0 0.0 0.0 0.0 0.0 0.0 0.0 0.0 0.0 0.0 0.0 0.0 0.0 0.0 0.0 0.0 0.0 0.0 0.0 0.0 0.0 0.0 0.0 0.0 0.0 0.0 0.0 0.0 0.0 0.0 0.0 0.0 0.0 0.0 0.0 0.0 0.0 0.0 0.0 0.0 0.0 0.0 0.0 0.0 0.0 0.0 0.0 0.0 0.0 0.0 0.0 0.0 0.0 0.0 0.0 0.0 0.0 0.02601932407 0.02620247127 0.02630512186 0.0263489928 0.02623472684 0.02625386074 0.02611045522 0.501168526194 0.02585671522 0.0261704137 0.0261163461
0.0 0.0 0.0 0.0 0.0 0.0 0.0 0.0 0.0 0.0 0.0 0.0 0.0 0.0 0.0 0.0 0.0 0.0 0.0 0.0 0.0 0.0 0.0 0.0 0.0 0.0 0.0 0.0 0.0 0.0 0.0 0.0 0.0 0.0 0.0 0.0 0.0 0.0 0.0 0.0 0.0 0.0 0.0 0.0 0.0 0.0 0.0 0.0 0.0 0.0 0.0 0.0 0.0 0.0 0.0 0.0 0.0 0.0 0.0 0.0 0.0 0.0 0.0 0.0 0.0 0.0 0.02205604078 0.02553431687 0.0244252546 0.02521766487 0.02529791638 0.02555357268 0.02664312963 0.02585671522 1.53656087148 0.02709237216 0.02663269012
0.0 0.0 0.0 0.0 0.0 0.0 0.0 0.0 0.0 0.0 0.0 0.0 0.0 0.0 0.0 0.0 0.0 0.0 0.0 0.0 0.0 0.0 0.0 0.0 0.0 0.0 0.0 0.0 0.0 0.0 0.0 0.0 0.0 0.0 0.0 0.0 0.0 0.0 0.0 0.0 0.0 0.0 0.0 0.0 0.0 0.0 0.0 0.0 0.0 0.0 0.0 0.0 0.0 0.0 0.0 0.0 0.0 0.0 0.0 0.0 0.0 0.0 0.0 0.0 0.0 0.0 0.02380763779 0.02596152392 0.0253751622 0.02592862991 0.02589219189 0.02603799574 0.02658387943 0.0261704137 0.02709237216 0.731614638709 0.02655534448
0.0 0.0 0.0 0.0 0.0 0.0 0.0 0.0 0.0 0.0 0.0 0.0 0.0 0.0 0.0 0.0 0.0 0.0 0.0 0.0 0.0 0.0 0.0 0.0 0.0 0.0 0.0 0.0 0.0 0.0 0.0 0.0 0.0 0.0 0.0 0.0 0.0 0.0 0.0 0.0 0.0 0.0 0.0 0.0 0.0 0.0 0.0 0.0 0.0 0.0 0.0 0.0 0.0 0.0 0.0 0.0 0.0 0.0 0.0 0.0 0.0 0.0 0.0 0.0 0.0 0.0 0.02483470956 0.02601923896 0.02579041251 0.0261889229 0.02612611995 0.02625640544 0.02635472216 0.0261163461 0.02663269012 0.02655534448 0.311161276311
