74 74
0.34952336169 0.008290140825 0.007557881763 0.007459613022 0.00775296715 0.007593277072 0.006680299833 0.007384532157 0.008043415502 0.007739124414 0.007616549008 0.00759923345 0.007624219982 0.007871221478 0.007502562094 0.0 0.0 0.0 0.0 0.0 0.0 0.0 0.0 0.0 0.0 0.0 0.0 0.0 0.0 0.0 0.0 0.0 0.0 0.0 0.0 0.0 0.0 0.0 0.0 0.0 0.0 0.0 0.0 0.0 0.0 0.0 0.0 0.0 0.0 0.0 0.0 0.0 0.0 0.0 0.0 0.0 0.0 0.0 0.0 0.0 0.0 0.0 0.0 0.0 0.0 0.0 0.0 0.0 0.0 0.0 0.0 0.0 0.0 0.0
0.008290140825 0.826796904793 0.007506437682 0.007374020681 0.007765043688 0.007544431143 0.006339848298 0.007236411426 0.008167423998 0.007749849425 0.007561736525 0.007566217948 0.007604714629 0.007922322678 0.007432976017 0.0 0.0 0.0 0.0 0.0 0.0 0.0 0.0 0.0 0.0 0.0 0.0 0.0 0.0 0.0 0.0 0.0 0.0 0.0 0.0 0.0 0.0 0.0 0.0 0.0 0.0 0.0 0.0 0.0 0.0 0.0 0.0 0.0 0.0 0.0 0.0 0.0 0.0 0.0 0.0 0.0 0.0 0.0 0.0 0.0 0.0 0.0 0.0 0.0 0.0 0.0 0.0 0.0 0.0 0.0 0.0 0.0 0.0 0.0
0.007557881763 0.007506437682 0.23155651759 0.007702736795 0.007679010685 0.007691067928 0.007870122238 0.007728997832 0.00759999467 0.007674778767 0.00771959549 0.007693139834 0.007687733864 0.007717904731 0.007679770024 0.0 0.0 0.0 0.0 0.0 0.0 0.0 0.0 0.0 0.0 0.0 0.0 0.0 0.0 0.0 0.0 0.0 0.0 0.0 0.0 0.0 0.0 0.0 0.0 0.0 0.0 0.0 0.0 0.0 0.0 0.0 0.0 0.0 0.0 0.0 0.0 0.0 0.0 0.0 0.0 0.0 0.0 0.0 0.0 0.0 0.0 0.0 0.0 0.0 0.0 0.0 0.0 0.0 0.0 0.0 0.0 0.0 0.0 0.0
0.007459613022 0.007374020681 0.007702736795 0.241797141275 0.007634152107 0.007698243465 0.008004803213 0.007804506602 0.007504554162 0.007624066822 0.007709118456 0.007684951334 0.007654089171 0.007592626751 0.007672370216 0.0 0.0 0.0 0.0 0.0 0.0 0.0 0.0 0.0 0.0 0.0 0.0 0.0 0.0 0.0 0.0 0.0 0.0 0.0 0.0 0.0 0.0 0.0 0.0 0.0 0.0 0.0 0.0 0.0 0.0 0.0 0.0 0.0 0.0 0.0 0.0 0.0 0.0 0.0 0.0 0.0 0.0 0.0 0.0 0.0 0.0 0.0 0.0 0.0 0.0 0.0 0.0 0.0 0.0 0.0 0.0 0.0 0.0 0.0
0.00775296715 0.007765043688 0.007679010685 0.007634152107 0.29461145183 0.007692471548 0.007463891311 0.007646721078 0.007755608589 0.007707374534 0.007713167164 0.007684906205 0.007666928362 0.007746107505 0.007594493563 0.0 0.0 0.0 0.0 0.0 0.0 0.0 0.0 0.0 0.0 0.0 0.0 0.0 0.0 0.0 0.0 0.0 0.0 0.0 0.0 0.0 0.0 0.0 0.0 0.0 0.0 0.0 0.0 0.0 0.0 0.0 0.0 0.0 0.0 0.0 0.0 0.0 0.0 0.0 0.0 0.0 0.0 0.0 0.0 0.0 0.0 0.0 0.0 0.0 0.0 0.0 0.0 0.0 0.0 0.0 0.0 0.0 0.0 0.0
0.007593277072 0.007544431143 0.007691067928 0.007698243465 0.007692471548 0.292897393768 0.00777545369 0.007757654323 0.007627440966 0.007678045079 0.007736355416 0.007707523238 0.007665747098 0.007659808671 0.007622263807 0.0 0.0 0.0 0.0 0.0 0.0 0.0 0.0 0.0 0.0 0.0 0.0 0.0 0.0 0.0 0.0 0.0 0.0 0.0 0.0 0.0 0.0 0.0 0.0 0.0 0.0 0.0 0.0 0.0 0.0 0.0 0.0 0.0 0.0 0.0 0.0 0.0 0.0 0.0 0.0 0.0 0.0 0.0 0.0 0.0 0.0 0.0 0.0 0.0 0.0 0.0 0.0 0.0 0.0 0.0 0.0 0.0 0.0 0.0
0.006680299833 0.006339848298 0.007870122238 0.008004803213 0.007463891311 0.00777545369 0.17385163475 0.008301923607 0.006865386644 0.007419711746 0.007791909651 0.007728129702 0.007635268131 0.007287736087 0.007837351825 0.0 0.0 0.0 0.0 0.0 0.0 0.0 0.0 0.0 0.0 0.0 0.0 0.0 0.0 0.0 0.0 0.0 0.0 0.0 0.0 0.0 0.0 0.0 0.0 0.0 0.0 0.0 0.0 0.0 0.0 0.0 0.0 0.0 0.0 0.0 0.0 0.0 0.0 0.0 0.0 0.0 0.0 0.0 0.0 0.0 0.0 0.0 0.0 0.0 0.0 0.0 0.0 0.0 0.0 0.0 0.0 0.0 0.0 0.0
0.007384532157 0.007236411426 0.007728997832 0.007804506602 0.007646721078 0.007757654323 0.008301923607 0.198279700741 0.007446179796 0.007613768466 0.007791471824 0.007736576516 0.007660556362 0.007569437639 0.007709846983 0.0 0.0 0.0 0.0 0.0 0.0 0.0 0.0 0.0 0.0 0.0 0.0 0.0 0.0 0.0 0.0 0.0 0.0 0.0 0.0 0.0 0.0 0.0 0.0 0.0 0.0 0.0 0.0 0.0 0.0 0.0 0.0 0.0 0.0 0.0 0.0 0.0 0.0 0.0 0.0 0.0 0.0 0.0 0.0 0.0 0.0 0.0 0.0 0.0 0.0 0.0 0.0 0.0 0.0 0.0 0.0 0.0 0.0 0.0
0.008043415502 0.008167423998 0.00759999467 0.007504554162 0.007755608589 0.007627440966 0.006865386644 0.007446179796 0.280471316926 0.00774269736 0.007649255787 0.007629101378 0.007641417107 0.007853134358 0.007522311526 0.0 0.0 0.0 0.0 0.0 0.0 0.0 0.0 0.0 0.0 0.0 0.0 0.0 0.0 0.0 0.0 0.0 0.0 0.0 0.0 0.0 0.0 0.0 0.0 0.0 0.0 0.0 0.0 0.0 0.0 0.0 0.0 0.0 0.0 0.0 0.0 0.0 0.0 0.0 0.0 0.0 0.0 0.0 0.0 0.0 0.0 0.0 0.0 0.0 0.0 0.0 0.0 0.0 0.0 0.0 0.0 0.0 0.0 0.0
0.007739124414 0.007749849425 0.007674778767 0.007624066822 0.007707374534 0.007678045079 0.007419711746 0.007613768466 0.00774269736 0.242293299045 0.00768801172 0.007675693888 0.007665222558 0.007732360771 0.007597838796 0.0 0.0 0.0 0.0 0.0 0.0 0.0 0.0 0.0 0.0 0.0 0.0 0.0 0.0 0.0 0.0 0.0 0.0 0.0 0.0 0.0 0.0 0.0 0.0 0.0 0.0 0.0 0.0 0.0 0.0 0.0 0.0 0.0 0.0 0.0 0.0 0.0 0.0 0.0 0.0 0.0 0.0 0.0 0.0 0.0 0.0 0.0 0.0 0.0 0.0 0.0 0.0 0.0 0.0 0.0 0.0 0.0 0.0 0.0
0.007616549008 0.007561736525 0.00771959549 0.007709118456 0.007713167164 0.007736355416 0.007791909651 0.007791471824 0.007649255787 0.00768801172 0.240883981197 0.007720912029 0.00767538949 0.007697917181 0.007639869353 0.0 0.0 0.0 0.0 0.0 0.0 0.0 0.0 0.0 0.0 0.0 0.0 0.0 0.0 0.0 0.0 0.0 0.0 0.0 0.0 0.0 0.0 0.0 0.0 0.0 0.0 0.0 0.0 0.0 0.0 0.0 0.0 0.0 0.0 0.0 0.0 0.0 0.0 0.0 0.0 0.0 0.0 0.0 0.0 0.0 0.0 0.0 0.0 0.0 0.0 0.0 0.0 0.0 0.0 0.0 0.0 0.0 0.0 0.0
0.00759923345 0.007566217948 0.007693139834 0.007684951334 0.007684906205 0.007707523238 0.007728129702 0.007736576516 0.007629101378 0.007675693888 0.007720912029 16.8540427513 0.007662053401 0.007669389464 0.007630457459 0.0 0.0 0.0 0.0 0.0 0.0 0.0 0.0 0.0 0.0 0.0 0.0 0.0 0.0 0.0 0.0 0.0 0.0 0.0 0.0 0.0 0.0 0.0 0.0 0.0 0.0 0.0 0.0 0.0 0.0 0.0 0.0 0.0 0.0 0.0 0.0 0.0 0.0 0.0 0.0 0.0 0.0 0.0 0.0 0.0 0.0 0.0 0.0 0.0 0.0 0.0 0.0 0.0 0.0 0.0 0.0 0.0 0.0 0.0
0.007624219982 0.007604714629 0.007687733864 0.007654089171 0.007666928362 0.007665747098 0.007635268131 0.007660556362 0.007641417107 0.007665222558 0.00767538949 0.007662053401 0.237164137018 0.007677932981 0.007629499433 0.0 0.0 0.0 0.0 0.0 0.0 0.0 0.0 0.0 0.0 0.0 0.0 0.0 0.0 0.0 0.0 0.0 0.0 0.0 0.0 0.0 0.0 0.0 0.0 0.0 0.0 0.0 0.0 0.0 0.0 0.0 0.0 0.0 0.0 0.0 0.0 0.0 0.0 0.0 0.0 0.0 0.0 0.0 0.0 0.0 0.0 0.0 0.0 0.0 0.0 0.0 0.0 0.0 0.0 0.0 0.0 0.0 0.0 0.0
0.007871221478 0.007922322678 0.007717904731 0.007592626751 0.007746107505 0.007659808671 0.007287736087 0.007569437639 0.007853134358 0.007732360771 0.007697917181 0.007669389464 0.007677932981 0.341982894706 0.00760120789 0.0 0.0 0.0 0.0 0.0 0.0 0.0 0.0 0.0 0.0 0.0 0.0 0.0 0.0 0.0 0.0 0.0 0.0 0.0 0.0 0.0 0.0 0.0 0.0 0.0 0.0 0.0 0.0 0.0 0.0 0.0 0.0 0.0 0.0 0.0 0.0 0.0 0.0 0.0 0.0 0.0 0.0 0.0 0.0 0.0 0.0 0.0 0.0 0.0 0.0 0.0 0.0 0.0 0.0 0.0 0.0 0.0 0.0 0.0
0.007502562094 0.007432976017 0.007679770024 0.007672370216 0.007594493563 0.007622263807 0.007837351825 0.007709846983 0.007522311526 0.007597838796 0.007639869353 0.007630457459 0.007629499433 0.00760120789 0.217637229818 0.0 0.0 0.0 0.0 0.0 0.0 0.0 0.0 0.0 0.0 0.0 0.0 0.0 0.0 0.0 0.0 0.0 0.0 0.0 0.0 0.0 0.0 0.0 0.0 0.0 0.0 0.0 0.0 0.0 0.0 0.0 0.0 0.0 0.0 0.0 0.0 0.0 0.0 0.0 0.0 0.0 0.0 0.0 0.0 0.0 0.0 0.0 0.0 0.0 0.0 0.0 0.0 0.0 0.0 0.0 0.0 0.0 0.0 0.0
0.0 0.0 0.0 0.0 0.0 0.0 0.0 0.0 0.0 0.0 0.0 0.0 0.0 0.0 0.0 0.287145037018 0.006880384196 0.005945952819 0.006510700472 0.006653875238 0.006076083961 0.005694752799 0.005429135832 0.005460986956 0.005585997922 0.00600049227 0.006060163317 0.006181421333 0.005944139187 0.006215549805 0.005735399937 0.005441580016 0.00626218721 0.005251927961 0.006155197569 0.005745853713 0.005161794502 0.005943255552 0.006483546788 0.006587264311 0.0 0.0 0.0 0.0 0.0 0.0 0.0 0.0 0.0 0.0 0.0 0.0 0.0 0.0 0.0 0.0 0.0 0.0 0.0 0.0 0.0 0.0 0.0 0.0 0.0 0.0 0.0 0.0 0.0 0.0 0.0 0.0 0.0 0.0
0.0 0.0 0.0 0.0 0.0 0.0 0.0 0.0 0.0 0.0 0.0 0.0 0.0 0.0 0.0 0.006880384196 0.30552930886 0.005955909927 0.006485716666 0.006611933941 0.006080877923 0.005717756551 0.005456122769 0.005490106536 0.005610460009 0.00600865167 0.006066030112 0.006180136504 0.005958694958 0.006208871406 0.00575602444 0.005467458561 0.006256612994 0.005280820202 0.006152532549 0.00575998155 0.005187829362 0.005958367609 0.006464861176 0.006557539839 0.0 0.0 0.0 0.0 0.0 0.0 0.0 0.0 0.0 0.0 0.0 0.0 0.0 0.0 0.0 0.0 0.0 0.0 0.0 0.0 0.0 0.0 0.0 0.0 0.0 0.0 0.0 0.0 0.0 0.0 0.0 0.0 0.0 0.0
0.0 0.0 0.0 0.0 0.0 0.0 0.0 0.0 0.0 0.0 0.0 0.0 0.0 0.0 0.0 0.005945952819 0.005955909927 0.189799492786 0.005988211124 0.005966929687 0.006023842471 0.006039152426 0.006012461349 0.006031106538 0.006032185275 0.006026955155 0.00602740506 0.006014777016 0.006043582933 0.006002345087 0.006029232174 0.006006092219 0.006004888275 0.006000137837 0.006007261358 0.006003425485 0.005953660863 0.006026333186 0.005988249049 0.005981009787 0.0 0.0 0.0 0.0 0.0 0.0 0.0 0.0 0.0 0.0 0.0 0.0 0.0 0.0 0.0 0.0 0.0 0.0 0.0 0.0 0.0 0.0 0.0 0.0 0.0 0.0 0.0 0.0 0.0 0.0 0.0 0.0 0.0 0.0
0.0 0.0 0.0 0.0 0.0 0.0 0.0 0.0 0.0 0.0 0.0 0.0 0.0 0.0 0.0 0.006510700472 0.006485716666 0.005988211124 0.407850913013 0.006372021715 0.006079653222 0.005845080032 0.005660578477 0.005695604302 0.005785870318 0.006024233512 0.006064251708 0.006134008426 0.006010506572 0.006148091011 0.005866819226 0.005666818966 0.006183466353 0.005551355902 0.006100517283 0.00585736225 0.005462284657 0.005984332859 0.006292524715 0.006339610952 0.0 0.0 0.0 0.0 0.0 0.0 0.0 0.0 0.0 0.0 0.0 0.0 0.0 0.0 0.0 0.0 0.0 0.0 0.0 0.0 0.0 0.0 0.0 0.0 0.0 0.0 0.0 0.0 0.0 0.0 0.0 0.0 0.0 0.0
0.0 0.0 0.0 0.0 0.0 0.0 0.0 0.0 0.0 0.0 0.0 0.0 0.0 0.0 0.0 0.006653875238 0.006611933941 0.005966929687 0.006372021715 0.582387966505 0.006073608514 0.005794292739 0.005591402282 0.005622477837 0.005717755247 0.006015221846 0.006058413602 0.006141174342 0.005972594548 0.006164337059 0.005818577369 0.005597255249 0.006200338298 0.005435752335 0.006116665935 0.005820925426 0.005377046452 0.005962879706 0.006346529469 0.006415355061 0.0 0.0 0.0 0.0 0.0 0.0 0.0 0.0 0.0 0.0 0.0 0.0 0.0 0.0 0.0 0.0 0.0 0.0 0.0 0.0 0.0 0.0 0.0 0.0 0.0 0.0 0.0 0.0 0.0 0.0 0.0 0.0 0.0 0.0
0.0 0.0 0.0 0.0 0.0 0.0 0.0 0.0 0.0 0.0 0.0 0.0 0.0 0.0 0.0 0.006076083961 0.006080877923 0.006023842471 0.006079653222 0.006073608514 0.416887422063 0.006020659951 0.005937328123 0.005962467363 0.005993296368 0.00606868036 0.006081364593 0.006067156743 0.006049141676 0.006060646483 0.006009751496 0.005939489245 0.006068525175 0.005871315716 0.006063148923 0.005990624756 0.005825938734 0.006024972414 0.006080522432 0.006085404652 0.0 0.0 0.0 0.0 0.0 0.0 0.0 0.0 0.0 0.0 0.0 0.0 0.0 0.0 0.0 0.0 0.0 0.0 0.0 0.0 0.0 0.0 0.0 0.0 0.0 0.0 0.0 0.0 0.0 0.0 0.0 0.0 0.0 0.0
0.0 0.0 0.0 0.0 0.0 0.0 0.0 0.0 0.0 0.0 0.0 0.0 0.0 0.0 0.0 0.005694752799 0.005717756551 0.006039152426 0.005845080032 0.005794292739 0.006020659951 0.710257505221 0.006206406568 0.006219246369 0.006179230526 0.006056093312 0.006034421071 0.00596206991 0.00606606201 0.005932211676 0.006115830211 0.006193839064 0.005919796275 0.006224303805 0.00597905553 0.006079330121 0.006200447185 0.006053811813 0.005856834494 0.005826833103 0.0 0.0 0.0 0.0 0.0 0.0 0.0 0.0 0.0 0.0 0.0 0.0 0.0 0.0 0.0 0.0 0.0 0.0 0.0 0.0 0.0 0.0 0.0 0.0 0.0 0.0 0.0 0.0 0.0 0.0 0.0 0.0 0.0 0.0
0.0 0.0 0.0 0.0 0.0 0.0 0.0 0.0 0.0 0.0 0.0 0.0 0.0 0.0 0.0 0.005429135832 0.005456122769 0.006012461349 0.005660578477 0.005591402282 0.005937328123 0.006206406568 0.629781221155 0.00636539822 0.006268397174 0.006002146846 0.00595533819 0.005853327012 0.006014176344 0.005821471818 0.006147604939 0.006363522691 0.005790632013 0.006480998135 0.005894818154 0.006130703923 0.006504048249 0.006025197036 0.005679590621 0.005627315025 0.0 0.0 0.0 0.0 0.0 0.0 0.0 0.0 0.0 0.0 0.0 0.0 0.0 0.0 0.0 0.0 0.0 0.0 0.0 0.0 0.0 0.0 0.0 0.0 0.0 0.0 0.0 0.0 0.0 0.0 0.0 0.0 0.0 0.0
0.0 0.0 0.0 0.0 0.0 0.0 0.0 0.0 0.0 0.0 0.0 0.0 0.0 0.0 0.0 0.005460986956 0.005490106536 0.006031106538 0.005695604302 0.005622477837 0.005962467363 0.006219246369 0.00636539822 0.439788125034 0.006283108721 0.00601662585 0.005976159368 0.005879282598 0.006052839013 0.005842212445 0.006159297917 0.00634037813 0.005819404768 0.006452818106 0.005904343769 0.006119902585 0.006437887036 0.006049021567 0.005708850033 0.005655803444 0.0 0.0 0.0 0.0 0.0 0.0 0.0 0.0 0.0 0.0 0.0 0.0 0.0 0.0 0.0 0.0 0.0 0.0 0.0 0.0 0.0 0.0 0.0 0.0 0.0 0.0 0.0 0.0 0.0 0.0 0.0 0.0 0.0 0.0
0.0 0.0 0.0 0.0 0.0 0.0 0.0 0.0 0.0 0.0 0.0 0.0 0.0 0.0 0.0 0.005585997922 0.005610460009 0.006032185275 0.005785870318 0.005717755247 0.005993296368 0.006179230526 0.006268397174 0.006283108721 0.466425556524 0.006024475283 0.005997396967 0.00592325098 0.006065539496 0.005891338636 0.006131886443 0.006251259996 0.005878254934 0.006341900254 0.005930753961 0.006091831096 0.006295879709 0.006041359662 0.005787909553 0.005745564853 0.0 0.0 0.0 0.0 0.0 0.0 0.0 0.0 0.0 0.0 0.0 0.0 0.0 0.0 0.0 0.0 0.0 0.0 0.0 0.0 0.0 0.0 0.0 0.0 0.0 0.0 0.0 0.0 0.0 0.0 0.0 0.0 0.0 0.0
0.0 0.0 0.0 0.0 0.0 0.0 0.0 0.0 0.0 0.0 0.0 0.0 0.0 0.0 0.0 0.00600049227 0.00600865167 0.006026955155 0.006024233512 0.006015221846 0.00606868036 0.006056093312 0.006002146846 0.00601662585 0.006024475283 0.498297156065 0.006084674663 0.006045006167 0.006041529207 0.006035059121 0.006033672027 0.006004389368 0.006032487326 0.005925112373 0.006061406296 0.006018378476 0.005917776054 0.006033502158 0.006035965296 0.006036904213 0.0 0.0 0.0 0.0 0.0 0.0 0.0 0.0 0.0 0.0 0.0 0.0 0.0 0.0 0.0 0.0 0.0 0.0 0.0 0.0 0.0 0.0 0.0 0.0 0.0 0.0 0.0 0.0 0.0 0.0 0.0 0.0 0.0 0.0
0.0 0.0 0.0 0.0 0.0 0.0 0.0 0.0 0.0 0.0 0.0 0.0 0.0 0.0 0.0 0.006060163317 0.006066030112 0.00602740506 0.006064251708 0.006058413602 0.006081364593 0.006034421071 0.00595533819 0.005976159368 0.005997396967 0.006084674663 0.452240519301 0.006068002024 0.006048541362 0.00606103492 0.006020992835 0.005961888647 0.006064014847 0.005878741252 0.006077727306 0.006004897473 0.005850262784 0.006031965524 0.006078509729 0.006083152787 0.0 0.0 0.0 0.0 0.0 0.0 0.0 0.0 0.0 0.0 0.0 0.0 0.0 0.0 0.0 0.0 0.0 0.0 0.0 0.0 0.0 0.0 0.0 0.0 0.0 0.0 0.0 0.0 0.0 0.0 0.0 0.0 0.0 0.0
0.0 0.0 0.0 0.0 0.0 0.0 0.0 0.0 0.0 0.0 0.0 0.0 0.0 0.0 0.0 0.006181421333 0.006180136504 0.006014777016 0.006134008426 0.006141174342 0.006067156743 0.00596206991 0.005853327012 0.005879282598 0.00592325098 0.006045006167 0.006068002024 0.615203450207 0.006036264811 0.006083224385 0.005967781302 0.005858639034 0.006098041194 0.005778949681 0.006067574681 0.005953036892 0.005727324731 0.006012781331 0.006131297484 0.00614558701 0.0 0.0 0.0 0.0 0.0 0.0 0.0 0.0 0.0 0.0 0.0 0.0 0.0 0.0 0.0 0.0 0.0 0.0 0.0 0.0 0.0 0.0 0.0 0.0 0.0 0.0 0.0 0.0 0.0 0.0 0.0 0.0 0.0 0.0
0.0 0.0 0.0 0.0 0.0 0.0 0.0 0.0 0.0 0.0 0.0 0.0 0.0 0.0 0.0 0.005944139187 0.005958694958 0.006043582933 0.006010506572 0.005972594548 0.006049141676 0.00606606201 0.006014176344 0.006052839013 0.006065539496 0.006041529207 0.006048541362 0.006036264811 0.394010534628 0.006014683932 0.006051506969 0.006006872294 0.006027143131 0.006012664718 0.006010896001 0.00600279304 0.005919648536 0.006056347003 0.006006939367 0.005992991883 0.0 0.0 0.0 0.0 0.0 0.0 0.0 0.0 0.0 0.0 0.0 0.0 0.0 0.0 0.0 0.0 0.0 0.0 0.0 0.0 0.0 0.0 0.0 0.0 0.0 0.0 0.0 0.0 0.0 0.0 0.0 0.0 0.0 0.0
0.0 0.0 0.0 0.0 0.0 0.0 0.0 0.0 0.0 0.0 0.0 0.0 0.0 0.0 0.0 0.006215549805 0.006208871406 0.006002345087 0.006148091011 0.006164337059 0.006060646483 0.005932211676 0.005821471818 0.005842212445 0.005891338636 0.006035059121 0.00606103492 0.006083224385 0.006014683932 0.369914732008 0.005947900647 0.005829482569 0.006105571344 0.005725040616 0.006069784712 0.005943886893 0.005704943473 0.005993045228 0.006146021737 0.006164129079 0.0 0.0 0.0 0.0 0.0 0.0 0.0 0.0 0.0 0.0 0.0 0.0 0.0 0.0 0.0 0.0 0.0 0.0 0.0 0.0 0.0 0.0 0.0 0.0 0.0 0.0 0.0 0.0 0.0 0.0 0.0 0.0 0.0 0.0
0.0 0.0 0.0 0.0 0.0 0.0 0.0 0.0 0.0 0.0 0.0 0.0 0.0 0.0 0.0 0.005735399937 0.00575602444 0.006029232174 0.005866819226 0.005818577369 0.006009751496 0.006115830211 0.006147604939 0.006159297917 0.006131886443 0.006033672027 0.006020992835 0.005967781302 0.006051506969 0.005947900647 0.276821065342 0.006142667091 0.005937554476 0.006162586399 0.005976397478 0.006063148425 0.006148567201 0.006034123775 0.005878761165 0.005850976657 0.0 0.0 0.0 0.0 0.0 0.0 0.0 0.0 0.0 0.0 0.0 0.0 0.0 0.0 0.0 0.0 0.0 0.0 0.0 0.0 0.0 0.0 0.0 0.0 0.0 0.0 0.0 0.0 0.0 0.0 0.0 0.0 0.0 0.0
0.0 0.0 0.0 0.0 0.0 0.0 0.0 0.0 0.0 0.0 0.0 0.0 0.0 0.0 0.0 0.005441580016 0.005467458561 0.006006092219 0.005666818966 0.005597255249 0.005939489245 0.006193839064 0.006363522691 0.00634037813 0.006251259996 0.006004389368 0.005961888647 0.005858639034 0.006006872294 0.005829482569 0.006142667091 0.303178870772 0.005797608855 0.006449308427 0.005902984242 0.006131399014 0.006500046425 0.006017309887 0.005690051662 0.005640272243 0.0 0.0 0.0 0.0 0.0 0.0 0.0 0.0 0.0 0.0 0.0 0.0 0.0 0.0 0.0 0.0 0.0 0.0 0.0 0.0 0.0 0.0 0.0 0.0 0.0 0.0 0.0 0.0 0.0 0.0 0.0 0.0 0.0 0.0
0.0 0.0 0.0 0.0 0.0 0.0 0.0 0.0 0.0 0.0 0.0 0.0 0.0 0.0 0.0 0.00626218721 0.006256612994 0.006004888275 0.006183466353 0.006200338298 0.006068525175 0.005919796275 0.005790632013 0.005819404768 0.005878254934 0.006032487326 0.006064014847 0.006098041194 0.006027143131 0.006105571344 0.005937554476 0.005797608855 0.233060098939 0.005706476178 0.006073519158 0.005927052246 0.005648483565 0.005999612177 0.006176046193 0.006195587968 0.0 0.0 0.0 0.0 0.0 0.0 0.0 0.0 0.0 0.0 0.0 0.0 0.0 0.0 0.0 0.0 0.0 0.0 0.0 0.0 0.0 0.0 0.0 0.0 0.0 0.0 0.0 0.0 0.0 0.0 0.0 0.0 0.0 0.0
0.0 0.0 0.0 0.0 0.0 0.0 0.0 0.0 0.0 0.0 0.0 0.0 0.0 0.0 0.0 0.005251927961 0.005280820202 0.006000137837 0.005551355902 0.005435752335 0.005871315716 0.006224303805 0.006480998135 0.006452818106 0.006341900254 0.005925112373 0.005878741252 0.005778949681 0.006012664718 0.005725040616 0.006162586399 0.006449308427 0.005706476178 22.8282003336 0.005807488644 0.006118098193 0.006686191697 0.006019439348 0.005547686184 0.005488944559 0.0 0.0 0.0 0.0 0.0 0.0 0.0 0.0 0.0 0.0 0.0 0.0 0.0 0.0 0.0 0.0 0.0 0.0 0.0 0.0 0.0 0.0 0.0 0.0 0.0 0.0 0.0 0.0 0.0 0.0 0.0 0.0 0.0 0.0
0.0 0.0 0.0 0.0 0.0 0.0 0.0 0.0 0.0 0.0 0.0 0.0 0.0 0.0 0.0 0.006155197569 0.006152532549 0.006007261358 0.006100517283 0.006116665935 0.006063148923 0.00597905553 0.005894818154 0.005904343769 0.005930753961 0.006061406296 0.006077727306 0.006067574681 0.006010896001 0.006069784712 0.005976397478 0.005902984242 0.006073519158 0.005807488644 0.246292206909 0.005975682497 0.005793116678 0.006006949755 0.006114032061 0.006130213241 0.0 0.0 0.0 0.0 0.0 0.0 0.0 0.0 0.0 0.0 0.0 0.0 0.0 0.0 0.0 0.0 0.0 0.0 0.0 0.0 0.0 0.0 0.0 0.0 0.0 0.0 0.0 0.0 0.0 0.0 0.0 0.0 0.0 0.0
0.0 0.0 0.0 0.0 0.0 0.0 0.0 0.0 0.0 0.0 0.0 0.0 0.0 0.0 0.0 0.005745853713 0.00575998155 0.006003425485 0.00585736225 0.005820925426 0.005990624756 0.006079330121 0.006130703923 0.006119902585 0.006091831096 0.006018378476 0.006004897473 0.005953036892 0.00600279304 0.005943886893 0.006063148425 0.006131399014 0.005927052246 0.006118098193 0.005975682497 0.741439066752 0.006177311323 0.005997683851 0.005872754958 0.005850863688 0.0 0.0 0.0 0.0 0.0 0.0 0.0 0.0 0.0 0.0 0.0 0.0 0.0 0.0 0.0 0.0 0.0 0.0 0.0 0.0 0.0 0.0 0.0 0.0 0.0 0.0 0.0 0.0 0.0 0.0 0.0 0.0 0.0 0.0
0.0 0.0 0.0 0.0 0.0 0.0 0.0 0.0 0.0 0.0 0.0 0.0 0.0 0.0 0.0 0.005161794502 0.005187829362 0.005953660863 0.005462284657 0.005377046452 0.005825938734 0.006200447185 0.006504048249 0.006437887036 0.006295879709 0.005917776054 0.005850262784 0.005727324731 0.005919648536 0.005704943473 0.006148567201 0.006500046425 0.005648483565 0.006686191697 0.005793116678 0.006177311323 0.526205263894 0.005958469781 0.005487146793 0.005419440474 0.0 0.0 0.0 0.0 0.0 0.0 0.0 0.0 0.0 0.0 0.0 0.0 0.0 0.0 0.0 0.0 0.0 0.0 0.0 0.0 0.0 0.0 0.0 0.0 0.0 0.0 0.0 0.0 0.0 0.0 0.0 0.0 0.0 0.0
0.0 0.0 0.0 0.0 0.0 0.0 0.0 0.0 0.0 0.0 0.0 0.0 0.0 0.0 0.0 0.005943255552 0.005958367609 0.006026333186 0.005984332859 0.005962879706 0.006024972414 0.006053811813 0.006025197036 0.006049021567 0.006041359662 0.006033502158 0.006031965524 0.006012781331 0.006056347003 0.005993045228 0.006034123775 0.006017309887 0.005999612177 0.006019439348 0.006006949755 0.005997683851 0.005958469781 0.18445525318 0.005991514636 0.005980814377 0.0 0.0 0.0 0.0 0.0 0.0 0.0 0.0 0.0 0.0 0.0 0.0 0.0 0.0 0.0 0.0 0.0 0.0 0.0 0.0 0.0 0.0 0.0 0.0 0.0 0.0 0.0 0.0 0.0 0.0 0.0 0.0 0.0 0.0
0.0 0.0 0.0 0.0 0.0 0.0 0.0 0.0 0.0 0.0 0.0 0.0 0.0 0.0 0.0 0.006483546788 0.006464861176 0.005988249049 0.006292524715 0.006346529469 0.006080522432 0.005856834494 0.005679590621 0.005708850033 0.005787909553 0.006035965296 0.006078509729 0.006131297484 0.006006939367 0.006146021737 0.005878761165 0.005690051662 0.006176046193 0.005547686184 0.006114032061 0.005872754958 0.005487146793 0.005991514636 0.477628171974 0.006332304467 0.0 0.0 0.0 0.0 0.0 0.0 0.0 0.0 0.0 0.0 0.0 0.0 0.0 0.0 0.0 0.0 0.0 0.0 0.0 0.0 0.0 0.0 0.0 0.0 0.0 0.0 0.0 0.0 0.0 0.0 0.0 0.0 0.0 0.0
0.0 0.0 0.0 0.0 0.0 0.0 0.0 0.0 0.0 0.0 0.0 0.0 0.0 0.0 0.0 0.006587264311 0.006557539839 0.005981009787 0.006339610952 0.006415355061 0.006085404652 0.005826833103 0.005627315025 0.005655803444 0.005745564853 0.006036904213 0.006083152787 0.00614558701 0.005992991883 0.006164129079 0.005850976657 0.005640272243 0.006195587968 0.005488944559 0.006130213241 0.005850863688 0.005419440474 0.005980814377 0.006332304467 0.195097551522 0.0 0.0 0.0 0.0 0.0 0.0 0.0 0.0 0.0 0.0 0.0 0.0 0.0 0.0 0.0 0.0 0.0 0.0 0.0 0.0 0.0 0.0 0.0 0.0 0.0 0.0 0.0 0.0 0.0 0.0 0.0 0.0 0.0 0.0
0.0 0.0 0.0 0.0 0.0 0.0 0.0 0.0 0.0 0.0 0.0 0.0 0.0 0.0 0.0 0.0 0.0 0.0 0.0 0.0 0.0 0.0 0.0 0.0 0.0 0.0 0.0 0.0 0.0 0.0 0.0 0.0 0.0 0.0 0.0 0.0 0.0 0.0 0.0 0.0 0.202460681444 0.003350132804 0.003375730002 0.003368141084 0.003119701854 0.002930182884 0.003046364715 0.002935828937 0.003189867644 0.003186801261 0.00276449315 0.003363092679 0.002971830869 0.003402300959 0.003289774943 0.003124969554 0.003050902506 0.0033588287 0.003188230708 0.003128320834 0.003142459652 0.003229076403 0.003203818943 0.003410102105 0.003036769727 0.0 0.0 0.0 0.0 0.0 0.0 0.0 0.0 0.0
0.0 0.0 0.0 0.0 0.0 0.0 0.0 0.0 0.0 0.0 0.0 0.0 0.0 0.0 0.0 0.0 0.0 0.0 0.0 0.0 0.0 0.0 0.0 0.0 0.0 0.0 0.0 0.0 0.0 0.0 0.0 0.0 0.0 0.0 0.0 0.0 0.0 0.0 0.0 0.0 0.003350132804 0.169661874394 0.003331949254 0.003322532249 0.003110850132 0.002951581129 0.003047144959 0.002957926663 0.003169854157 0.003172383495 0.002803385524 0.003320532162 0.002989708676 0.003346506501 0.003262915 0.003119115316 0.003052106627 0.003319473183 0.003168162156 0.003122428804 0.003138832528 0.003206611999 0.003195650842 0.003350892269 0.003042198262 0.0 0.0 0.0 0.0 0.0 0.0 0.0 0.0 0.0
0.0 0.0 0.0 0.0 0.0 0.0 0.0 0.0 0.0 0.0 0.0 0.0 0.0 0.0 0.0 0.0 0.0 0.0 0.0 0.0 0.0 0.0 0.0 0.0 0.0 0.0 0.0 0.0 0.0 0.0 0.0 0.0 0.0 0.0 0.0 0.0 0.0 0.0 0.0 0.0 0.003375730002 0.003331949254 0.228163033427 0.003343442445 0.003111878028 0.002942405049 0.003044331144 0.002950180816 0.003174315214 0.003177978907 0.002789722315 0.00334154851 0.002985123303 0.003370771079 0.003275241143 0.003119283431 0.00304801219 0.003338446313 0.003172980048 0.00312367911 0.003141056695 0.00321290107 0.003197103567 0.003377126995 0.003035782033 0.0 0.0 0.0 0.0 0.0 0.0 0.0 0.0 0.0
0.0 0.0 0.0 0.0 0.0 0.0 0.0 0.0 0.0 0.0 0.0 0.0 0.0 0.0 0.0 0.0 0.0 0.0 0.0 0.0 0.0 0.0 0.0 0.0 0.0 0.0 0.0 0.0 0.0 0.0 0.0 0.0 0.0 0.0 0.0 0.0 0.0 0.0 0.0 0.0 0.003368141084 0.003322532249 0.003343442445 0.266470299854 0.003126485019 0.002954852528 0.003061811427 0.002960149006 0.003188002206 0.003186412649 0.002809310006 0.003334130077 0.002993995661 0.003365600973 0.003272569608 0.003130291914 0.003064122358 0.00333012821 0.00318577729 0.00313104808 0.00314638649 0.003220957273 0.003193534558 0.003371731196 0.0030482058 0.0 0.0 0.0 0.0 0.0 0.0 0.0 0.0 0.0
0.0 0.0 0.0 0.0 0.0 0.0 0.0 0.0 0.0 0.0 0.0 0.0 0.0 0.0 0.0 0.0 0.0 0.0 0.0 0.0 0.0 0.0 0.0 0.0 0.0 0.0 0.0 0.0 0.0 0.0 0.0 0.0 0.0 0.0 0.0 0.0 0.0 0.0 0.0 0.0 0.003119701854 0.003110850132 0.003111878028 0.003126485019 0.13495799959 0.003168989233 0.003197646965 0.003166896629 0.003177636501 0.003166932605 0.003198117144 0.003115373095 0.003171294129 0.003115496477 0.003131496708 0.003162934187 0.003176918097 0.003103404834 0.003158678367 0.003153528686 0.003155233191 0.003158917595 0.003124651177 0.003119986033 0.003173257276 0.0 0.0 0.0 0.0 0.0 0.0 0.0 0.0 0.0
0.0 0.0 0.0 0.0 0.0 0.0 0.0 0.0 0.0 0.0 0.0 0.0 0.0 0.0 0.0 0.0 0.0 0.0 0.0 0.0 0.0 0.0 0.0 0.0 0.0 0.0 0.0 0.0 0.0 0.0 0.0 0.0 0.0 0.0 0.0 0.0 0.0 0.0 0.0 0.0 0.002930182884 0.002951581129 0.002942405049 0.002954852528 0.003168989233 0.14270187056 0.003224784318 0.003326018907 0.003100791102 0.003099099613 0.003491817079 0.002947677668 0.003285641122 0.002924276967 0.00300313641 0.003133785288 0.00319545821 0.002942586949 0.003077341422 0.003131188706 0.003120918252 0.003057325926 0.003050245365 0.002925416749 0.003224815464 0.0 0.0 0.0 0.0 0.0 0.0 0.0 0.0 0.0
0.0 0.0 0.0 0.0 0.0 0.0 0.0 0.0 0.0 0.0 0.0 0.0 0.0 0.0 0.0 0.0 0.0 0.0 0.0 0.0 0.0 0.0 0.0 0.0 0.0 0.0 0.0 0.0 0.0 0.0 0.0 0.0 0.0 0.0 0.0 0.0 0.0 0.0 0.0 0.0 0.003046364715 0.003047144959 0.003044331144 0.003061811427 0.003197646965 0.003224784318 0.202733641532 0.003222483578 0.003157428425 0.003148093645 0.003303595735 0.003051338508 0.003216592344 0.003041884672 0.003083604561 0.003162824203 0.00320337409 0.003038965297 0.003138795146 0.0031522442 0.003147657293 0.00312616111 0.00309469776 0.003045474177 0.003194978912 0.0 0.0 0.0 0.0 0.0 0.0 0.0 0.0 0.0
0.0 0.0 0.0 0.0 0.0 0.0 0.0 0.0 0.0 0.0 0.0 0.0 0.0 0.0 0.0 0.0 0.0 0.0 0.0 0.0 0.0 0.0 0.0 0.0 0.0 0.0 0.0 0.0 0.0 0.0 0.0 0.0 0.0 0.0 0.0 0.0 0.0 0.0 0.0 0.0 0.002935828937 0.002957926663 0.002950180816 0.002960149006 0.003166896629 0.003326018907 0.003222483578 0.098981618671 0.003099534369 0.003102639528 0.003482416568 0.002955245635 0.003287171993 0.002928059448 0.003009220592 0.003135384127 0.003195266753 0.002947937658 0.003077525688 0.00313241638 0.003125937827 0.003057677786 0.003052440767 0.002930156509 0.003217067182 0.0 0.0 0.0 0.0 0.0 0.0 0.0 0.0 0.0
0.0 0.0 0.0 0.0 0.0 0.0 0.0 0.0 0.0 0.0 0.0 0.0 0.0 0.0 0.0 0.0 0.0 0.0 0.0 0.0 0.0 0.0 0.0 0.0 0.0 0.0 0.0 0.0 0.0 0.0 0.0 0.0 0.0 0.0 0.0 0.0 0.0 0.0 0.0 0.0 0.003189867644 0.003169854157 0.003174315214 0.003188002206 0.003177636501 0.003100791102 0.003157428425 0.003099534369 0.14136935081 0.003175475595 0.003073248957 0.00317687945 0.003109544127 0.003189754784 0.003172959527 0.003159014357 0.003149172623 0.003166851022 0.003179235228 0.003149894577 0.003152633351 0.00318568592 0.003144819263 0.003193225503 0.003140654241 0.0 0.0 0.0 0.0 0.0 0.0 0.0 0.0 0.0
0.0 0.0 0.0 0.0 0.0 0.0 0.0 0.0 0.0 0.0 0.0 0.0 0.0 0.0 0.0 0.0 0.0 0.0 0.0 0.0 0.0 0.0 0.0 0.0 0.0 0.0 0.0 0.0 0.0 0.0 0.0 0.0 0.0 0.0 0.0 0.0 0.0 0.0 0.0 0.0 0.003186801261 0.003172383495 0.003177978907 0.003186412649 0.003166932605 0.003099099613 0.003148093645 0.003102639528 0.003175475595 0.183086412857 0.003074987439 0.003178733814 0.003120541177 0.003182368639 0.003174418632 0.003152749596 0.003137593423 0.00317008891 0.003162678539 0.003145350296 0.003157091836 0.003172644795 0.00314468156 0.003186944947 0.003127864129 0.0 0.0 0.0 0.0 0.0 0.0 0.0 0.0 0.0
0.0 0.0 0.0 0.0 0.0 0.0 0.0 0.0 0.0 0.0 0.0 0.0 0.0 0.0 0.0 0.0 0.0 0.0 0.0 0.0 0.0 0.0 0.0 0.0 0.0 0.0 0.0 0.0 0.0 0.0 0.0 0.0 0.0 0.0 0.0 0.0 0.0 0.0 0.0 0.0 0.00276449315 0.002803385524 0.002789722315 0.002809310006 0.003198117144 0.003491817079 0.003303595735 0.003482416568 0.003073248957 0.003074987439 0.0900766571954 0.002800089241 0.003439317357 0.00275259217 0.002896927465 0.003141716004 0.003267399011 0.002786916422 0.003039324096 0.003135879715 0.003119697431 0.00299673998 0.002985325091 0.002754442954 0.00329786335 0.0 0.0 0.0 0.0 0.0 0.0 0.0 0.0 0.0
0.0 0.0 0.0 0.0 0.0 0.0 0.0 0.0 0.0 0.0 0.0 0.0 0.0 0.0 0.0 0.0 0.0 0.0 0.0 0.0 0.0 0.0 0.0 0.0 0.0 0.0 0.0 0.0 0.0 0.0 0.0 0.0 0.0 0.0 0.0 0.0 0.0 0.0 0.0 0.0 0.003363092679 0.003320532162 0.00334154851 0.003334130077 0.003115373095 0.002947677668 0.003051338508 0.002955245635 0.00317687945 0.003178733814 0.002800089241 0.343202899441 0.00298761067 0.003361172959 0.003268939775 0.00312305813 0.003054492575 0.003329040902 0.003179869296 0.003125008894 0.003141846097 0.003212245989 0.00318968044 0.00336641099 0.003037126931 0.0 0.0 0.0 0.0 0.0 0.0 0.0 0.0 0.0
0.0 0.0 0.0 0.0 0.0 0.0 0.0 0.0 0.0 0.0 0.0 0.0 0.0 0.0 0.0 0.0 0.0 0.0 0.0 0.0 0.0 0.0 0.0 0.0 0.0 0.0 0.0 0.0 0.0 0.0 0.0 0.0 0.0 0.0 0.0 0.0 0.0 0.0 0.0 0.0 0.002971830869 0.002989708676 0.002985123303 0.002993995661 0.003171294129 0.003285641122 0.003216592344 0.003287171993 0.003109544127 0.003120541177 0.003439317357 0.00298761067 0.0824196665345 0.002959205605 0.003036293506 0.003141395256 0.003194617763 0.002979651231 0.003082266712 0.003138051919 0.003140567769 0.00307164086 0.003071966616 0.002963670141 0.003205964272 0.0 0.0 0.0 0.0 0.0 0.0 0.0 0.0 0.0
0.0 0.0 0.0 0.0 0.0 0.0 0.0 0.0 0.0 0.0 0.0 0.0 0.0 0.0 0.0 0.0 0.0 0.0 0.0 0.0 0.0 0.0 0.0 0.0 0.0 0.0 0.0 0.0 0.0 0.0 0.0 0.0 0.0 0.0 0.0 0.0 0.0 0.0 0.0 0.0 0.003402300959 0.003346506501 0.003370771079 0.003365600973 0.003115496477 0.002924276967 0.003041884672 0.002928059448 0.003189754784 0.003182368639 0.00275259217 0.003361172959 0.002959205605 0.182255137348 0.003285664076 0.00312381338 0.003048843462 0.003358025612 0.003193930035 0.003125690705 0.003137626144 0.003229954827 0.003199559466 0.003411346775 0.003031061015 0.0 0.0 0.0 0.0 0.0 0.0 0.0 0.0 0.0
0.0 0.0 0.0 0.0 0.0 0.0 0.0 0.0 0.0 0.0 0.0 0.0 0.0 0.0 0.0 0.0 0.0 0.0 0.0 0.0 0.0 0.0 0.0 0.0 0.0 0.0 0.0 0.0 0.0 0.0 0.0 0.0 0.0 0.0 0.0 0.0 0.0 0.0 0.0 0.0 0.003289774943 0.003262915 0.003275241143 0.003272569608 0.003131496708 0.00300313641 0.003083604561 0.003009220592 0.003172959527 0.003174418632 0.002896927465 0.003268939775 0.003036293506 0.003285664076 0.131680668655 0.003132100331 0.003082399867 0.003265098061 0.003168190501 0.003131168137 0.003146871173 0.003194693247 0.003177343155 0.003290143969 0.003071887678 0.0 0.0 0.0 0.0 0.0 0.0 0.0 0.0 0.0
0.0 0.0 0.0 0.0 0.0 0.0 0.0 0.0 0.0 0.0 0.0 0.0 0.0 0.0 0.0 0.0 0.0 0.0 0.0 0.0 0.0 0.0 0.0 0.0 0.0 0.0 0.0 0.0 0.0 0.0 0.0 0.0 0.0 0.0 0.0 0.0 0.0 0.0 0.0 0.0 0.003124969554 0.003119115316 0.003119283431 0.003130291914 0.003162934187 0.003133785288 0.003162824203 0.003135384127 0.003159014357 0.003152749596 0.003141716004 0.00312305813 0.003141395256 0.00312381338 0.003132100331 0.0934066328805 0.003154844791 0.003115896787 0.003149012698 0.003141842546 0.00314432774 0.00314833485 0.003122648513 0.003125718226 0.003145942047 0.0 0.0 0.0 0.0 0.0 0.0 0.0 0.0 0.0
0.0 0.0 0.0 0.0 0.0 0.0 0.0 0.0 0.0 0.0 0.0 0.0 0.0 0.0 0.0 0.0 0.0 0.0 0.0 0.0 0.0 0.0 0.0 0.0 0.0 0.0 0.0 0.0 0.0 0.0 0.0 0.0 0.0 0.0 0.0 0.0 0.0 0.0 0.0 0.0 0.003050902506 0.003052106627 0.00304801219 0.003064122358 0.003176918097 0.00319545821 0.00320337409 0.003195266753 0.003149172623 0.003137593423 0.003267399011 0.003054492575 0.003194617763 0.003048843462 0.003082399867 0.003154844791 0.212002800398 0.00304586821 0.003134824618 0.003145753274 0.00313737539 0.003124041894 0.003098380981 0.003051020601 0.003186864638 0.0 0.0 0.0 0.0 0.0 0.0 0.0 0.0 0.0
0.0 0.0 0.0 0.0 0.0 0.0 0.0 0.0 0.0 0.0 0.0 0.0 0.0 0.0 0.0 0.0 0.0 0.0 0.0 0.0 0.0 0.0 0.0 0.0 0.0 0.0 0.0 0.0 0.0 0.0 0.0 0.0 0.0 0.0 0.0 0.0 0.0 0.0 0.0 0.0 0.0033588287 0.003319473183 0.003338446313 0.00333012821 0.003103404834 0.002942586949 0.003038965297 0.002947937658 0.003166851022 0.00317008891 0.002786916422 0.003329040902 0.002979651231 0.003358025612 0.003265098061 0.003115896787 0.00304586821 0.387327088337 0.003170459137 0.003119386979 0.003135114394 0.003205389053 0.003191146608 0.003361888863 0.003032266953 0.0 0.0 0.0 0.0 0.0 0.0 0.0 0.0 0.0
0.0 0.0 0.0 0.0 0.0 0.0 0.0 0.0 0.0 0.0 0.0 0.0 0.0 0.0 0.0 0.0 0.0 0.0 0.0 0.0 0.0 0.0 0.0 0.0 0.0 0.0 0.0 0.0 0.0 0.0 0.0 0.0 0.0 0.0 0.0 0.0 0.0 0.0 0.0 0.0 0.003188230708 0.003168162156 0.003172980048 0.00318577729 0.003158678367 0.003077341422 0.003138795146 0.003077525688 0.003179235228 0.003162678539 0.003039324096 0.003179869296 0.003082266712 0.003193930035 0.003168190501 0.003149012698 0.003134824618 0.003170459137 0.123356955411 0.003139750953 0.003140952166 0.003178302797 0.003133211795 0.003194294693 0.003116347581 0.0 0.0 0.0 0.0 0.0 0.0 0.0 0.0 0.0
0.0 0.0 0.0 0.0 0.0 0.0 0.0 0.0 0.0 0.0 0.0 0.0 0.0 0.0 0.0 0.0 0.0 0.0 0.0 0.0 0.0 0.0 0.0 0.0 0.0 0.0 0.0 0.0 0.0 0.0 0.0 0.0 0.0 0.0 0.0 0.0 0.0 0.0 0.0 0.0 0.003128320834 0.003122428804 0.00312367911 0.00313104808 0.003153528686 0.003131188706 0.0031522442 0.00313241638 0.003149894577 0.003145350296 0.003135879715 0.003125008894 0.003138051919 0.003125690705 0.003131168137 0.003141842546 0.003145753274 0.003119386979 0.003139750953 0.177926117563 0.003138267218 0.00314197863 0.0031237802 0.003128025794 0.003142685617 0.0 0.0 0.0 0.0 0.0 0.0 0.0 0.0 0.0
0.0 0.0 0.0 0.0 0.0 0.0 0.0 0.0 0.0 0.0 0.0 0.0 0.0 0.0 0.0 0.0 0.0 0.0 0.0 0.0 0.0 0.0 0.0 0.0 0.0 0.0 0.0 0.0 0.0 0.0 0.0 0.0 0.0 0.0 0.0 0.0 0.0 0.0 0.0 0.0 0.003142459652 0.003138832528 0.003141056695 0.00314638649 0.003155233191 0.003120918252 0.003147657293 0.003125937827 0.003152633351 0.003157091836 0.003119697431 0.003141846097 0.003140567769 0.003137626144 0.003146871173 0.00314432774 0.00313737539 0.003135114394 0.003140952166 0.003138267218 0.148099096305 0.003146549209 0.003132304087 0.003140400395 0.003130539415 0.0 0.0 0.0 0.0 0.0 0.0 0.0 0.0 0.0
0.0 0.0 0.0 0.0 0.0 0.0 0.0 0.0 0.0 0.0 0.0 0.0 0.0 0.0 0.0 0.0 0.0 0.0 0.0 0.0 0.0 0.0 0.0 0.0 0.0 0.0 0.0 0.0 0.0 0.0 0.0 0.0 0.0 0.0 0.0 0.0 0.0 0.0 0.0 0.0 0.003229076403 0.003206611999 0.00321290107 0.003220957273 0.003158917595 0.003057325926 0.00312616111 0.003057677786 0.00318568592 0.003172644795 0.00299673998 0.003212245989 0.00307164086 0.003229954827 0.003194693247 0.00314833485 0.003124041894 0.003205389053 0.003178302797 0.00314197863 0.003146549209 0.258324362579 0.003158104183 0.003232450076 0.003114893628 0.0 0.0 0.0 0.0 0.0 0.0 0.0 0.0 0.0
0.0 0.0 0.0 0.0 0.0 0.0 0.0 0.0 0.0 0.0 0.0 0.0 0.0 0.0 0.0 0.0 0.0 0.0 0.0 0.0 0.0 0.0 0.0 0.0 0.0 0.0 0.0 0.0 0.0 0.0 0.0 0.0 0.0 0.0 0.0 0.0 0.0 0.0 0.0 0.0 0.003203818943 0.003195650842 0.003197103567 0.003193534558 0.003124651177 0.003050245365 0.00309469776 0.003052440767 0.003144819263 0.00314468156 0.002985325091 0.00318968044 0.003071966616 0.003199559466 0.003177343155 0.003122648513 0.003098380981 0.003191146608 0.003133211795 0.0031237802 0.003132304087 0.003158104183 0.146908865988 0.003203364887 0.003104313866 0.0 0.0 0.0 0.0 0.0 0.0 0.0 0.0 0.0
0.0 0.0 0.0 0.0 0.0 0.0 0.0 0.0 0.0 0.0 0.0 0.0 0.0 0.0 0.0 0.0 0.0 0.0 0.0 0.0 0.0 0.0 0.0 0.0 0.0 0.0 0.0 0.0 0.0 0.0 0.0 0.0 0.0 0.0 0.0 0.0 0.0 0.0 0.0 0.0 0.003410102105 0.003350892269 0.003377126995 0.003371731196 0.003119986033 0.002925416749 0.003045474177 0.002930156509 0.003193225503 0.003186944947 0.002754442954 0.00336641099 0.002963670141 0.003411346775 0.003290143969 0.003125718226 0.003051020601 0.003361888863 0.003194294693 0.003128025794 0.003140400395 0.003232450076 0.003203364887 0.240009969778 0.003034549571 0.0 0.0 0.0 0.0 0.0 0.0 0.0 0.0 0.0
0.0 0.0 0.0 0.0 0.0 0.0 0.0 0.0 0.0 0.0 0.0 0.0 0.0 0.0 0.0 0.0 0.0 0.0 0.0 0.0 0.0 0.0 0.0 0.0 0.0 0.0 0.0 0.0 0.0 0.0 0.0 0.0 0.0 0.0 0.0 0.0 0.0 0.0 0.0 0.0 0.003036769727 0.003042198262 0.003035782033 0.0030482058 0.003173257276 0.003224815464 0.003194978912 0.003217067182 0.003140654241 0.003127864129 0.00329786335 0.003037126931 0.003205964272 0.003031061015 0.003071887678 0.003145942047 0.003186864638 0.003032266953 0.003116347581 0.003142685617 0.003130539415 0.003114893628 0.003104313866 0.003034549571 0.103435603385 0.0 0.0 0.0 0.0 0.0 0.0 0.0 0.0 0.0
0.0 0.0 0.0 0.0 0.0 0.0 0.0 0.0 0.0 0.0 0.0 0.0 0.0 0.0 0.0 0.0 0.0 0.0 0.0 0.0 0.0 0.0 0.0 0.0 0.0 0.0 0.0 0.0 0.0 0.0 0.0 0.0 0.0 0.0 0.0 0.0 0.0 0.0 0.0 0.0 0.0 0.0 0.0 0.0 0.0 0.0 0.0 0.0 0.0 0.0 0.0 0.0 0.0 0.0 0.0 0.0 0.0 0.0 0.0 0.0 0.0 0.0 0.0 0.0 0.0 1.10735530804 0.00943478094 0.007480675817 0.008598809215 0.008158004991 0.01046377987 0.008395722671 0.007627939602 0.007483815037
0.0 0.0 0.0 0.0 0.0 0.0 0.0 0.0 0.0 0.0 0.0 0.0 0.0 0.0 0.0 0.0 0.0 0.0 0.0 0.0 0.0 0.0 0.0 0.0 0.0 0.0 0.0 0.0 0.0 0.0 0.0 0.0 0.0 0.0 0.0 0.0 0.0 0.0 0.0 0.0 0.0 0.0 0.0 0.0 0.0 0.0 0.0 0.0 0.0 0.0 0.0 0.0 0.0 0.0 0.0 0.0 0.0 0.0 0.0 0.0 0.0 0.0 0.0 0.0 0.0 0.00943478094 0.56501776545 0.007574115532 0.008275362613 0.008008445574 0.009245861571 0.008153009803 0.007654464353 0.007575958589
0.0 0.0 0.0 0.0 0.0 0.0 0.0 0.0 0.0 0.0 0.0 0.0 0.0 0.0 0.0 0.0 0.0 0.0 0.0 0.0 0.0 0.0 0.0 0.0 0.0 0.0 0.0 0.0 0.0 0.0 0.0 0.0 0.0 0.0 0.0 0.0 0.0 0.0 0.0 0.0 0.0 0.0 0.0 0.0 0.0 0.0 0.0 0.0 0.0 0.0 0.0 0.0 0.0 0.0 0.0 0.0 0.0 0.0 0.0 0.0 0.0 0.0 0.0 0.0 0.0 0.007480675817 0.007574115532 0.206663808777 0.007631826965 0.007645217682 0.007515429404 0.007634064986 0.007642690816 0.007644664662
0.0 0.0 0.0 0.0 0.0 0.0 0.0 0.0 0.0 0.0 0.0 0.0 0.0 0.0 0.0 0.0 0.0 0.0 0.0 0.0 0.0 0.0 0.0 0.0 0.0 0.0 0.0 0.0 0.0 0.0 0.0 0.0 0.0 0.0 0.0 0.0 0.0 0.0 0.0 0.0 0.0 0.0 0.0 0.0 0.0 0.0 0.0 0.0 0.0 0.0 0.0 0.0 0.0 0.0 0.0 0.0 0.0 0.0 0.0 0.0 0.0 0.0 0.0 0.0 0.0 0.008598809215 0.008275362613 0.007631826965 0.263328269608 0.007893872532 0.008528309976 0.007972013922 0.007669447972 0.007629942769
0.0 0.0 0.0 0.0 0.0 0.0 0.0 0.0 0.0 0.0 0.0 0.0 0.0 0.0 0.0 0.0 0.0 0.0 0.0 0.0 0.0 0.0 0.0 0.0 0.0 0.0 0.0 0.0 0.0 0.0 0.0 0.0 0.0 0.0 0.0 0.0 0.0 0.0 0.0 0.0 0.0 0.0 0.0 0.0 0.0 0.0 0.0 0.0 0.0 0.0 0.0 0.0 0.0 0.0 0.0 0.0 0.0 0.0 0.0 0.0 0.0 0.0 0.0 0.0 0.0 0.008158004991 0.008008445574 0.007645217682 0.007893872532 0.212719769232 0.008129320043 0.007850909666 0.007666640861 0.007642394245
0.0 0.0 0.0 0.0 0.0 0.0 0.0 0.0 0.0 0.0 0.0 0.0 0.0 0.0 0.0 0.0 0.0 0.0 0.0 0.0 0.0 0.0 0.0 0.0 0.0 0.0 0.0 0.0 0.0 0.0 0.0 0.0 0.0 0.0 0.0 0.0 0.0 0.0 0.0 0.0 0.0 0.0 0.0 0.0 0.0 0.0 0.0 0.0 0.0 0.0 0.0 0.0 0.0 0.0 0.0 0.0 0.0 0.0 0.0 0.0 0.0 0.0 0.0 0.0 0.0 0.01046377987 0.009245861571 0.007515429404 0.008528309976 0.008129320043 0.650303589192 0.00834766721 0.007643646949 0.007518129718
0.0 0.0 0.0 0.0 0.0 0.0 0.0 0.0 0.0 0.0 0.0 0.0 0.0 0.0 0.0 0.0 0.0 0.0 0.0 0.0 0.0 0.0 0.0 0.0 0.0 0.0 0.0 0.0 0.0 0.0 0.0 0.0 0.0 0.0 0.0 0.0 0.0 0.0 0.0 0.0 0.0 0.0 0.0 0.0 0.0 0.0 0.0 0.0 0.0 0.0 0.0 0.0 0.0 0.0 0.0 0.0 0.0 0.0 0.0 0.0 0.0 0.0 0.0 0.0 0.0 0.008395722671 0.008153009803 0.007634064986 0.007972013922 0.007850909666 0.00834766721 0.154281356144 0.007674326542 0.007628709274
0.0 0.0 0.0 0.0 0.0 0.0 0.0 0.0 0.0 0.0 0.0 0.0 0.0 0.0 0.0 0.0 0.0 0.0 0.0 0.0 0.0 0.0 0.0 0.0 0.0 0.0 0.0 0.0 0.0 0.0 0.0 0.0 0.0 0.0 0.0 0.0 0.0 0.0 0.0 0.0 0.0 0.0 0.0 0.0 0.0 0.0 0.0 0.0 0.0 0.0 0.0 0.0 0.0 0.0 0.0 0.0 0.0 0.0 0.0 0.0 0.0 0.0 0.0 0.0 0.0 0.007627939602 0.007654464353 0.007642690816 0.007669447972 0.007666640861 0.007643646949 0.007674326542 0.17692078536 0.007626581788
0.0 0.0 0.0 0.0 0.0 0.0 0.0 0.0 0.0 0.0 0.0 0.0 0.0 0.0 0.0 0.0 0.0 0.0 0.0 0.0 0.0 0.0 0.0 0.0 0.0 0.0 0.0 0.0 0.0 0.0 0.0 0.0 0.0 0.0 0.0 0.0 0.0 0.0 0.0 0.0 0.0 0.0 0.0 0.0 0.0 0.0 0.0 0.0 0.0 0.0 0.0 0.0 0.0 0.0 0.0 0.0 0.0 0.0 0.0 0.0 0.0 0.0 0.0 0.0 0.0 0.007483815037 0.007575958589 0.007644664662 0.007629942769 0.007642394245 0.007518129718 0.007628709274 0.007626581788 0.122892287068
