73 73
0.362411509748 0.01784215043 0.01745268566 0.01787139659 0.01665128176 0.01731944827 0.01729193454 0.01781685848 0.01742485802 0.01690864527 0.01791270145 0.01784966857 0.01729306744 0.01760293241 0.0 0.0 0.0 0.0 0.0 0.0 0.0 0.0 0.0 0.0 0.0 0.0 0.0 0.0 0.0 0.0 0.0 0.0 0.0 0.0 0.0 0.0 0.0 0.0 0.0 0.0 0.0 0.0 0.0 0.0 0.0 0.0 0.0 0.0 0.0 0.0 0.0 0.0 0.0 0.0 0.0 0.0 0.0 0.0 0.0 0.0 0.0 0.0 0.0 0.0 0.0 0.0 0.0 0.0 0.0 0.0 0.0 0.0 0.0
0.01784215043 0.741718720203 0.01728011197 0.01842223813 0.01579494454 0.01705442071 0.01693075829 0.01826929803 0.01727666825 0.01626053447 0.01847100376 0.01835445847 0.01696948543 0.01771435431 0.0 0.0 0.0 0.0 0.0 0.0 0.0 0.0 0.0 0.0 0.0 0.0 0.0 0.0 0.0 0.0 0.0 0.0 0.0 0.0 0.0 0.0 0.0 0.0 0.0 0.0 0.0 0.0 0.0 0.0 0.0 0.0 0.0 0.0 0.0 0.0 0.0 0.0 0.0 0.0 0.0 0.0 0.0 0.0 0.0 0.0 0.0 0.0 0.0 0.0 0.0 0.0 0.0 0.0 0.0 0.0 0.0 0.0 0.0
0.01745268566 0.01728011197 0.480758225873 0.01733757639 0.01767131178 0.01746291903 0.01790853381 0.01733131146 0.01760838922 0.01763138525 0.01732648868 0.01739315264 0.01768971986 0.01747339192 0.0 0.0 0.0 0.0 0.0 0.0 0.0 0.0 0.0 0.0 0.0 0.0 0.0 0.0 0.0 0.0 0.0 0.0 0.0 0.0 0.0 0.0 0.0 0.0 0.0 0.0 0.0 0.0 0.0 0.0 0.0 0.0 0.0 0.0 0.0 0.0 0.0 0.0 0.0 0.0 0.0 0.0 0.0 0.0 0.0 0.0 0.0 0.0 0.0 0.0 0.0 0.0 0.0 0.0 0.0 0.0 0.0 0.0 0.0
0.01787139659 0.01842223813 0.01733757639 0.341194015813 0.01553883438 0.01692937202 0.01698426157 0.01837109602 0.01722645243 0.01610446333 0.01858011476 0.01856666786 0.01689605043 0.01767533671 0.0 0.0 0.0 0.0 0.0 0.0 0.0 0.0 0.0 0.0 0.0 0.0 0.0 0.0 0.0 0.0 0.0 0.0 0.0 0.0 0.0 0.0 0.0 0.0 0.0 0.0 0.0 0.0 0.0 0.0 0.0 0.0 0.0 0.0 0.0 0.0 0.0 0.0 0.0 0.0 0.0 0.0 0.0 0.0 0.0 0.0 0.0 0.0 0.0 0.0 0.0 0.0 0.0 0.0 0.0 0.0 0.0 0.0 0.0
0.01665128176 0.01579494454 0.01767131178 0.01553883438 0.213793413554 0.0180759335 0.01838413229 0.0158726352 0.01777909746 0.02009458367 0.01565873306 0.01569219199 0.01848593992 0.01709812118 0.0 0.0 0.0 0.0 0.0 0.0 0.0 0.0 0.0 0.0 0.0 0.0 0.0 0.0 0.0 0.0 0.0 0.0 0.0 0.0 0.0 0.0 0.0 0.0 0.0 0.0 0.0 0.0 0.0 0.0 0.0 0.0 0.0 0.0 0.0 0.0 0.0 0.0 0.0 0.0 0.0 0.0 0.0 0.0 0.0 0.0 0.0 0.0 0.0 0.0 0.0 0.0 0.0 0.0 0.0 0.0 0.0 0.0 0.0
0.01731944827 0.01705442071 0.01746291903 0.01692937202 0.0180759335 1.83386967344 0.01752347609 0.01709228515 0.01755111156 0.01788958124 0.01695340506 0.01696071358 0.0176199393 0.01734078299 0.0 0.0 0.0 0.0 0.0 0.0 0.0 0.0 0.0 0.0 0.0 0.0 0.0 0.0 0.0 0.0 0.0 0.0 0.0 0.0 0.0 0.0 0.0 0.0 0.0 0.0 0.0 0.0 0.0 0.0 0.0 0.0 0.0 0.0 0.0 0.0 0.0 0.0 0.0 0.0 0.0 0.0 0.0 0.0 0.0 0.0 0.0 0.0 0.0 0.0 0.0 0.0 0.0 0.0 0.0 0.0 0.0 0.0 0.0
0.01729193454 0.01693075829 0.01790853381 0.01698426157 0.01838413229 0.01752347609 0.412556933533 0.01699725175 0.01770138446 0.01810765649 0.0169461722 0.01708487311 0.01793520514 0.0173779786 0.0 0.0 0.0 0.0 0.0 0.0 0.0 0.0 0.0 0.0 0.0 0.0 0.0 0.0 0.0 0.0 0.0 0.0 0.0 0.0 0.0 0.0 0.0 0.0 0.0 0.0 0.0 0.0 0.0 0.0 0.0 0.0 0.0 0.0 0.0 0.0 0.0 0.0 0.0 0.0 0.0 0.0 0.0 0.0 0.0 0.0 0.0 0.0 0.0 0.0 0.0 0.0 0.0 0.0 0.0 0.0 0.0 0.0 0.0
0.01781685848 0.01826929803 0.01733131146 0.01837109602 0.0158726352 0.01709228515 0.01699725175 0.461896111068 0.01729815539 0.01636340076 0.01840793184 0.01831648851 0.01701995878 0.01769333067 0.0 0.0 0.0 0.0 0.0 0.0 0.0 0.0 0.0 0.0 0.0 0.0 0.0 0.0 0.0 0.0 0.0 0.0 0.0 0.0 0.0 0.0 0.0 0.0 0.0 0.0 0.0 0.0 0.0 0.0 0.0 0.0 0.0 0.0 0.0 0.0 0.0 0.0 0.0 0.0 0.0 0.0 0.0 0.0 0.0 0.0 0.0 0.0 0.0 0.0 0.0 0.0 0.0 0.0 0.0 0.0 0.0 0.0 0.0
0.01742485802 0.01727666825 0.01760838922 0.01722645243 0.01777909746 0.01755111156 0.01770138446 0.01729815539 0.336165120374 0.01768270001 0.01728566516 0.01728391336 0.01765341181 0.01747892457 0.0 0.0 0.0 0.0 0.0 0.0 0.0 0.0 0.0 0.0 0.0 0.0 0.0 0.0 0.0 0.0 0.0 0.0 0.0 0.0 0.0 0.0 0.0 0.0 0.0 0.0 0.0 0.0 0.0 0.0 0.0 0.0 0.0 0.0 0.0 0.0 0.0 0.0 0.0 0.0 0.0 0.0 0.0 0.0 0.0 0.0 0.0 0.0 0.0 0.0 0.0 0.0 0.0 0.0 0.0 0.0 0.0 0.0 0.0
0.01690864527 0.01626053447 0.01763138525 0.01610446333 0.02009458367 0.01788958124 0.01810765649 0.01636340076 0.01768270001 0.241259658416 0.01624162465 0.01622275654 0.01821313083 0.01722622826 0.0 0.0 0.0 0.0 0.0 0.0 0.0 0.0 0.0 0.0 0.0 0.0 0.0 0.0 0.0 0.0 0.0 0.0 0.0 0.0 0.0 0.0 0.0 0.0 0.0 0.0 0.0 0.0 0.0 0.0 0.0 0.0 0.0 0.0 0.0 0.0 0.0 0.0 0.0 0.0 0.0 0.0 0.0 0.0 0.0 0.0 0.0 0.0 0.0 0.0 0.0 0.0 0.0 0.0 0.0 0.0 0.0 0.0 0.0
0.01791270145 0.01847100376 0.01732648868 0.01858011476 0.01565873306 0.01695340506 0.0169461722 0.01840793184 0.01728566516 0.01624162465 0.491743395456 0.01854196095 0.01702773463 0.01784118857 0.0 0.0 0.0 0.0 0.0 0.0 0.0 0.0 0.0 0.0 0.0 0.0 0.0 0.0 0.0 0.0 0.0 0.0 0.0 0.0 0.0 0.0 0.0 0.0 0.0 0.0 0.0 0.0 0.0 0.0 0.0 0.0 0.0 0.0 0.0 0.0 0.0 0.0 0.0 0.0 0.0 0.0 0.0 0.0 0.0 0.0 0.0 0.0 0.0 0.0 0.0 0.0 0.0 0.0 0.0 0.0 0.0 0.0 0.0
0.01784966857 0.01835445847 0.01739315264 0.01856666786 0.01569219199 0.01696071358 0.01708487311 0.01831648851 0.01728391336 0.01622275654 0.01854196095 0.552810853173 0.01698761047 0.01770118393 0.0 0.0 0.0 0.0 0.0 0.0 0.0 0.0 0.0 0.0 0.0 0.0 0.0 0.0 0.0 0.0 0.0 0.0 0.0 0.0 0.0 0.0 0.0 0.0 0.0 0.0 0.0 0.0 0.0 0.0 0.0 0.0 0.0 0.0 0.0 0.0 0.0 0.0 0.0 0.0 0.0 0.0 0.0 0.0 0.0 0.0 0.0 0.0 0.0 0.0 0.0 0.0 0.0 0.0 0.0 0.0 0.0 0.0 0.0
0.01729306744 0.01696948543 0.01768971986 0.01689605043 0.01848593992 0.0176199393 0.01793520514 0.01701995878 0.01765341181 0.01821313083 0.01702773463 0.01698761047 0.298257453678 0.01745708893 0.0 0.0 0.0 0.0 0.0 0.0 0.0 0.0 0.0 0.0 0.0 0.0 0.0 0.0 0.0 0.0 0.0 0.0 0.0 0.0 0.0 0.0 0.0 0.0 0.0 0.0 0.0 0.0 0.0 0.0 0.0 0.0 0.0 0.0 0.0 0.0 0.0 0.0 0.0 0.0 0.0 0.0 0.0 0.0 0.0 0.0 0.0 0.0 0.0 0.0 0.0 0.0 0.0 0.0 0.0 0.0 0.0 0.0 0.0
0.01760293241 0.01771435431 0.01747339192 0.01767533671 0.01709812118 0.01734078299 0.0173779786 0.01769333067 0.01747892457 0.01722622826 0.01784118857 0.01770118393 0.01745708893 0.331745593904 0.0 0.0 0.0 0.0 0.0 0.0 0.0 0.0 0.0 0.0 0.0 0.0 0.0 0.0 0.0 0.0 0.0 0.0 0.0 0.0 0.0 0.0 0.0 0.0 0.0 0.0 0.0 0.0 0.0 0.0 0.0 0.0 0.0 0.0 0.0 0.0 0.0 0.0 0.0 0.0 0.0 0.0 0.0 0.0 0.0 0.0 0.0 0.0 0.0 0.0 0.0 0.0 0.0 0.0 0.0 0.0 0.0 0.0 0.0
0.0 0.0 0.0 0.0 0.0 0.0 0.0 0.0 0.0 0.0 0.0 0.0 0.0 0.0 0.304373628284 0.009733123412 0.01054361352 0.01087738082 0.01082338055 0.009892470383 0.01131641203 0.01141253637 0.01054566904 0.009639867539 0.009428590908 0.009059694689 0.009048099839 0.01031828814 0.01003182741 0.009664212943 0.01017990348 0.01018981788 0.009986637414 0.009016068139 0.0107136127 0.0105208926 0.009951156751 0.009695761692 0.0 0.0 0.0 0.0 0.0 0.0 0.0 0.0 0.0 0.0 0.0 0.0 0.0 0.0 0.0 0.0 0.0 0.0 0.0 0.0 0.0 0.0 0.0 0.0 0.0 0.0 0.0 0.0 0.0 0.0 0.0 0.0 0.0 0.0 0.0
0.0 0.0 0.0 0.0 0.0 0.0 0.0 0.0 0.0 0.0 0.0 0.0 0.0 0.0 0.009733123412 0.230518649759 0.01013891799 0.009823389538 0.009815260028 0.0108674027 0.009383227949 0.00928339766 0.01013205423 0.01112500935 0.0114010034 0.01179257681 0.01187372588 0.01039569753 0.01073870426 0.0111149321 0.01051466073 0.01053566201 0.0107767337 0.01191750628 0.009977085226 0.01016751648 0.01075555904 0.01097907987 0.0 0.0 0.0 0.0 0.0 0.0 0.0 0.0 0.0 0.0 0.0 0.0 0.0 0.0 0.0 0.0 0.0 0.0 0.0 0.0 0.0 0.0 0.0 0.0 0.0 0.0 0.0 0.0 0.0 0.0 0.0 0.0 0.0 0.0 0.0
0.0 0.0 0.0 0.0 0.0 0.0 0.0 0.0 0.0 0.0 0.0 0.0 0.0 0.0 0.01054361352 0.01013891799 0.410108121137 0.01053238287 0.01048123752 0.01023088135 0.01059548736 0.01062254324 0.0104334664 0.01013007099 0.01001690687 0.0098354475 0.009826986685 0.01035812209 0.01029403551 0.01017433224 0.010328199 0.01033700202 0.01023901191 0.009812547321 0.01048000947 0.01044060621 0.01025927107 0.01007458322 0.0 0.0 0.0 0.0 0.0 0.0 0.0 0.0 0.0 0.0 0.0 0.0 0.0 0.0 0.0 0.0 0.0 0.0 0.0 0.0 0.0 0.0 0.0 0.0 0.0 0.0 0.0 0.0 0.0 0.0 0.0 0.0 0.0 0.0 0.0
0.0 0.0 0.0 0.0 0.0 0.0 0.0 0.0 0.0 0.0 0.0 0.0 0.0 0.0 0.01087738082 0.009823389538 0.01053238287 0.347128605275 0.01072459442 0.009984372497 0.01116592863 0.01126883797 0.0105268956 0.009758308674 0.009553611359 0.009216941084 0.00920871892 0.01033020017 0.01011605261 0.00980720333 0.01021747558 0.01023951175 0.01004486579 0.009177921476 0.01066032955 0.01051409796 0.01002930882 0.009723540212 0.0 0.0 0.0 0.0 0.0 0.0 0.0 0.0 0.0 0.0 0.0 0.0 0.0 0.0 0.0 0.0 0.0 0.0 0.0 0.0 0.0 0.0 0.0 0.0 0.0 0.0 0.0 0.0 0.0 0.0 0.0 0.0 0.0 0.0 0.0
0.0 0.0 0.0 0.0 0.0 0.0 0.0 0.0 0.0 0.0 0.0 0.0 0.0 0.0 0.01082338055 0.009815260028 0.01048123752 0.01072459442 0.281769874162 0.009918930397 0.01115862768 0.01124154984 0.01052796826 0.009778683324 0.009606008087 0.009396885829 0.009322158468 0.01028237983 0.009945056016 0.00972331931 0.01020749919 0.01014801237 0.0100171359 0.009286176664 0.010602796 0.01044473324 0.01002332502 0.01004847093 0.0 0.0 0.0 0.0 0.0 0.0 0.0 0.0 0.0 0.0 0.0 0.0 0.0 0.0 0.0 0.0 0.0 0.0 0.0 0.0 0.0 0.0 0.0 0.0 0.0 0.0 0.0 0.0 0.0 0.0 0.0 0.0 0.0 0.0 0.0
0.0 0.0 0.0 0.0 0.0 0.0 0.0 0.0 0.0 0.0 0.0 0.0 0.0 0.0 0.009892470383 0.0108674027 0.01023088135 0.009984372497 0.009918930397 0.445649912943 0.009634519368 0.009534888278 0.01019627856 0.01099541823 0.01114297794 0.01135840951 0.01141853607 0.01040736615 0.01072851471 0.0110522115 0.01053200361 0.01054139948 0.01068725193 0.01150838136 0.01010016263 0.01025198359 0.01070977395 0.01080167456 0.0 0.0 0.0 0.0 0.0 0.0 0.0 0.0 0.0 0.0 0.0 0.0 0.0 0.0 0.0 0.0 0.0 0.0 0.0 0.0 0.0 0.0 0.0 0.0 0.0 0.0 0.0 0.0 0.0 0.0 0.0 0.0 0.0 0.0 0.0
0.0 0.0 0.0 0.0 0.0 0.0 0.0 0.0 0.0 0.0 0.0 0.0 0.0 0.0 0.01131641203 0.009383227949 0.01059548736 0.01116592863 0.01115862768 0.009634519368 30.906256349 0.01224438496 0.01063374586 0.00920648441 0.009009761426 0.008455849714 0.008464814475 0.01031847142 0.00993782913 0.009144652198 0.01005904095 0.01004199082 0.00976085158 0.008445732437 0.01093174846 0.01053728733 0.009693535476 0.009420710121 0.0 0.0 0.0 0.0 0.0 0.0 0.0 0.0 0.0 0.0 0.0 0.0 0.0 0.0 0.0 0.0 0.0 0.0 0.0 0.0 0.0 0.0 0.0 0.0 0.0 0.0 0.0 0.0 0.0 0.0 0.0 0.0 0.0 0.0 0.0
0.0 0.0 0.0 0.0 0.0 0.0 0.0 0.0 0.0 0.0 0.0 0.0 0.0 0.0 0.01141253637 0.00928339766 0.01062254324 0.01126883797 0.01124154984 0.009534888278 0.01224438496 2.00283941913 0.01067508799 0.009137765288 0.008824524329 0.008284342411 0.008268821063 0.01024730492 0.009719352807 0.009132434995 0.01001824584 0.01000575546 0.009701280791 0.00824462266 0.01092131451 0.01056731027 0.009618138202 0.009349332639 0.0 0.0 0.0 0.0 0.0 0.0 0.0 0.0 0.0 0.0 0.0 0.0 0.0 0.0 0.0 0.0 0.0 0.0 0.0 0.0 0.0 0.0 0.0 0.0 0.0 0.0 0.0 0.0 0.0 0.0 0.0 0.0 0.0 0.0 0.0
0.0 0.0 0.0 0.0 0.0 0.0 0.0 0.0 0.0 0.0 0.0 0.0 0.0 0.0 0.01054566904 0.01013205423 0.0104334664 0.0105268956 0.01052796826 0.01019627856 0.01063374586 0.01067508799 0.507352564428 0.0101200579 0.009997487339 0.00987102296 0.009835385681 0.01033216472 0.01022632688 0.0101293448 0.01030271269 0.01030642554 0.01021294682 0.009789346239 0.01043843558 0.01041794343 0.01024630971 0.010081954 0.0 0.0 0.0 0.0 0.0 0.0 0.0 0.0 0.0 0.0 0.0 0.0 0.0 0.0 0.0 0.0 0.0 0.0 0.0 0.0 0.0 0.0 0.0 0.0 0.0 0.0 0.0 0.0 0.0 0.0 0.0 0.0 0.0 0.0 0.0
0.0 0.0 0.0 0.0 0.0 0.0 0.0 0.0 0.0 0.0 0.0 0.0 0.0 0.0 0.009639867539 0.01112500935 0.01013007099 0.009758308674 0.009778683324 0.01099541823 0.00920648441 0.009137765288 0.0101200579 0.542799769464 0.01160651909 0.01211488955 0.01214368823 0.01038951674 0.01078419184 0.0113445473 0.01059480849 0.01056390887 0.01082421825 0.01224312271 0.009913024101 0.01014747793 0.01087512935 0.01125101457 0.0 0.0 0.0 0.0 0.0 0.0 0.0 0.0 0.0 0.0 0.0 0.0 0.0 0.0 0.0 0.0 0.0 0.0 0.0 0.0 0.0 0.0 0.0 0.0 0.0 0.0 0.0 0.0 0.0 0.0 0.0 0.0 0.0 0.0 0.0
0.0 0.0 0.0 0.0 0.0 0.0 0.0 0.0 0.0 0.0 0.0 0.0 0.0 0.0 0.009428590908 0.0114010034 0.01001690687 0.009553611359 0.009606008087 0.01114297794 0.009009761426 0.008824524329 0.009997487339 0.01160651909 0.667611216102 0.01283321205 0.01295314375 0.01040139351 0.01086456711 0.01151340377 0.01061764405 0.01057104427 0.01097783625 0.0130831048 0.009810981393 0.01004149694 0.01094052568 0.0116731581 0.0 0.0 0.0 0.0 0.0 0.0 0.0 0.0 0.0 0.0 0.0 0.0 0.0 0.0 0.0 0.0 0.0 0.0 0.0 0.0 0.0 0.0 0.0 0.0 0.0 0.0 0.0 0.0 0.0 0.0 0.0 0.0 0.0 0.0 0.0
0.0 0.0 0.0 0.0 0.0 0.0 0.0 0.0 0.0 0.0 0.0 0.0 0.0 0.0 0.009059694689 0.01179257681 0.0098354475 0.009216941084 0.009396885829 0.01135840951 0.008455849714 0.008284342411 0.00987102296 0.01211488955 0.01283321205 0.319116854374 0.01448817982 0.01036045897 0.01089027107 0.01188155093 0.01067134723 0.0105688986 0.01114719013 0.01457217884 0.009506124984 0.009859951326 0.01115789888 0.01251417919 0.0 0.0 0.0 0.0 0.0 0.0 0.0 0.0 0.0 0.0 0.0 0.0 0.0 0.0 0.0 0.0 0.0 0.0 0.0 0.0 0.0 0.0 0.0 0.0 0.0 0.0 0.0 0.0 0.0 0.0 0.0 0.0 0.0 0.0 0.0
0.0 0.0 0.0 0.0 0.0 0.0 0.0 0.0 0.0 0.0 0.0 0.0 0.0 0.0 0.009048099839 0.01187372588 0.009826986685 0.00920871892 0.009322158468 0.01141853607 0.008464814475 0.008268821063 0.009835385681 0.01214368823 0.01295314375 0.01448817982 0.308227426185 0.01038572244 0.01099213178 0.01195321068 0.01066518519 0.01059561011 0.0112047322 0.01488526758 0.009520511991 0.009855040298 0.01114101893 0.01242145673 0.0 0.0 0.0 0.0 0.0 0.0 0.0 0.0 0.0 0.0 0.0 0.0 0.0 0.0 0.0 0.0 0.0 0.0 0.0 0.0 0.0 0.0 0.0 0.0 0.0 0.0 0.0 0.0 0.0 0.0 0.0 0.0 0.0 0.0 0.0
0.0 0.0 0.0 0.0 0.0 0.0 0.0 0.0 0.0 0.0 0.0 0.0 0.0 0.0 0.01031828814 0.01039569753 0.01035812209 0.01033020017 0.01028237983 0.01040736615 0.01031847142 0.01024730492 0.01033216472 0.01038951674 0.01040139351 0.01036045897 0.01038572244 1.2042102775 0.01044157418 0.01041920615 0.01038189487 0.01039738877 0.01039940558 0.01042512692 0.01037570947 0.01037231474 0.01038450861 0.01034539458 0.0 0.0 0.0 0.0 0.0 0.0 0.0 0.0 0.0 0.0 0.0 0.0 0.0 0.0 0.0 0.0 0.0 0.0 0.0 0.0 0.0 0.0 0.0 0.0 0.0 0.0 0.0 0.0 0.0 0.0 0.0 0.0 0.0 0.0 0.0
0.0 0.0 0.0 0.0 0.0 0.0 0.0 0.0 0.0 0.0 0.0 0.0 0.0 0.0 0.01003182741 0.01073870426 0.01029403551 0.01011605261 0.009945056016 0.01072851471 0.00993782913 0.009719352807 0.01022632688 0.01078419184 0.01086456711 0.01089027107 0.01099213178 0.01044157418 2.3083986112 0.01091348168 0.01049944725 0.01055953934 0.01062966782 0.0110766863 0.0102235262 0.01032751697 0.01062854257 0.01046370108 0.0 0.0 0.0 0.0 0.0 0.0 0.0 0.0 0.0 0.0 0.0 0.0 0.0 0.0 0.0 0.0 0.0 0.0 0.0 0.0 0.0 0.0 0.0 0.0 0.0 0.0 0.0 0.0 0.0 0.0 0.0 0.0 0.0 0.0 0.0
0.0 0.0 0.0 0.0 0.0 0.0 0.0 0.0 0.0 0.0 0.0 0.0 0.0 0.0 0.009664212943 0.0111149321 0.01017433224 0.00980720333 0.00972331931 0.0110522115 0.009144652198 0.009132434995 0.0101293448 0.0113445473 0.01151340377 0.01188155093 0.01195321068 0.01041920615 0.01091348168 1.74395499408 0.01063514911 0.01063482893 0.01084670025 0.01210160276 0.009956625585 0.01020092572 0.01091689793 0.01102937962 0.0 0.0 0.0 0.0 0.0 0.0 0.0 0.0 0.0 0.0 0.0 0.0 0.0 0.0 0.0 0.0 0.0 0.0 0.0 0.0 0.0 0.0 0.0 0.0 0.0 0.0 0.0 0.0 0.0 0.0 0.0 0.0 0.0 0.0 0.0
0.0 0.0 0.0 0.0 0.0 0.0 0.0 0.0 0.0 0.0 0.0 0.0 0.0 0.0 0.01017990348 0.01051466073 0.010328199 0.01021747558 0.01020749919 0.01053200361 0.01005904095 0.01001824584 0.01030271269 0.01059480849 0.01061764405 0.01067134723 0.01066518519 0.01038189487 0.01049944725 0.01063514911 0.383116423946 0.01043486675 0.01047703435 0.01070982338 0.01028288466 0.0103338486 0.01051423212 0.01057806976 0.0 0.0 0.0 0.0 0.0 0.0 0.0 0.0 0.0 0.0 0.0 0.0 0.0 0.0 0.0 0.0 0.0 0.0 0.0 0.0 0.0 0.0 0.0 0.0 0.0 0.0 0.0 0.0 0.0 0.0 0.0 0.0 0.0 0.0 0.0
0.0 0.0 0.0 0.0 0.0 0.0 0.0 0.0 0.0 0.0 0.0 0.0 0.0 0.0 0.01018981788 0.01053566201 0.01033700202 0.01023951175 0.01014801237 0.01054139948 0.01004199082 0.01000575546 0.01030642554 0.01056390887 0.01057104427 0.0105688986 0.01059561011 0.01039738877 0.01055953934 0.01063482893 0.01043486675 0.262452155576 0.01048318068 0.01062053617 0.0102810062 0.01035494533 0.01050684081 0.0103666028 0.0 0.0 0.0 0.0 0.0 0.0 0.0 0.0 0.0 0.0 0.0 0.0 0.0 0.0 0.0 0.0 0.0 0.0 0.0 0.0 0.0 0.0 0.0 0.0 0.0 0.0 0.0 0.0 0.0 0.0 0.0 0.0 0.0 0.0 0.0
0.0 0.0 0.0 0.0 0.0 0.0 0.0 0.0 0.0 0.0 0.0 0.0 0.0 0.0 0.009986637414 0.0107767337 0.01023901191 0.01004486579 0.0100171359 0.01068725193 0.00976085158 0.009701280791 0.01021294682 0.01082421825 0.01097783625 0.01114719013 0.0112047322 0.01039940558 0.01062966782 0.01084670025 0.01047703435 0.01048318068 0.568445068213 0.01127393935 0.01016700036 0.01026122233 0.01060544014 0.01074302093 0.0 0.0 0.0 0.0 0.0 0.0 0.0 0.0 0.0 0.0 0.0 0.0 0.0 0.0 0.0 0.0 0.0 0.0 0.0 0.0 0.0 0.0 0.0 0.0 0.0 0.0 0.0 0.0 0.0 0.0 0.0 0.0 0.0 0.0 0.0
0.0 0.0 0.0 0.0 0.0 0.0 0.0 0.0 0.0 0.0 0.0 0.0 0.0 0.0 0.009016068139 0.01191750628 0.009812547321 0.009177921476 0.009286176664 0.01150838136 0.008445732437 0.00824462266 0.009789346239 0.01224312271 0.0130831048 0.01457217884 0.01488526758 0.01042512692 0.0110766863 0.01210160276 0.01070982338 0.01062053617 0.01127393935 0.263698620462 0.009553016543 0.009847897061 0.01116572421 0.01255436944 0.0 0.0 0.0 0.0 0.0 0.0 0.0 0.0 0.0 0.0 0.0 0.0 0.0 0.0 0.0 0.0 0.0 0.0 0.0 0.0 0.0 0.0 0.0 0.0 0.0 0.0 0.0 0.0 0.0 0.0 0.0 0.0 0.0 0.0 0.0
0.0 0.0 0.0 0.0 0.0 0.0 0.0 0.0 0.0 0.0 0.0 0.0 0.0 0.0 0.0107136127 0.009977085226 0.01048000947 0.01066032955 0.010602796 0.01010016263 0.01093174846 0.01092131451 0.01043843558 0.009913024101 0.009810981393 0.009506124984 0.009520511991 0.01037570947 0.0102235262 0.009956625585 0.01028288466 0.0102810062 0.01016700036 0.009553016543 0.25567659838 0.01048017512 0.01011428737 0.01002351246 0.0 0.0 0.0 0.0 0.0 0.0 0.0 0.0 0.0 0.0 0.0 0.0 0.0 0.0 0.0 0.0 0.0 0.0 0.0 0.0 0.0 0.0 0.0 0.0 0.0 0.0 0.0 0.0 0.0 0.0 0.0 0.0 0.0 0.0 0.0
0.0 0.0 0.0 0.0 0.0 0.0 0.0 0.0 0.0 0.0 0.0 0.0 0.0 0.0 0.0105208926 0.01016751648 0.01044060621 0.01051409796 0.01044473324 0.01025198359 0.01053728733 0.01056731027 0.01041794343 0.01014747793 0.01004149694 0.009859951326 0.009855040298 0.01037231474 0.01032751697 0.01020092572 0.0103338486 0.01035494533 0.01026122233 0.009847897061 0.01048017512 0.580230897692 0.01027487923 0.01006667876 0.0 0.0 0.0 0.0 0.0 0.0 0.0 0.0 0.0 0.0 0.0 0.0 0.0 0.0 0.0 0.0 0.0 0.0 0.0 0.0 0.0 0.0 0.0 0.0 0.0 0.0 0.0 0.0 0.0 0.0 0.0 0.0 0.0 0.0 0.0
0.0 0.0 0.0 0.0 0.0 0.0 0.0 0.0 0.0 0.0 0.0 0.0 0.0 0.0 0.009951156751 0.01075555904 0.01025927107 0.01002930882 0.01002332502 0.01070977395 0.009693535476 0.009618138202 0.01024630971 0.01087512935 0.01094052568 0.01115789888 0.01114101893 0.01038450861 0.01062854257 0.01091689793 0.01051423212 0.01050684081 0.01060544014 0.01116572421 0.01011428737 0.01027487923 0.930729732234 0.01072324864 0.0 0.0 0.0 0.0 0.0 0.0 0.0 0.0 0.0 0.0 0.0 0.0 0.0 0.0 0.0 0.0 0.0 0.0 0.0 0.0 0.0 0.0 0.0 0.0 0.0 0.0 0.0 0.0 0.0 0.0 0.0 0.0 0.0 0.0 0.0
0.0 0.0 0.0 0.0 0.0 0.0 0.0 0.0 0.0 0.0 0.0 0.0 0.0 0.0 0.009695761692 0.01097907987 0.01007458322 0.009723540212 0.01004847093 0.01080167456 0.009420710121 0.009349332639 0.010081954 0.01125101457 0.0116731581 0.01251417919 0.01242145673 0.01034539458 0.01046370108 0.01102937962 0.01057806976 0.0103666028 0.01074302093 0.01255436944 0.01002351246 0.01006667876 0.01072324864 1.31580005556 0.0 0.0 0.0 0.0 0.0 0.0 0.0 0.0 0.0 0.0 0.0 0.0 0.0 0.0 0.0 0.0 0.0 0.0 0.0 0.0 0.0 0.0 0.0 0.0 0.0 0.0 0.0 0.0 0.0 0.0 0.0 0.0 0.0 0.0 0.0
0.0 0.0 0.0 0.0 0.0 0.0 0.0 0.0 0.0 0.0 0.0 0.0 0.0 0.0 0.0 0.0 0.0 0.0 0.0 0.0 0.0 0.0 0.0 0.0 0.0 0.0 0.0 0.0 0.0 0.0 0.0 0.0 0.0 0.0 0.0 0.0 0.0 0.0 0.213377803599 0.008483164868 0.008656927 0.008673208392 0.00862368899 0.008600268702 0.008654707101 0.008631254684 0.008657240287 0.008558298768 0.008488876208 0.008640156498 0.00851336283 0.008402153671 0.008164231429 0.008602079995 0.008488898023 0.008588998855 0.00831120332 0.008572664023 0.008675645295 0.008405321411 0.008396440881 0.008369418996 0.0 0.0 0.0 0.0 0.0 0.0 0.0 0.0 0.0 0.0 0.0
0.0 0.0 0.0 0.0 0.0 0.0 0.0 0.0 0.0 0.0 0.0 0.0 0.0 0.0 0.0 0.0 0.0 0.0 0.0 0.0 0.0 0.0 0.0 0.0 0.0 0.0 0.0 0.0 0.0 0.0 0.0 0.0 0.0 0.0 0.0 0.0 0.0 0.0 0.008483164868 0.175209622658 0.008208844218 0.008017615159 0.008106457686 0.008548601585 0.007931899425 0.008367987514 0.008224528602 0.008553411911 0.008699646905 0.008309035645 0.008745760592 0.009024817311 0.009349818106 0.008495432099 0.00885403418 0.008572320922 0.009156918735 0.008590202145 0.008053688413 0.008967121699 0.009026207519 0.00901141902 0.0 0.0 0.0 0.0 0.0 0.0 0.0 0.0 0.0 0.0 0.0
0.0 0.0 0.0 0.0 0.0 0.0 0.0 0.0 0.0 0.0 0.0 0.0 0.0 0.0 0.0 0.0 0.0 0.0 0.0 0.0 0.0 0.0 0.0 0.0 0.0 0.0 0.0 0.0 0.0 0.0 0.0 0.0 0.0 0.0 0.0 0.0 0.0 0.0 0.008656927 0.008208844218 0.374971056366 0.009327246325 0.009148224325 0.008593486807 0.009394161837 0.008792925585 0.009033650347 0.008563788431 0.008325341062 0.008921018197 0.008292800714 0.007873505365 0.007276408118 0.00864611193 0.00815363078 0.008548447455 0.007728468466 0.0085262279 0.009271165945 0.007959374222 0.007875783432 0.007919529315 0.0 0.0 0.0 0.0 0.0 0.0 0.0 0.0 0.0 0.0 0.0
0.0 0.0 0.0 0.0 0.0 0.0 0.0 0.0 0.0 0.0 0.0 0.0 0.0 0.0 0.0 0.0 0.0 0.0 0.0 0.0 0.0 0.0 0.0 0.0 0.0 0.0 0.0 0.0 0.0 0.0 0.0 0.0 0.0 0.0 0.0 0.0 0.0 0.0 0.008673208392 0.008017615159 0.009327246325 0.431167081506 0.009567272953 0.008571391814 0.01003112337 0.008903039591 0.009281248633 0.008556880994 0.008171809867 0.009099189945 0.008145368097 0.007541610843 0.00674531671 0.008644633279 0.007942594624 0.008515751007 0.007354069946 0.008472941395 0.009725216184 0.007649703319 0.007544634811 0.00760366494 0.0 0.0 0.0 0.0 0.0 0.0 0.0 0.0 0.0 0.0 0.0
0.0 0.0 0.0 0.0 0.0 0.0 0.0 0.0 0.0 0.0 0.0 0.0 0.0 0.0 0.0 0.0 0.0 0.0 0.0 0.0 0.0 0.0 0.0 0.0 0.0 0.0 0.0 0.0 0.0 0.0 0.0 0.0 0.0 0.0 0.0 0.0 0.0 0.0 0.00862368899 0.008106457686 0.009148224325 0.009567272953 0.353180809046 0.008532613517 0.009778192861 0.008823809475 0.009111423235 0.008583702528 0.008312669544 0.008976137295 0.008229286093 0.007685609451 0.007025138432 0.008617157128 0.00803709682 0.008490830268 0.007552954739 0.008473566484 0.009462301697 0.007823335241 0.007702244399 0.007752188552 0.0 0.0 0.0 0.0 0.0 0.0 0.0 0.0 0.0 0.0 0.0
0.0 0.0 0.0 0.0 0.0 0.0 0.0 0.0 0.0 0.0 0.0 0.0 0.0 0.0 0.0 0.0 0.0 0.0 0.0 0.0 0.0 0.0 0.0 0.0 0.0 0.0 0.0 0.0 0.0 0.0 0.0 0.0 0.0 0.0 0.0 0.0 0.0 0.0 0.008600268702 0.008548601585 0.008593486807 0.008571391814 0.008532613517 0.637129642225 0.008518882545 0.008579237398 0.008587560082 0.00855401905 0.008516347479 0.008589283711 0.008552304045 0.00851044431 0.008354581323 0.0085929875 0.008552999189 0.008596177603 0.00845019921 0.008592611057 0.008575136701 0.008497603299 0.008499371063 0.008488987594 0.0 0.0 0.0 0.0 0.0 0.0 0.0 0.0 0.0 0.0 0.0
0.0 0.0 0.0 0.0 0.0 0.0 0.0 0.0 0.0 0.0 0.0 0.0 0.0 0.0 0.0 0.0 0.0 0.0 0.0 0.0 0.0 0.0 0.0 0.0 0.0 0.0 0.0 0.0 0.0 0.0 0.0 0.0 0.0 0.0 0.0 0.0 0.0 0.0 0.008654707101 0.007931899425 0.009394161837 0.01003112337 0.009778192861 0.008518882545 2.01762371014 0.008941910754 0.009345111648 0.008559442176 0.008146489374 0.009137757239 0.00809365489 0.007402617706 0.006575650769 0.008625506317 0.007849327187 0.008472520214 0.00722127736 0.008429176023 0.009875100922 0.00754668442 0.007418442944 0.007473333827 0.0 0.0 0.0 0.0 0.0 0.0 0.0 0.0 0.0 0.0 0.0
0.0 0.0 0.0 0.0 0.0 0.0 0.0 0.0 0.0 0.0 0.0 0.0 0.0 0.0 0.0 0.0 0.0 0.0 0.0 0.0 0.0 0.0 0.0 0.0 0.0 0.0 0.0 0.0 0.0 0.0 0.0 0.0 0.0 0.0 0.0 0.0 0.0 0.0 0.008631254684 0.008367987514 0.008792925585 0.008903039591 0.008823809475 0.008579237398 0.008941910754 0.318028657071 0.008791356185 0.008556845892 0.008429598924 0.00873487621 0.008429816795 0.008210851209 0.007847672065 0.008609268618 0.00836426702 0.008565434586 0.008083357306 0.008538776825 0.008892737665 0.008244462627 0.008207357082 0.008180151097 0.0 0.0 0.0 0.0 0.0 0.0 0.0 0.0 0.0 0.0 0.0
0.0 0.0 0.0 0.0 0.0 0.0 0.0 0.0 0.0 0.0 0.0 0.0 0.0 0.0 0.0 0.0 0.0 0.0 0.0 0.0 0.0 0.0 0.0 0.0 0.0 0.0 0.0 0.0 0.0 0.0 0.0 0.0 0.0 0.0 0.0 0.0 0.0 0.0 0.008657240287 0.008224528602 0.009033650347 0.009281248633 0.009111423235 0.008587560082 0.009345111648 0.008791356185 0.277465082226 0.008569804101 0.008328568668 0.008903826583 0.008311426374 0.007913668338 0.007338317343 0.008635773358 0.008185583103 0.008553381894 0.00776306122 0.00852171658 0.009231492999 0.007983885552 0.007913474347 0.007932205006 0.0 0.0 0.0 0.0 0.0 0.0 0.0 0.0 0.0 0.0 0.0
0.0 0.0 0.0 0.0 0.0 0.0 0.0 0.0 0.0 0.0 0.0 0.0 0.0 0.0 0.0 0.0 0.0 0.0 0.0 0.0 0.0 0.0 0.0 0.0 0.0 0.0 0.0 0.0 0.0 0.0 0.0 0.0 0.0 0.0 0.0 0.0 0.0 0.0 0.008558298768 0.008553411911 0.008563788431 0.008556880994 0.008583702528 0.00855401905 0.008559442176 0.008556845892 0.008569804101 0.305711485389 0.00863255087 0.008593111724 0.008576546322 0.008403144943 0.008223809416 0.008567052045 0.008543472846 0.008554595034 0.008460368055 0.008557279439 0.008541843057 0.008491358707 0.008422518011 0.008442355496 0.0 0.0 0.0 0.0 0.0 0.0 0.0 0.0 0.0 0.0 0.0
0.0 0.0 0.0 0.0 0.0 0.0 0.0 0.0 0.0 0.0 0.0 0.0 0.0 0.0 0.0 0.0 0.0 0.0 0.0 0.0 0.0 0.0 0.0 0.0 0.0 0.0 0.0 0.0 0.0 0.0 0.0 0.0 0.0 0.0 0.0 0.0 0.0 0.0 0.008488876208 0.008699646905 0.008325341062 0.008171809867 0.008312669544 0.008516347479 0.008146489374 0.008429598924 0.008328568668 0.00863255087 0.305093476094 0.008401288589 0.008690357349 0.008662846998 0.008736458452 0.008537076031 0.008684217957 0.008519716192 0.008821760242 0.008550582133 0.008192628944 0.008811461412 0.008707930651 0.008772475003 0.0 0.0 0.0 0.0 0.0 0.0 0.0 0.0 0.0 0.0 0.0
0.0 0.0 0.0 0.0 0.0 0.0 0.0 0.0 0.0 0.0 0.0 0.0 0.0 0.0 0.0 0.0 0.0 0.0 0.0 0.0 0.0 0.0 0.0 0.0 0.0 0.0 0.0 0.0 0.0 0.0 0.0 0.0 0.0 0.0 0.0 0.0 0.0 0.0 0.008640156498 0.008309035645 0.008921018197 0.009099189945 0.008976137295 0.008589283711 0.009137757239 0.00873487621 0.008903826583 0.008593111724 0.008401288589 0.461405912293 0.00837864101 0.008031544045 0.007535876312 0.008626147361 0.008276784561 0.008562159604 0.007924395431 0.008539132201 0.009057160855 0.008101788138 0.008033398487 0.008052879552 0.0 0.0 0.0 0.0 0.0 0.0 0.0 0.0 0.0 0.0 0.0
0.0 0.0 0.0 0.0 0.0 0.0 0.0 0.0 0.0 0.0 0.0 0.0 0.0 0.0 0.0 0.0 0.0 0.0 0.0 0.0 0.0 0.0 0.0 0.0 0.0 0.0 0.0 0.0 0.0 0.0 0.0 0.0 0.0 0.0 0.0 0.0 0.0 0.0 0.00851336283 0.008745760592 0.008292800714 0.008145368097 0.008229286093 0.008552304045 0.00809365489 0.008429816795 0.008311426374 0.008576546322 0.008690357349 0.00837864101 0.270960984271 0.008836876568 0.009005818247 0.008521054168 0.008768856136 0.008569659574 0.008928644637 0.008580740747 0.008173611236 0.008836966756 0.008847236144 0.00883117392 0.0 0.0 0.0 0.0 0.0 0.0 0.0 0.0 0.0 0.0 0.0
0.0 0.0 0.0 0.0 0.0 0.0 0.0 0.0 0.0 0.0 0.0 0.0 0.0 0.0 0.0 0.0 0.0 0.0 0.0 0.0 0.0 0.0 0.0 0.0 0.0 0.0 0.0 0.0 0.0 0.0 0.0 0.0 0.0 0.0 0.0 0.0 0.0 0.0 0.008402153671 0.009024817311 0.007873505365 0.007541610843 0.007685609451 0.00851044431 0.007402617706 0.008210851209 0.007913668338 0.008403144943 0.008662846998 0.008031544045 0.008836876568 0.276914904007 0.0109567871 0.008393319396 0.009114550385 0.008575554796 0.009869318435 0.008600044972 0.007629055118 0.009394602677 0.009702092288 0.009580956425 0.0 0.0 0.0 0.0 0.0 0.0 0.0 0.0 0.0 0.0 0.0
0.0 0.0 0.0 0.0 0.0 0.0 0.0 0.0 0.0 0.0 0.0 0.0 0.0 0.0 0.0 0.0 0.0 0.0 0.0 0.0 0.0 0.0 0.0 0.0 0.0 0.0 0.0 0.0 0.0 0.0 0.0 0.0 0.0 0.0 0.0 0.0 0.0 0.0 0.008164231429 0.009349818106 0.007276408118 0.00674531671 0.007025138432 0.008354581323 0.006575650769 0.007847672065 0.007338317343 0.008223809416 0.008736458452 0.007535876312 0.009005818247 0.0109567871 0.270827138265 0.008164548615 0.009536590692 0.008504569421 0.01130362206 0.008569489906 0.006878048796 0.01014634348 0.01079548288 0.01069225872 0.0 0.0 0.0 0.0 0.0 0.0 0.0 0.0 0.0 0.0 0.0
0.0 0.0 0.0 0.0 0.0 0.0 0.0 0.0 0.0 0.0 0.0 0.0 0.0 0.0 0.0 0.0 0.0 0.0 0.0 0.0 0.0 0.0 0.0 0.0 0.0 0.0 0.0 0.0 0.0 0.0 0.0 0.0 0.0 0.0 0.0 0.0 0.0 0.0 0.008602079995 0.008495432099 0.00864611193 0.008644633279 0.008617157128 0.0085929875 0.008625506317 0.008609268618 0.008635773358 0.008567052045 0.008537076031 0.008626147361 0.008521054168 0.008393319396 0.008164548615 0.277207219251 0.008485691195 0.008575580251 0.008333524982 0.00857313759 0.008645618876 0.008436090505 0.00839717601 0.008402145328 0.0 0.0 0.0 0.0 0.0 0.0 0.0 0.0 0.0 0.0 0.0
0.0 0.0 0.0 0.0 0.0 0.0 0.0 0.0 0.0 0.0 0.0 0.0 0.0 0.0 0.0 0.0 0.0 0.0 0.0 0.0 0.0 0.0 0.0 0.0 0.0 0.0 0.0 0.0 0.0 0.0 0.0 0.0 0.0 0.0 0.0 0.0 0.0 0.0 0.008488898023 0.00885403418 0.00815363078 0.007942594624 0.00803709682 0.008552999189 0.007849327187 0.00836426702 0.008185583103 0.008543472846 0.008684217957 0.008276784561 0.008768856136 0.009114550385 0.009536590692 0.008485691195 0.175060681106 0.008589852884 0.009217399033 0.008597474156 0.007990126168 0.00900785963 0.009099394967 0.009046282464 0.0 0.0 0.0 0.0 0.0 0.0 0.0 0.0 0.0 0.0 0.0
0.0 0.0 0.0 0.0 0.0 0.0 0.0 0.0 0.0 0.0 0.0 0.0 0.0 0.0 0.0 0.0 0.0 0.0 0.0 0.0 0.0 0.0 0.0 0.0 0.0 0.0 0.0 0.0 0.0 0.0 0.0 0.0 0.0 0.0 0.0 0.0 0.0 0.0 0.008588998855 0.008572320922 0.008548447455 0.008515751007 0.008490830268 0.008596177603 0.008472520214 0.008565434586 0.008553381894 0.008554595034 0.008519716192 0.008562159604 0.008569659574 0.008575554796 0.008504569421 0.008575580251 0.008589852884 0.335832766642 0.008525057287 0.008587604587 0.008523869968 0.008538713959 0.008561436815 0.008532220347 0.0 0.0 0.0 0.0 0.0 0.0 0.0 0.0 0.0 0.0 0.0
0.0 0.0 0.0 0.0 0.0 0.0 0.0 0.0 0.0 0.0 0.0 0.0 0.0 0.0 0.0 0.0 0.0 0.0 0.0 0.0 0.0 0.0 0.0 0.0 0.0 0.0 0.0 0.0 0.0 0.0 0.0 0.0 0.0 0.0 0.0 0.0 0.0 0.0 0.00831120332 0.009156918735 0.007728468466 0.007354069946 0.007552954739 0.00845019921 0.00722127736 0.008083357306 0.00776306122 0.008460368055 0.008821760242 0.007924395431 0.008928644637 0.009869318435 0.01130362206 0.008333524982 0.009217399033 0.008525057287 0.191098278719 0.008566551596 0.007432014075 0.009595496961 0.009837749622 0.009847382196 0.0 0.0 0.0 0.0 0.0 0.0 0.0 0.0 0.0 0.0 0.0
0.0 0.0 0.0 0.0 0.0 0.0 0.0 0.0 0.0 0.0 0.0 0.0 0.0 0.0 0.0 0.0 0.0 0.0 0.0 0.0 0.0 0.0 0.0 0.0 0.0 0.0 0.0 0.0 0.0 0.0 0.0 0.0 0.0 0.0 0.0 0.0 0.0 0.0 0.008572664023 0.008590202145 0.0085262279 0.008472941395 0.008473566484 0.008592611057 0.008429176023 0.008538776825 0.00852171658 0.008557279439 0.008550582133 0.008539132201 0.008580740747 0.008600044972 0.008569489906 0.00857313759 0.008597474156 0.008587604587 0.008566551596 0.219752027559 0.008479459903 0.008574169003 0.008588352507 0.008573439818 0.0 0.0 0.0 0.0 0.0 0.0 0.0 0.0 0.0 0.0 0.0
0.0 0.0 0.0 0.0 0.0 0.0 0.0 0.0 0.0 0.0 0.0 0.0 0.0 0.0 0.0 0.0 0.0 0.0 0.0 0.0 0.0 0.0 0.0 0.0 0.0 0.0 0.0 0.0 0.0 0.0 0.0 0.0 0.0 0.0 0.0 0.0 0.0 0.0 0.008675645295 0.008053688413 0.009271165945 0.009725216184 0.009462301697 0.008575136701 0.009875100922 0.008892737665 0.009231492999 0.008541843057 0.008192628944 0.009057160855 0.008173611236 0.007629055118 0.006878048796 0.008645618876 0.007990126168 0.008523869968 0.007432014075 0.008479459903 0.820215503835 0.007723413979 0.007627924022 0.007669559338 0.0 0.0 0.0 0.0 0.0 0.0 0.0 0.0 0.0 0.0 0.0
0.0 0.0 0.0 0.0 0.0 0.0 0.0 0.0 0.0 0.0 0.0 0.0 0.0 0.0 0.0 0.0 0.0 0.0 0.0 0.0 0.0 0.0 0.0 0.0 0.0 0.0 0.0 0.0 0.0 0.0 0.0 0.0 0.0 0.0 0.0 0.0 0.0 0.0 0.008405321411 0.008967121699 0.007959374222 0.007649703319 0.007823335241 0.008497603299 0.00754668442 0.008244462627 0.007983885552 0.008491358707 0.008811461412 0.008101788138 0.008836966756 0.009394602677 0.01014634348 0.008436090505 0.00900785963 0.008538713959 0.009595496961 0.008574169003 0.007723413979 0.183588491762 0.009395617183 0.009401110407 0.0 0.0 0.0 0.0 0.0 0.0 0.0 0.0 0.0 0.0 0.0
0.0 0.0 0.0 0.0 0.0 0.0 0.0 0.0 0.0 0.0 0.0 0.0 0.0 0.0 0.0 0.0 0.0 0.0 0.0 0.0 0.0 0.0 0.0 0.0 0.0 0.0 0.0 0.0 0.0 0.0 0.0 0.0 0.0 0.0 0.0 0.0 0.0 0.0 0.008396440881 0.009026207519 0.007875783432 0.007544634811 0.007702244399 0.008499371063 0.007418442944 0.008207357082 0.007913474347 0.008422518011 0.008707930651 0.008033398487 0.008847236144 0.009702092288 0.01079548288 0.00839717601 0.009099394967 0.008561436815 0.009837749622 0.008588352507 0.007627924022 0.009395617183 0.130581803979 0.009563846078 0.0 0.0 0.0 0.0 0.0 0.0 0.0 0.0 0.0 0.0 0.0
0.0 0.0 0.0 0.0 0.0 0.0 0.0 0.0 0.0 0.0 0.0 0.0 0.0 0.0 0.0 0.0 0.0 0.0 0.0 0.0 0.0 0.0 0.0 0.0 0.0 0.0 0.0 0.0 0.0 0.0 0.0 0.0 0.0 0.0 0.0 0.0 0.0 0.0 0.008369418996 0.00901141902 0.007919529315 0.00760366494 0.007752188552 0.008488987594 0.007473333827 0.008180151097 0.007932205006 0.008442355496 0.008772475003 0.008052879552 0.00883117392 0.009580956425 0.01069225872 0.008402145328 0.009046282464 0.008532220347 0.009847382196 0.008573439818 0.007669559338 0.009401110407 0.009563846078 0.159537445497 0.0 0.0 0.0 0.0 0.0 0.0 0.0 0.0 0.0 0.0 0.0
0.0 0.0 0.0 0.0 0.0 0.0 0.0 0.0 0.0 0.0 0.0 0.0 0.0 0.0 0.0 0.0 0.0 0.0 0.0 0.0 0.0 0.0 0.0 0.0 0.0 0.0 0.0 0.0 0.0 0.0 0.0 0.0 0.0 0.0 0.0 0.0 0.0 0.0 0.0 0.0 0.0 0.0 0.0 0.0 0.0 0.0 0.0 0.0 0.0 0.0 0.0 0.0 0.0 0.0 0.0 0.0 0.0 0.0 0.0 0.0 0.0 0.0 0.153092278563 0.009748222198 0.01019450597 0.009736067655 0.0100282202 0.01062242291 0.01015980625 0.01031162968 0.01032442796 0.01020739972 0.01021449521
0.0 0.0 0.0 0.0 0.0 0.0 0.0 0.0 0.0 0.0 0.0 0.0 0.0 0.0 0.0 0.0 0.0 0.0 0.0 0.0 0.0 0.0 0.0 0.0 0.0 0.0 0.0 0.0 0.0 0.0 0.0 0.0 0.0 0.0 0.0 0.0 0.0 0.0 0.0 0.0 0.0 0.0 0.0 0.0 0.0 0.0 0.0 0.0 0.0 0.0 0.0 0.0 0.0 0.0 0.0 0.0 0.0 0.0 0.0 0.0 0.0 0.0 0.009748222198 0.323227552605 0.009971235272 0.01192162506 0.01074026343 0.008273958454 0.01010485824 0.009594598571 0.009579766803 0.01004805033 0.009931767089
0.0 0.0 0.0 0.0 0.0 0.0 0.0 0.0 0.0 0.0 0.0 0.0 0.0 0.0 0.0 0.0 0.0 0.0 0.0 0.0 0.0 0.0 0.0 0.0 0.0 0.0 0.0 0.0 0.0 0.0 0.0 0.0 0.0 0.0 0.0 0.0 0.0 0.0 0.0 0.0 0.0 0.0 0.0 0.0 0.0 0.0 0.0 0.0 0.0 0.0 0.0 0.0 0.0 0.0 0.0 0.0 0.0 0.0 0.0 0.0 0.0 0.0 0.01019450597 0.009971235272 0.166478735924 0.009929225004 0.01002772402 0.01054821103 0.01020788041 0.01030098443 0.0103228272 0.01026693197 0.01026665362
0.0 0.0 0.0 0.0 0.0 0.0 0.0 0.0 0.0 0.0 0.0 0.0 0.0 0.0 0.0 0.0 0.0 0.0 0.0 0.0 0.0 0.0 0.0 0.0 0.0 0.0 0.0 0.0 0.0 0.0 0.0 0.0 0.0 0.0 0.0 0.0 0.0 0.0 0.0 0.0 0.0 0.0 0.0 0.0 0.0 0.0 0.0 0.0 0.0 0.0 0.0 0.0 0.0 0.0 0.0 0.0 0.0 0.0 0.0 0.0 0.0 0.0 0.009736067655 0.01192162506 0.009929225004 0.293528071464 0.0107847236 0.008185878752 0.0100892632 0.009553279984 0.009535808359 0.01001942724 0.009899562391
0.0 0.0 0.0 0.0 0.0 0.0 0.0 0.0 0.0 0.0 0.0 0.0 0.0 0.0 0.0 0.0 0.0 0.0 0.0 0.0 0.0 0.0 0.0 0.0 0.0 0.0 0.0 0.0 0.0 0.0 0.0 0.0 0.0 0.0 0.0 0.0 0.0 0.0 0.0 0.0 0.0 0.0 0.0 0.0 0.0 0.0 0.0 0.0 0.0 0.0 0.0 0.0 0.0 0.0 0.0 0.0 0.0 0.0 0.0 0.0 0.0 0.0 0.0100282202 0.01074026343 0.01002772402 0.0107847236 0.223242510146 0.009178942986 0.01013255348 0.009901210743 0.00988625036 0.01008758854 0.01003519305
0.0 0.0 0.0 0.0 0.0 0.0 0.0 0.0 0.0 0.0 0.0 0.0 0.0 0.0 0.0 0.0 0.0 0.0 0.0 0.0 0.0 0.0 0.0 0.0 0.0 0.0 0.0 0.0 0.0 0.0 0.0 0.0 0.0 0.0 0.0 0.0 0.0 0.0 0.0 0.0 0.0 0.0 0.0 0.0 0.0 0.0 0.0 0.0 0.0 0.0 0.0 0.0 0.0 0.0 0.0 0.0 0.0 0.0 0.0 0.0 0.0 0.0 0.01062242291 0.008273958454 0.01054821103 0.008185878752 0.009178942986 0.0762920562492 0.01013306861 0.01099590117 0.01108140661 0.01038520932 0.01048652633
0.0 0.0 0.0 0.0 0.0 0.0 0.0 0.0 0.0 0.0 0.0 0.0 0.0 0.0 0.0 0.0 0.0 0.0 0.0 0.0 0.0 0.0 0.0 0.0 0.0 0.0 0.0 0.0 0.0 0.0 0.0 0.0 0.0 0.0 0.0 0.0 0.0 0.0 0.0 0.0 0.0 0.0 0.0 0.0 0.0 0.0 0.0 0.0 0.0 0.0 0.0 0.0 0.0 0.0 0.0 0.0 0.0 0.0 0.0 0.0 0.0 0.0 0.01015980625 0.01010485824 0.01020788041 0.0100892632 0.01013255348 0.01013306861 0.97270671876 0.01019989261 0.0101903853 0.0101760571 0.0102057277
0.0 0.0 0.0 0.0 0.0 0.0 0.0 0.0 0.0 0.0 0.0 0.0 0.0 0.0 0.0 0.0 0.0 0.0 0.0 0.0 0.0 0.0 0.0 0.0 0.0 0.0 0.0 0.0 0.0 0.0 0.0 0.0 0.0 0.0 0.0 0.0 0.0 0.0 0.0 0.0 0.0 0.0 0.0 0.0 0.0 0.0 0.0 0.0 0.0 0.0 0.0 0.0 0.0 0.0 0.0 0.0 0.0 0.0 0.0 0.0 0.0 0.0 0.01031162968 0.009594598571 0.01030098443 0.009553279984 0.009901210743 0.01099590117 0.01019989261 0.114342200546 0.01043628189 0.01025622548 0.01029265137
0.0 0.0 0.0 0.0 0.0 0.0 0.0 0.0 0.0 0.0 0.0 0.0 0.0 0.0 0.0 0.0 0.0 0.0 0.0 0.0 0.0 0.0 0.0 0.0 0.0 0.0 0.0 0.0 0.0 0.0 0.0 0.0 0.0 0.0 0.0 0.0 0.0 0.0 0.0 0.0 0.0 0.0 0.0 0.0 0.0 0.0 0.0 0.0 0.0 0.0 0.0 0.0 0.0 0.0 0.0 0.0 0.0 0.0 0.0 0.0 0.0 0.0 0.01032442796 0.009579766803 0.0103228272 0.009535808359 0.00988625036 0.01108140661 0.0101903853 0.01043628189 0.153330135909 0.01028099341 0.01030041588
0.0 0.0 0.0 0.0 0.0 0.0 0.0 0.0 0.0 0.0 0.0 0.0 0.0 0.0 0.0 0.0 0.0 0.0 0.0 0.0 0.0 0.0 0.0 0.0 0.0 0.0 0.0 0.0 0.0 0.0 0.0 0.0 0.0 0.0 0.0 0.0 0.0 0.0 0.0 0.0 0.0 0.0 0.0 0.0 0.0 0.0 0.0 0.0 0.0 0.0 0.0 0.0 0.0 0.0 0.0 0.0 0.0 0.0 0.0 0.0 0.0 0.0 0.01020739972 0.01004805033 0.01026693197 0.01001942724 0.01008758854 0.01038520932 0.0101760571 0.01025622548 0.01028099341 0.1405358942 0.01023141547
0.0 0.0 0.0 0.0 0.0 0.0 0.0 0.0 0.0 0.0 0.0 0.0 0.0 0.0 0.0 0.0 0.0 0.0 0.0 0.0 0.0 0.0 0.0 0.0 0.0 0.0 0.0 0.0 0.0 0.0 0.0 0.0 0.0 0.0 0.0 0.0 0.0 0.0 0.0 0.0 0.0 0.0 0.0 0.0 0.0 0.0 0.0 0.0 0.0 0.0 0.0 0.0 0.0 0.0 0.0 0.0 0.0 0.0 0.0 0.0 0.0 0.0 0.01021449521 0.009931767089 0.01026665362 0.009899562391 0.01003519305 0.01048652633 0.0102057277 0.01029265137 0.01030041588 0.01023141547 0.103486430729
