81 81
0.793131640945 0.01289771863 0.01346719781 0.01246080444 0.01323524447 0.01289590434 0.01366158543 0.01295523309 0.01338350979 0.01302687431 0.01311632533 0.01324469835 0.0126754922 0.01274895605 0.01316254942 0.01135697875 0.01199269142 0.01388826963 0.0 0.0 0.0 0.0 0.0 0.0 0.0 0.0 0.0 0.0 0.0 0.0 0.0 0.0 0.0 0.0 0.0 0.0 0.0 0.0 0.0 0.0 0.0 0.0 0.0 0.0 0.0 0.0 0.0 0.0 0.0 0.0 0.0 0.0 0.0 0.0 0.0 0.0 0.0 0.0 0.0 0.0 0.0 0.0 0.0 0.0 0.0 0.0 0.0 0.0 0.0 0.0 0.0 0.0 0.0 0.0 0.0 0.0 0.0 0.0 0.0 0.0 0.0
0.01289771863 0.79187251929 0.01287934018 0.01324062419 0.01286539785 0.01301783628 0.01274325503 0.01305773141 0.01288315253 0.01301517154 0.01296214134 0.01295315475 0.01314217748 0.01311064171 0.01295975805 0.0135746777 0.0133561368 0.01262716382 0.0 0.0 0.0 0.0 0.0 0.0 0.0 0.0 0.0 0.0 0.0 0.0 0.0 0.0 0.0 0.0 0.0 0.0 0.0 0.0 0.0 0.0 0.0 0.0 0.0 0.0 0.0 0.0 0.0 0.0 0.0 0.0 0.0 0.0 0.0 0.0 0.0 0.0 0.0 0.0 0.0 0.0 0.0 0.0 0.0 0.0 0.0 0.0 0.0 0.0 0.0 0.0 0.0 0.0 0.0 0.0 0.0 0.0 0.0 0.0 0.0 0.0 0.0
0.01346719781 0.01287934018 0.83095439423 0.01233690133 0.01331520943 0.01287114456 0.01376201814 0.01291880895 0.01347064077 0.0130430686 0.01314861775 0.01338569806 0.01255948543 0.01273236674 0.01322017872 0.01101817903 0.01187210495 0.01395864086 0.0 0.0 0.0 0.0 0.0 0.0 0.0 0.0 0.0 0.0 0.0 0.0 0.0 0.0 0.0 0.0 0.0 0.0 0.0 0.0 0.0 0.0 0.0 0.0 0.0 0.0 0.0 0.0 0.0 0.0 0.0 0.0 0.0 0.0 0.0 0.0 0.0 0.0 0.0 0.0 0.0 0.0 0.0 0.0 0.0 0.0 0.0 0.0 0.0 0.0 0.0 0.0 0.0 0.0 0.0 0.0 0.0 0.0 0.0 0.0 0.0 0.0 0.0
0.01246080444 0.01324062419 0.01233690133 0.526077157079 0.0124750615 0.01306412945 0.0119632518 0.01314320803 0.01245745357 0.01295701399 0.01276698362 0.01262247023 0.01364295993 0.01341460815 0.01271118045 0.01631236827 0.01489052959 0.01162308263 0.0 0.0 0.0 0.0 0.0 0.0 0.0 0.0 0.0 0.0 0.0 0.0 0.0 0.0 0.0 0.0 0.0 0.0 0.0 0.0 0.0 0.0 0.0 0.0 0.0 0.0 0.0 0.0 0.0 0.0 0.0 0.0 0.0 0.0 0.0 0.0 0.0 0.0 0.0 0.0 0.0 0.0 0.0 0.0 0.0 0.0 0.0 0.0 0.0 0.0 0.0 0.0 0.0 0.0 0.0 0.0 0.0 0.0 0.0 0.0 0.0 0.0 0.0
0.01323524447 0.01286539785 0.01331520943 0.0124750615 0.703550147996 0.01296454205 0.01345472375 0.01291094281 0.01322342308 0.01298322701 0.0130752739 0.01312205557 0.01271544411 0.01276143389 0.01308306768 0.01151930846 0.01209983564 0.0135980934 0.0 0.0 0.0 0.0 0.0 0.0 0.0 0.0 0.0 0.0 0.0 0.0 0.0 0.0 0.0 0.0 0.0 0.0 0.0 0.0 0.0 0.0 0.0 0.0 0.0 0.0 0.0 0.0 0.0 0.0 0.0 0.0 0.0 0.0 0.0 0.0 0.0 0.0 0.0 0.0 0.0 0.0 0.0 0.0 0.0 0.0 0.0 0.0 0.0 0.0 0.0 0.0 0.0 0.0 0.0 0.0 0.0 0.0 0.0 0.0 0.0 0.0 0.0
0.01289590434 0.01301783628 0.01287114456 0.01306412945 0.01296454205 0.941550585989 0.0127423208 0.01302368426 0.0128110736 0.01296941913 0.01295161333 0.01282919866 0.01314792117 0.01298121166 0.01288639148 0.01320756703 0.01298356819 0.01267625093 0.0 0.0 0.0 0.0 0.0 0.0 0.0 0.0 0.0 0.0 0.0 0.0 0.0 0.0 0.0 0.0 0.0 0.0 0.0 0.0 0.0 0.0 0.0 0.0 0.0 0.0 0.0 0.0 0.0 0.0 0.0 0.0 0.0 0.0 0.0 0.0 0.0 0.0 0.0 0.0 0.0 0.0 0.0 0.0 0.0 0.0 0.0 0.0 0.0 0.0 0.0 0.0 0.0 0.0 0.0 0.0 0.0 0.0 0.0 0.0 0.0 0.0 0.0
0.01366158543 0.01274325503 0.01376201814 0.0119632518 0.01345472375 0.0127423208 0.9797548134 0.01281712242 0.01367706043 0.01299449741 0.01317324418 0.01341409391 0.01232385054 0.01255327058 0.01328824448 0.01008618915 0.01129597413 0.0148248276 0.0 0.0 0.0 0.0 0.0 0.0 0.0 0.0 0.0 0.0 0.0 0.0 0.0 0.0 0.0 0.0 0.0 0.0 0.0 0.0 0.0 0.0 0.0 0.0 0.0 0.0 0.0 0.0 0.0 0.0 0.0 0.0 0.0 0.0 0.0 0.0 0.0 0.0 0.0 0.0 0.0 0.0 0.0 0.0 0.0 0.0 0.0 0.0 0.0 0.0 0.0 0.0 0.0 0.0 0.0 0.0 0.0 0.0 0.0 0.0 0.0 0.0 0.0
0.01295523309 0.01305773141 0.01291880895 0.01314320803 0.01291094281 0.01302368426 0.01281712242 0.694026935127 0.01293922597 0.01302895929 0.01299603358 0.01293087403 0.0131367142 0.01303245837 0.01296295784 0.01323384275 0.01304284141 0.01270782072 0.0 0.0 0.0 0.0 0.0 0.0 0.0 0.0 0.0 0.0 0.0 0.0 0.0 0.0 0.0 0.0 0.0 0.0 0.0 0.0 0.0 0.0 0.0 0.0 0.0 0.0 0.0 0.0 0.0 0.0 0.0 0.0 0.0 0.0 0.0 0.0 0.0 0.0 0.0 0.0 0.0 0.0 0.0 0.0 0.0 0.0 0.0 0.0 0.0 0.0 0.0 0.0 0.0 0.0 0.0 0.0 0.0 0.0 0.0 0.0 0.0 0.0 0.0
0.01338350979 0.01288315253 0.01347064077 0.01245745357 0.01322342308 0.0128110736 0.01367706043 0.01293922597 0.472992070311 0.01303576877 0.01311932356 0.01330267683 0.01262276234 0.01277839315 0.01319413214 0.01135881506 0.01205236269 0.01388072634 0.0 0.0 0.0 0.0 0.0 0.0 0.0 0.0 0.0 0.0 0.0 0.0 0.0 0.0 0.0 0.0 0.0 0.0 0.0 0.0 0.0 0.0 0.0 0.0 0.0 0.0 0.0 0.0 0.0 0.0 0.0 0.0 0.0 0.0 0.0 0.0 0.0 0.0 0.0 0.0 0.0 0.0 0.0 0.0 0.0 0.0 0.0 0.0 0.0 0.0 0.0 0.0 0.0 0.0 0.0 0.0 0.0 0.0 0.0 0.0 0.0 0.0 0.0
0.01302687431 0.01301517154 0.0130430686 0.01295701399 0.01298322701 0.01296941913 0.01299449741 0.01302895929 0.01303576877 0.727996516865 0.01302950821 0.01306985177 0.01296403136 0.0130108859 0.01304225817 0.01273036941 0.01287964897 0.01295148078 0.0 0.0 0.0 0.0 0.0 0.0 0.0 0.0 0.0 0.0 0.0 0.0 0.0 0.0 0.0 0.0 0.0 0.0 0.0 0.0 0.0 0.0 0.0 0.0 0.0 0.0 0.0 0.0 0.0 0.0 0.0 0.0 0.0 0.0 0.0 0.0 0.0 0.0 0.0 0.0 0.0 0.0 0.0 0.0 0.0 0.0 0.0 0.0 0.0 0.0 0.0 0.0 0.0 0.0 0.0 0.0 0.0 0.0 0.0 0.0 0.0 0.0 0.0
0.01311632533 0.01296214134 0.01314861775 0.01276698362 0.0130752739 0.01295161333 0.01317324418 0.01299603358 0.01311932356 0.01302950821 2.4800420143 0.01311214214 0.01285588439 0.01291064312 0.01307443266 0.01219394061 0.01255520386 0.01316934072 0.0 0.0 0.0 0.0 0.0 0.0 0.0 0.0 0.0 0.0 0.0 0.0 0.0 0.0 0.0 0.0 0.0 0.0 0.0 0.0 0.0 0.0 0.0 0.0 0.0 0.0 0.0 0.0 0.0 0.0 0.0 0.0 0.0 0.0 0.0 0.0 0.0 0.0 0.0 0.0 0.0 0.0 0.0 0.0 0.0 0.0 0.0 0.0 0.0 0.0 0.0 0.0 0.0 0.0 0.0 0.0 0.0 0.0 0.0 0.0 0.0 0.0 0.0
0.01324469835 0.01295315475 0.01338569806 0.01262247023 0.01312205557 0.01282919866 0.01341409391 0.01293087403 0.01330267683 0.01306985177 0.01311214214 1.07785831204 0.01262135205 0.01295583629 0.01322143717 0.0118257743 0.01255728598 0.01348981799 0.0 0.0 0.0 0.0 0.0 0.0 0.0 0.0 0.0 0.0 0.0 0.0 0.0 0.0 0.0 0.0 0.0 0.0 0.0 0.0 0.0 0.0 0.0 0.0 0.0 0.0 0.0 0.0 0.0 0.0 0.0 0.0 0.0 0.0 0.0 0.0 0.0 0.0 0.0 0.0 0.0 0.0 0.0 0.0 0.0 0.0 0.0 0.0 0.0 0.0 0.0 0.0 0.0 0.0 0.0 0.0 0.0 0.0 0.0 0.0 0.0 0.0 0.0
0.0126754922 0.01314217748 0.01255948543 0.01364295993 0.01271544411 0.01314792117 0.01232385054 0.0131367142 0.01262276234 0.01296403136 0.01285588439 0.01262135205 0.555642465411 0.01316113527 0.01276236129 0.01467042796 0.01375324829 0.01208523052 0.0 0.0 0.0 0.0 0.0 0.0 0.0 0.0 0.0 0.0 0.0 0.0 0.0 0.0 0.0 0.0 0.0 0.0 0.0 0.0 0.0 0.0 0.0 0.0 0.0 0.0 0.0 0.0 0.0 0.0 0.0 0.0 0.0 0.0 0.0 0.0 0.0 0.0 0.0 0.0 0.0 0.0 0.0 0.0 0.0 0.0 0.0 0.0 0.0 0.0 0.0 0.0 0.0 0.0 0.0 0.0 0.0 0.0 0.0 0.0 0.0 0.0 0.0
0.01274895605 0.01311064171 0.01273236674 0.01341460815 0.01276143389 0.01298121166 0.01255327058 0.01303245837 0.01277839315 0.0130108859 0.01291064312 0.01295583629 0.01316113527 0.609060463482 0.01293856751 0.01401051001 0.0138416968 0.01241189858 0.0 0.0 0.0 0.0 0.0 0.0 0.0 0.0 0.0 0.0 0.0 0.0 0.0 0.0 0.0 0.0 0.0 0.0 0.0 0.0 0.0 0.0 0.0 0.0 0.0 0.0 0.0 0.0 0.0 0.0 0.0 0.0 0.0 0.0 0.0 0.0 0.0 0.0 0.0 0.0 0.0 0.0 0.0 0.0 0.0 0.0 0.0 0.0 0.0 0.0 0.0 0.0 0.0 0.0 0.0 0.0 0.0 0.0 0.0 0.0 0.0 0.0 0.0
0.01316254942 0.01295975805 0.01322017872 0.01271118045 0.01308306768 0.01288639148 0.01328824448 0.01296295784 0.01319413214 0.01304225817 0.01307443266 0.01322143717 0.01276236129 0.01293856751 0.946381768569 0.01208569137 0.01258395083 0.01336323241 0.0 0.0 0.0 0.0 0.0 0.0 0.0 0.0 0.0 0.0 0.0 0.0 0.0 0.0 0.0 0.0 0.0 0.0 0.0 0.0 0.0 0.0 0.0 0.0 0.0 0.0 0.0 0.0 0.0 0.0 0.0 0.0 0.0 0.0 0.0 0.0 0.0 0.0 0.0 0.0 0.0 0.0 0.0 0.0 0.0 0.0 0.0 0.0 0.0 0.0 0.0 0.0 0.0 0.0 0.0 0.0 0.0 0.0 0.0 0.0 0.0 0.0 0.0
0.01135697875 0.0135746777 0.01101817903 0.01631236827 0.01151930846 0.01320756703 0.01008618915 0.01323384275 0.01135881506 0.01273036941 0.01219394061 0.0118257743 0.01467042796 0.01401051001 0.01208569137 0.429180073968 0.0194206396 0.009218237708 0.0 0.0 0.0 0.0 0.0 0.0 0.0 0.0 0.0 0.0 0.0 0.0 0.0 0.0 0.0 0.0 0.0 0.0 0.0 0.0 0.0 0.0 0.0 0.0 0.0 0.0 0.0 0.0 0.0 0.0 0.0 0.0 0.0 0.0 0.0 0.0 0.0 0.0 0.0 0.0 0.0 0.0 0.0 0.0 0.0 0.0 0.0 0.0 0.0 0.0 0.0 0.0 0.0 0.0 0.0 0.0 0.0 0.0 0.0 0.0 0.0 0.0 0.0
0.01199269142 0.0133561368 0.01187210495 0.01489052959 0.01209983564 0.01298356819 0.01129597413 0.01304284141 0.01205236269 0.01287964897 0.01255520386 0.01255728598 0.01375324829 0.0138416968 0.01258395083 0.0194206396 0.647218798862 0.01080431505 0.0 0.0 0.0 0.0 0.0 0.0 0.0 0.0 0.0 0.0 0.0 0.0 0.0 0.0 0.0 0.0 0.0 0.0 0.0 0.0 0.0 0.0 0.0 0.0 0.0 0.0 0.0 0.0 0.0 0.0 0.0 0.0 0.0 0.0 0.0 0.0 0.0 0.0 0.0 0.0 0.0 0.0 0.0 0.0 0.0 0.0 0.0 0.0 0.0 0.0 0.0 0.0 0.0 0.0 0.0 0.0 0.0 0.0 0.0 0.0 0.0 0.0 0.0
0.01388826963 0.01262716382 0.01395864086 0.01162308263 0.0135980934 0.01267625093 0.0148248276 0.01270782072 0.01388072634 0.01295148078 0.01316934072 0.01348981799 0.01208523052 0.01241189858 0.01336323241 0.009218237708 0.01080431505 3.44012946047 0.0 0.0 0.0 0.0 0.0 0.0 0.0 0.0 0.0 0.0 0.0 0.0 0.0 0.0 0.0 0.0 0.0 0.0 0.0 0.0 0.0 0.0 0.0 0.0 0.0 0.0 0.0 0.0 0.0 0.0 0.0 0.0 0.0 0.0 0.0 0.0 0.0 0.0 0.0 0.0 0.0 0.0 0.0 0.0 0.0 0.0 0.0 0.0 0.0 0.0 0.0 0.0 0.0 0.0 0.0 0.0 0.0 0.0 0.0 0.0 0.0 0.0 0.0
0.0 0.0 0.0 0.0 0.0 0.0 0.0 0.0 0.0 0.0 0.0 0.0 0.0 0.0 0.0 0.0 0.0 0.0 0.90082172823 0.008406373775 0.008493717649 0.007839062136 0.00867519923 0.008853736484 0.009180272645 0.00854335551 0.008198355194 0.008189221593 0.008836234141 0.009230889109 0.008177692062 0.007910332287 0.008410936769 0.008479125576 0.007683962407 0.007770709067 0.007778827895 0.009194114899 0.008824165932 0.009133545623 0.009208381053 0.009509345931 0.008740928207 0.00923591426 0.0 0.0 0.0 0.0 0.0 0.0 0.0 0.0 0.0 0.0 0.0 0.0 0.0 0.0 0.0 0.0 0.0 0.0 0.0 0.0 0.0 0.0 0.0 0.0 0.0 0.0 0.0 0.0 0.0 0.0 0.0 0.0 0.0 0.0 0.0 0.0 0.0
0.0 0.0 0.0 0.0 0.0 0.0 0.0 0.0 0.0 0.0 0.0 0.0 0.0 0.0 0.0 0.0 0.0 0.0 0.008406373775 0.387676397254 0.008670338696 0.008954772619 0.008585828004 0.008464571362 0.008272159403 0.00862214798 0.008811160195 0.00876624432 0.008477392291 0.00825761488 0.00883886132 0.008913892053 0.008690766188 0.008639618566 0.009000798643 0.008994949236 0.008954384602 0.0082314832 0.008486544419 0.008326839586 0.008287372141 0.008074631415 0.008533143292 0.008224417649 0.0 0.0 0.0 0.0 0.0 0.0 0.0 0.0 0.0 0.0 0.0 0.0 0.0 0.0 0.0 0.0 0.0 0.0 0.0 0.0 0.0 0.0 0.0 0.0 0.0 0.0 0.0 0.0 0.0 0.0 0.0 0.0 0.0 0.0 0.0 0.0 0.0
0.0 0.0 0.0 0.0 0.0 0.0 0.0 0.0 0.0 0.0 0.0 0.0 0.0 0.0 0.0 0.0 0.0 0.0 0.008493717649 0.008670338696 0.672051499008 0.00880044111 0.008585060193 0.008502868464 0.008409730551 0.008626835874 0.008712066017 0.008717306881 0.008542716299 0.008405875801 0.008698345648 0.008809261684 0.008665362629 0.008632754812 0.008830379912 0.008791532217 0.008787745736 0.008362738116 0.008535740661 0.008451831957 0.008425730324 0.008294271984 0.008516494163 0.008368946468 0.0 0.0 0.0 0.0 0.0 0.0 0.0 0.0 0.0 0.0 0.0 0.0 0.0 0.0 0.0 0.0 0.0 0.0 0.0 0.0 0.0 0.0 0.0 0.0 0.0 0.0 0.0 0.0 0.0 0.0 0.0 0.0 0.0 0.0 0.0 0.0 0.0
0.0 0.0 0.0 0.0 0.0 0.0 0.0 0.0 0.0 0.0 0.0 0.0 0.0 0.0 0.0 0.0 0.0 0.0 0.007839062136 0.008954772619 0.00880044111 0.489251637519 0.008389030527 0.007999910324 0.007438144867 0.00862195399 0.009443583287 0.009367800567 0.008081939973 0.007373809574 0.009411314763 0.0101444111 0.00889504057 0.008795218045 0.01056353942 0.01041097797 0.01025170399 0.007368558122 0.008096832978 0.007578109444 0.007424075654 0.006849657773 0.008147522491 0.007308385959 0.0 0.0 0.0 0.0 0.0 0.0 0.0 0.0 0.0 0.0 0.0 0.0 0.0 0.0 0.0 0.0 0.0 0.0 0.0 0.0 0.0 0.0 0.0 0.0 0.0 0.0 0.0 0.0 0.0 0.0 0.0 0.0 0.0 0.0 0.0 0.0 0.0
0.0 0.0 0.0 0.0 0.0 0.0 0.0 0.0 0.0 0.0 0.0 0.0 0.0 0.0 0.0 0.0 0.0 0.0 0.00867519923 0.008585828004 0.008585060193 0.008389030527 0.862448452834 0.008670151847 0.008680407379 0.008595947813 0.008497845735 0.008464070755 0.008642040891 0.008683195184 0.0085044678 0.008413238446 0.00854744023 0.008545121462 0.008341752799 0.008361244466 0.00830516379 0.008662863225 0.008657658034 0.00867796897 0.008699531837 0.00869193803 0.008710155855 0.00868803469 0.0 0.0 0.0 0.0 0.0 0.0 0.0 0.0 0.0 0.0 0.0 0.0 0.0 0.0 0.0 0.0 0.0 0.0 0.0 0.0 0.0 0.0 0.0 0.0 0.0 0.0 0.0 0.0 0.0 0.0 0.0 0.0 0.0 0.0 0.0 0.0 0.0
0.0 0.0 0.0 0.0 0.0 0.0 0.0 0.0 0.0 0.0 0.0 0.0 0.0 0.0 0.0 0.0 0.0 0.0 0.008853736484 0.008464571362 0.008502868464 0.007999910324 0.008670151847 0.740500314012 0.008994545149 0.008565383433 0.008308722578 0.008285171057 0.008761724783 0.009014712457 0.008293733127 0.008044457308 0.008463682966 0.008503699041 0.007878520079 0.007954219285 0.007936549397 0.009012596917 0.008765052591 0.008963408243 0.009007364235 0.00917516222 0.008782793075 0.009036043048 0.0 0.0 0.0 0.0 0.0 0.0 0.0 0.0 0.0 0.0 0.0 0.0 0.0 0.0 0.0 0.0 0.0 0.0 0.0 0.0 0.0 0.0 0.0 0.0 0.0 0.0 0.0 0.0 0.0 0.0 0.0 0.0 0.0 0.0 0.0 0.0 0.0
0.0 0.0 0.0 0.0 0.0 0.0 0.0 0.0 0.0 0.0 0.0 0.0 0.0 0.0 0.0 0.0 0.0 0.0 0.009180272645 0.008272159403 0.008409730551 0.007438144867 0.008680407379 0.008994545149 0.842559409565 0.008498007483 0.007984111429 0.007991070409 0.008973692595 0.009685346071 0.007950117348 0.007531980928 0.008312488459 0.008429042401 0.00720788469 0.007353576119 0.007417912731 0.009663054443 0.008935432183 0.009445081112 0.009612366986 0.01023751304 0.008875821374 0.009689925024 0.0 0.0 0.0 0.0 0.0 0.0 0.0 0.0 0.0 0.0 0.0 0.0 0.0 0.0 0.0 0.0 0.0 0.0 0.0 0.0 0.0 0.0 0.0 0.0 0.0 0.0 0.0 0.0 0.0 0.0 0.0 0.0 0.0 0.0 0.0 0.0 0.0
0.0 0.0 0.0 0.0 0.0 0.0 0.0 0.0 0.0 0.0 0.0 0.0 0.0 0.0 0.0 0.0 0.0 0.0 0.00854335551 0.00862214798 0.008626835874 0.00862195399 0.008595947813 0.008565383433 0.008498007483 1.03395623996 0.008648631556 0.00864803584 0.008573833913 0.008481709002 0.008625819968 0.008628999341 0.008641074516 0.008617448214 0.008623635061 0.008610139756 0.008612206909 0.00848634536 0.008575727782 0.008478318524 0.008500091106 0.008405816867 0.008588362055 0.008477486062 0.0 0.0 0.0 0.0 0.0 0.0 0.0 0.0 0.0 0.0 0.0 0.0 0.0 0.0 0.0 0.0 0.0 0.0 0.0 0.0 0.0 0.0 0.0 0.0 0.0 0.0 0.0 0.0 0.0 0.0 0.0 0.0 0.0 0.0 0.0 0.0 0.0
0.0 0.0 0.0 0.0 0.0 0.0 0.0 0.0 0.0 0.0 0.0 0.0 0.0 0.0 0.0 0.0 0.0 0.0 0.008198355194 0.008811160195 0.008712066017 0.009443583287 0.008497845735 0.008308722578 0.007984111429 0.008648631556 0.370822907232 0.009059035116 0.008361821338 0.00795737902 0.009048138954 0.009284193408 0.008821956128 0.00873954138 0.009467837509 0.009452877002 0.009541295495 0.007970557899 0.008352725929 0.008048467696 0.007982991236 0.007639528459 0.008381042011 0.007897309636 0.0 0.0 0.0 0.0 0.0 0.0 0.0 0.0 0.0 0.0 0.0 0.0 0.0 0.0 0.0 0.0 0.0 0.0 0.0 0.0 0.0 0.0 0.0 0.0 0.0 0.0 0.0 0.0 0.0 0.0 0.0 0.0 0.0 0.0 0.0 0.0 0.0
0.0 0.0 0.0 0.0 0.0 0.0 0.0 0.0 0.0 0.0 0.0 0.0 0.0 0.0 0.0 0.0 0.0 0.0 0.008189221593 0.00876624432 0.008717306881 0.009367800567 0.008464070755 0.008285171057 0.007991070409 0.00864803584 0.009059035116 0.906117802504 0.008375563968 0.007967890331 0.009013860685 0.009302655763 0.008852076706 0.008770056456 0.009526881598 0.009456057674 0.009633913993 0.008009989806 0.008347467923 0.008074839193 0.007982824069 0.007667164165 0.008369815513 0.007903239352 0.0 0.0 0.0 0.0 0.0 0.0 0.0 0.0 0.0 0.0 0.0 0.0 0.0 0.0 0.0 0.0 0.0 0.0 0.0 0.0 0.0 0.0 0.0 0.0 0.0 0.0 0.0 0.0 0.0 0.0 0.0 0.0 0.0 0.0 0.0 0.0 0.0
0.0 0.0 0.0 0.0 0.0 0.0 0.0 0.0 0.0 0.0 0.0 0.0 0.0 0.0 0.0 0.0 0.0 0.0 0.008836234141 0.008477392291 0.008542716299 0.008081939973 0.008642040891 0.008761724783 0.008973692595 0.008573833913 0.008361821338 0.008375563968 1.00667770174 0.009023242459 0.00832118281 0.008121753792 0.008511128421 0.008537185379 0.007965640834 0.008039181138 0.00810668969 0.009002298894 0.00874470124 0.008923310108 0.00900556693 0.009196682198 0.008667774454 0.009000501976 0.0 0.0 0.0 0.0 0.0 0.0 0.0 0.0 0.0 0.0 0.0 0.0 0.0 0.0 0.0 0.0 0.0 0.0 0.0 0.0 0.0 0.0 0.0 0.0 0.0 0.0 0.0 0.0 0.0 0.0 0.0 0.0 0.0 0.0 0.0 0.0 0.0
0.0 0.0 0.0 0.0 0.0 0.0 0.0 0.0 0.0 0.0 0.0 0.0 0.0 0.0 0.0 0.0 0.0 0.0 0.009230889109 0.00825761488 0.008405875801 0.007373809574 0.008683195184 0.009014712457 0.009685346071 0.008481709002 0.00795737902 0.007967890331 0.009023242459 0.917511806542 0.007897238159 0.007453435346 0.008302088443 0.008417822015 0.007100331486 0.007285564286 0.007399042945 0.009782808437 0.008963801204 0.009513105405 0.009738796059 0.01050033009 0.008801963035 0.009796698268 0.0 0.0 0.0 0.0 0.0 0.0 0.0 0.0 0.0 0.0 0.0 0.0 0.0 0.0 0.0 0.0 0.0 0.0 0.0 0.0 0.0 0.0 0.0 0.0 0.0 0.0 0.0 0.0 0.0 0.0 0.0 0.0 0.0 0.0 0.0 0.0 0.0
0.0 0.0 0.0 0.0 0.0 0.0 0.0 0.0 0.0 0.0 0.0 0.0 0.0 0.0 0.0 0.0 0.0 0.0 0.008177692062 0.00883886132 0.008698345648 0.009411314763 0.0085044678 0.008293733127 0.007950117348 0.008625819968 0.009048138954 0.009013860685 0.00832118281 0.007897238159 1.38187969785 0.009349517013 0.008789021139 0.008707726193 0.009584704306 0.009534720767 0.009530355372 0.007905680668 0.008335688423 0.00802057043 0.00793744441 0.007579294864 0.00836679005 0.007862129997 0.0 0.0 0.0 0.0 0.0 0.0 0.0 0.0 0.0 0.0 0.0 0.0 0.0 0.0 0.0 0.0 0.0 0.0 0.0 0.0 0.0 0.0 0.0 0.0 0.0 0.0 0.0 0.0 0.0 0.0 0.0 0.0 0.0 0.0 0.0 0.0 0.0
0.0 0.0 0.0 0.0 0.0 0.0 0.0 0.0 0.0 0.0 0.0 0.0 0.0 0.0 0.0 0.0 0.0 0.0 0.007910332287 0.008913892053 0.008809261684 0.0101444111 0.008413238446 0.008044457308 0.007531980928 0.008628999341 0.009284193408 0.009302655763 0.008121753792 0.007453435346 0.009349517013 0.810430064397 0.008862762363 0.008776078425 0.01050635613 0.01026592476 0.01022219023 0.007431694322 0.008143451255 0.007690489284 0.007507678903 0.006962731737 0.008215520911 0.007419881805 0.0 0.0 0.0 0.0 0.0 0.0 0.0 0.0 0.0 0.0 0.0 0.0 0.0 0.0 0.0 0.0 0.0 0.0 0.0 0.0 0.0 0.0 0.0 0.0 0.0 0.0 0.0 0.0 0.0 0.0 0.0 0.0 0.0 0.0 0.0 0.0 0.0
0.0 0.0 0.0 0.0 0.0 0.0 0.0 0.0 0.0 0.0 0.0 0.0 0.0 0.0 0.0 0.0 0.0 0.0 0.008410936769 0.008690766188 0.008665362629 0.00889504057 0.00854744023 0.008463682966 0.008312488459 0.008641074516 0.008821956128 0.008852076706 0.008511128421 0.008302088443 0.008789021139 0.008862762363 0.520469366158 0.008686152759 0.008938611616 0.008920639462 0.009029587788 0.008325530161 0.008492954353 0.008324914741 0.008314465302 0.008133869125 0.008462404269 0.008252691033 0.0 0.0 0.0 0.0 0.0 0.0 0.0 0.0 0.0 0.0 0.0 0.0 0.0 0.0 0.0 0.0 0.0 0.0 0.0 0.0 0.0 0.0 0.0 0.0 0.0 0.0 0.0 0.0 0.0 0.0 0.0 0.0 0.0 0.0 0.0 0.0 0.0
0.0 0.0 0.0 0.0 0.0 0.0 0.0 0.0 0.0 0.0 0.0 0.0 0.0 0.0 0.0 0.0 0.0 0.0 0.008479125576 0.008639618566 0.008632754812 0.008795218045 0.008545121462 0.008503699041 0.008429042401 0.008617448214 0.00873954138 0.008770056456 0.008537185379 0.008417822015 0.008707726193 0.008776078425 0.008686152759 1.23037357674 0.00883203015 0.008815128728 0.008895424086 0.008444315402 0.008521014888 0.008425038476 0.008424690126 0.008334771708 0.008461431775 0.008391061004 0.0 0.0 0.0 0.0 0.0 0.0 0.0 0.0 0.0 0.0 0.0 0.0 0.0 0.0 0.0 0.0 0.0 0.0 0.0 0.0 0.0 0.0 0.0 0.0 0.0 0.0 0.0 0.0 0.0 0.0 0.0 0.0 0.0 0.0 0.0 0.0 0.0
0.0 0.0 0.0 0.0 0.0 0.0 0.0 0.0 0.0 0.0 0.0 0.0 0.0 0.0 0.0 0.0 0.0 0.0 0.007683962407 0.009000798643 0.008830379912 0.01056353942 0.008341752799 0.007878520079 0.00720788469 0.008623635061 0.009467837509 0.009526881598 0.007965640834 0.007100331486 0.009584704306 0.01050635613 0.008938611616 0.00883203015 0.39904708132 0.01082075754 0.01072962022 0.00711668013 0.007999910619 0.007363555011 0.007164159541 0.006494019066 0.008064515386 0.007068038669 0.0 0.0 0.0 0.0 0.0 0.0 0.0 0.0 0.0 0.0 0.0 0.0 0.0 0.0 0.0 0.0 0.0 0.0 0.0 0.0 0.0 0.0 0.0 0.0 0.0 0.0 0.0 0.0 0.0 0.0 0.0 0.0 0.0 0.0 0.0 0.0 0.0
0.0 0.0 0.0 0.0 0.0 0.0 0.0 0.0 0.0 0.0 0.0 0.0 0.0 0.0 0.0 0.0 0.0 0.0 0.007770709067 0.008994949236 0.008791532217 0.01041097797 0.008361244466 0.007954219285 0.007353576119 0.008610139756 0.009452877002 0.009456057674 0.008039181138 0.007285564286 0.009534720767 0.01026592476 0.008920639462 0.008815128728 0.01082075754 0.306828639552 0.01079321419 0.007290819074 0.008051249348 0.00749509115 0.007335957025 0.006743404447 0.008125639482 0.007222723121 0.0 0.0 0.0 0.0 0.0 0.0 0.0 0.0 0.0 0.0 0.0 0.0 0.0 0.0 0.0 0.0 0.0 0.0 0.0 0.0 0.0 0.0 0.0 0.0 0.0 0.0 0.0 0.0 0.0 0.0 0.0 0.0 0.0 0.0 0.0 0.0 0.0
0.0 0.0 0.0 0.0 0.0 0.0 0.0 0.0 0.0 0.0 0.0 0.0 0.0 0.0 0.0 0.0 0.0 0.0 0.007778827895 0.008954384602 0.008787745736 0.01025170399 0.00830516379 0.007936549397 0.007417912731 0.008612206909 0.009541295495 0.009633913993 0.00810668969 0.007399042945 0.009530355372 0.01022219023 0.009029587788 0.008895424086 0.01072962022 0.01079321419 0.609189285859 0.007411381128 0.008055177378 0.007565240516 0.007421305391 0.006882482084 0.008036359311 0.007265015383 0.0 0.0 0.0 0.0 0.0 0.0 0.0 0.0 0.0 0.0 0.0 0.0 0.0 0.0 0.0 0.0 0.0 0.0 0.0 0.0 0.0 0.0 0.0 0.0 0.0 0.0 0.0 0.0 0.0 0.0 0.0 0.0 0.0 0.0 0.0 0.0 0.0
0.0 0.0 0.0 0.0 0.0 0.0 0.0 0.0 0.0 0.0 0.0 0.0 0.0 0.0 0.0 0.0 0.0 0.0 0.009194114899 0.0082314832 0.008362738116 0.007368558122 0.008662863225 0.009012596917 0.009663054443 0.00848634536 0.007970557899 0.008009989806 0.009002298894 0.009782808437 0.007905680668 0.007431694322 0.008325530161 0.008444315402 0.00711668013 0.007290819074 0.007411381128 2.35367249695 0.008946102413 0.009552194882 0.009677731053 0.01038009912 0.00891288138 0.009780110244 0.0 0.0 0.0 0.0 0.0 0.0 0.0 0.0 0.0 0.0 0.0 0.0 0.0 0.0 0.0 0.0 0.0 0.0 0.0 0.0 0.0 0.0 0.0 0.0 0.0 0.0 0.0 0.0 0.0 0.0 0.0 0.0 0.0 0.0 0.0 0.0 0.0
0.0 0.0 0.0 0.0 0.0 0.0 0.0 0.0 0.0 0.0 0.0 0.0 0.0 0.0 0.0 0.0 0.0 0.0 0.008824165932 0.008486544419 0.008535740661 0.008096832978 0.008657658034 0.008765052591 0.008935432183 0.008575727782 0.008352725929 0.008347467923 0.00874470124 0.008963801204 0.008335688423 0.008143451255 0.008492954353 0.008521014888 0.007999910619 0.008051249348 0.008055177378 0.008946102413 0.838143386885 0.00891987174 0.008951567513 0.009101730919 0.008736541652 0.008966677015 0.0 0.0 0.0 0.0 0.0 0.0 0.0 0.0 0.0 0.0 0.0 0.0 0.0 0.0 0.0 0.0 0.0 0.0 0.0 0.0 0.0 0.0 0.0 0.0 0.0 0.0 0.0 0.0 0.0 0.0 0.0 0.0 0.0 0.0 0.0 0.0 0.0
0.0 0.0 0.0 0.0 0.0 0.0 0.0 0.0 0.0 0.0 0.0 0.0 0.0 0.0 0.0 0.0 0.0 0.0 0.009133545623 0.008326839586 0.008451831957 0.007578109444 0.00867796897 0.008963408243 0.009445081112 0.008478318524 0.008048467696 0.008074839193 0.008923310108 0.009513105405 0.00802057043 0.007690489284 0.008324914741 0.008425038476 0.007363555011 0.00749509115 0.007565240516 0.009552194882 0.00891987174 7.3054309086 0.009491016078 0.009994822004 0.009187579027 0.009594707476 0.0 0.0 0.0 0.0 0.0 0.0 0.0 0.0 0.0 0.0 0.0 0.0 0.0 0.0 0.0 0.0 0.0 0.0 0.0 0.0 0.0 0.0 0.0 0.0 0.0 0.0 0.0 0.0 0.0 0.0 0.0 0.0 0.0 0.0 0.0 0.0 0.0
0.0 0.0 0.0 0.0 0.0 0.0 0.0 0.0 0.0 0.0 0.0 0.0 0.0 0.0 0.0 0.0 0.0 0.0 0.009208381053 0.008287372141 0.008425730324 0.007424075654 0.008699531837 0.009007364235 0.009612366986 0.008500091106 0.007982991236 0.007982824069 0.00900556693 0.009738796059 0.00793744441 0.007507678903 0.008314465302 0.008424690126 0.007164159541 0.007335957025 0.007421305391 0.009677731053 0.008951567513 0.009491016078 0.867633130926 0.01029618385 0.008845750273 0.009711313311 0.0 0.0 0.0 0.0 0.0 0.0 0.0 0.0 0.0 0.0 0.0 0.0 0.0 0.0 0.0 0.0 0.0 0.0 0.0 0.0 0.0 0.0 0.0 0.0 0.0 0.0 0.0 0.0 0.0 0.0 0.0 0.0 0.0 0.0 0.0 0.0 0.0
0.0 0.0 0.0 0.0 0.0 0.0 0.0 0.0 0.0 0.0 0.0 0.0 0.0 0.0 0.0 0.0 0.0 0.0 0.009509345931 0.008074631415 0.008294271984 0.006849657773 0.00869193803 0.00917516222 0.01023751304 0.008405816867 0.007639528459 0.007667164165 0.009196682198 0.01050033009 0.007579294864 0.006962731737 0.008133869125 0.008334771708 0.006494019066 0.006743404447 0.006882482084 0.01038009912 0.009101730919 0.009994822004 0.01029618385 1.96540658942 0.009025058004 0.01045546478 0.0 0.0 0.0 0.0 0.0 0.0 0.0 0.0 0.0 0.0 0.0 0.0 0.0 0.0 0.0 0.0 0.0 0.0 0.0 0.0 0.0 0.0 0.0 0.0 0.0 0.0 0.0 0.0 0.0 0.0 0.0 0.0 0.0 0.0 0.0 0.0 0.0
0.0 0.0 0.0 0.0 0.0 0.0 0.0 0.0 0.0 0.0 0.0 0.0 0.0 0.0 0.0 0.0 0.0 0.0 0.008740928207 0.008533143292 0.008516494163 0.008147522491 0.008710155855 0.008782793075 0.008875821374 0.008588362055 0.008381042011 0.008369815513 0.008667774454 0.008801963035 0.00836679005 0.008215520911 0.008462404269 0.008461431775 0.008064515386 0.008125639482 0.008036359311 0.00891288138 0.008736541652 0.009187579027 0.008845750273 0.009025058004 11.8723568957 0.008863401714 0.0 0.0 0.0 0.0 0.0 0.0 0.0 0.0 0.0 0.0 0.0 0.0 0.0 0.0 0.0 0.0 0.0 0.0 0.0 0.0 0.0 0.0 0.0 0.0 0.0 0.0 0.0 0.0 0.0 0.0 0.0 0.0 0.0 0.0 0.0 0.0 0.0
0.0 0.0 0.0 0.0 0.0 0.0 0.0 0.0 0.0 0.0 0.0 0.0 0.0 0.0 0.0 0.0 0.0 0.0 0.00923591426 0.008224417649 0.008368946468 0.007308385959 0.00868803469 0.009036043048 0.009689925024 0.008477486062 0.007897309636 0.007903239352 0.009000501976 0.009796698268 0.007862129997 0.007419881805 0.008252691033 0.008391061004 0.007068038669 0.007222723121 0.007265015383 0.009780110244 0.008966677015 0.009594707476 0.009711313311 0.01045546478 0.008863401714 1.80631701276 0.0 0.0 0.0 0.0 0.0 0.0 0.0 0.0 0.0 0.0 0.0 0.0 0.0 0.0 0.0 0.0 0.0 0.0 0.0 0.0 0.0 0.0 0.0 0.0 0.0 0.0 0.0 0.0 0.0 0.0 0.0 0.0 0.0 0.0 0.0 0.0 0.0
0.0 0.0 0.0 0.0 0.0 0.0 0.0 0.0 0.0 0.0 0.0 0.0 0.0 0.0 0.0 0.0 0.0 0.0 0.0 0.0 0.0 0.0 0.0 0.0 0.0 0.0 0.0 0.0 0.0 0.0 0.0 0.0 0.0 0.0 0.0 0.0 0.0 0.0 0.0 0.0 0.0 0.0 0.0 0.0 1.12859810919 0.01155906963 0.01161376727 0.01098945177 0.01202004584 0.01164706325 0.01217891399 0.01163898437 0.01134028968 0.01127432188 0.01146834412 0.01191691584 0.01099882427 0.01121024451 0.01225807402 0.01069958996 0.01064692581 0.0104310596 0.01203140258 0.0114650333 0.01207705958 0.01208640432 0.0 0.0 0.0 0.0 0.0 0.0 0.0 0.0 0.0 0.0 0.0 0.0 0.0 0.0 0.0
0.0 0.0 0.0 0.0 0.0 0.0 0.0 0.0 0.0 0.0 0.0 0.0 0.0 0.0 0.0 0.0 0.0 0.0 0.0 0.0 0.0 0.0 0.0 0.0 0.0 0.0 0.0 0.0 0.0 0.0 0.0 0.0 0.0 0.0 0.0 0.0 0.0 0.0 0.0 0.0 0.0 0.0 0.0 0.0 0.01155906963 0.639870405034 0.01166913984 0.01178523904 0.01152345218 0.01163689863 0.01145726587 0.01163979819 0.01169933276 0.01171395531 0.01168000243 0.01158052846 0.01177032912 0.01172203033 0.01143989505 0.01179402918 0.01181134676 0.01181895617 0.0114840809 0.01167473303 0.01151271996 0.01147953584 0.0 0.0 0.0 0.0 0.0 0.0 0.0 0.0 0.0 0.0 0.0 0.0 0.0 0.0 0.0
0.0 0.0 0.0 0.0 0.0 0.0 0.0 0.0 0.0 0.0 0.0 0.0 0.0 0.0 0.0 0.0 0.0 0.0 0.0 0.0 0.0 0.0 0.0 0.0 0.0 0.0 0.0 0.0 0.0 0.0 0.0 0.0 0.0 0.0 0.0 0.0 0.0 0.0 0.0 0.0 0.0 0.0 0.0 0.0 0.01161376727 0.01166913984 0.827872209316 0.01170737451 0.01158340819 0.01168850578 0.01153320138 0.01164719758 0.01164624884 0.01164765508 0.01164905309 0.01160402735 0.01169959518 0.01163539335 0.01151683084 0.01167034038 0.01163969627 0.01155367392 0.01151476461 0.01167611425 0.01158624197 0.01153700972 0.0 0.0 0.0 0.0 0.0 0.0 0.0 0.0 0.0 0.0 0.0 0.0 0.0 0.0 0.0
0.0 0.0 0.0 0.0 0.0 0.0 0.0 0.0 0.0 0.0 0.0 0.0 0.0 0.0 0.0 0.0 0.0 0.0 0.0 0.0 0.0 0.0 0.0 0.0 0.0 0.0 0.0 0.0 0.0 0.0 0.0 0.0 0.0 0.0 0.0 0.0 0.0 0.0 0.0 0.0 0.0 0.0 0.0 0.0 0.01098945177 0.01178523904 0.01170737451 1.644125366 0.01067175818 0.01158164044 0.01028646463 0.01156707564 0.0123358217 0.01246512382 0.0119761232 0.01097909243 0.01341452305 0.01263327236 0.01010995726 0.01418345487 0.01426017271 0.01469520341 0.01051701216 0.01199911155 0.01057132337 0.0104623764 0.0 0.0 0.0 0.0 0.0 0.0 0.0 0.0 0.0 0.0 0.0 0.0 0.0 0.0 0.0
0.0 0.0 0.0 0.0 0.0 0.0 0.0 0.0 0.0 0.0 0.0 0.0 0.0 0.0 0.0 0.0 0.0 0.0 0.0 0.0 0.0 0.0 0.0 0.0 0.0 0.0 0.0 0.0 0.0 0.0 0.0 0.0 0.0 0.0 0.0 0.0 0.0 0.0 0.0 0.0 0.0 0.0 0.0 0.0 0.01202004584 0.01152345218 0.01158340819 0.01067175818 1.09377294951 0.01161155352 0.01250053431 0.01162573965 0.01118312956 0.01110268063 0.01138589746 0.01212407912 0.01067657781 0.01103561822 0.01266760492 0.01026790928 0.01023616223 0.01002218181 0.0123164938 0.01135030672 0.01231638892 0.01235901627 0.0 0.0 0.0 0.0 0.0 0.0 0.0 0.0 0.0 0.0 0.0 0.0 0.0 0.0 0.0
0.0 0.0 0.0 0.0 0.0 0.0 0.0 0.0 0.0 0.0 0.0 0.0 0.0 0.0 0.0 0.0 0.0 0.0 0.0 0.0 0.0 0.0 0.0 0.0 0.0 0.0 0.0 0.0 0.0 0.0 0.0 0.0 0.0 0.0 0.0 0.0 0.0 0.0 0.0 0.0 0.0 0.0 0.0 0.0 0.01164706325 0.01163689863 0.01168850578 0.01158164044 0.01161155352 0.925154520079 0.01157670811 0.0116352219 0.0115588797 0.01156827239 0.01158673113 0.01151324721 0.01161909951 0.01154638858 0.01150339024 0.01158183111 0.01150421647 0.01134389886 0.01153289196 0.01169295362 0.01161706538 0.01156625957 0.0 0.0 0.0 0.0 0.0 0.0 0.0 0.0 0.0 0.0 0.0 0.0 0.0 0.0 0.0
0.0 0.0 0.0 0.0 0.0 0.0 0.0 0.0 0.0 0.0 0.0 0.0 0.0 0.0 0.0 0.0 0.0 0.0 0.0 0.0 0.0 0.0 0.0 0.0 0.0 0.0 0.0 0.0 0.0 0.0 0.0 0.0 0.0 0.0 0.0 0.0 0.0 0.0 0.0 0.0 0.0 0.0 0.0 0.0 0.01217891399 0.01145726587 0.01153320138 0.01028646463 0.01250053431 0.01157670811 1.11500924941 0.01160541651 0.01099344192 0.01087229728 0.01127122308 0.01234106494 0.01030571773 0.01078096877 0.0131835557 0.009752918351 0.009719546221 0.009435991247 0.01262515913 0.01121436004 0.01261873354 0.01271277801 0.0 0.0 0.0 0.0 0.0 0.0 0.0 0.0 0.0 0.0 0.0 0.0 0.0 0.0 0.0
0.0 0.0 0.0 0.0 0.0 0.0 0.0 0.0 0.0 0.0 0.0 0.0 0.0 0.0 0.0 0.0 0.0 0.0 0.0 0.0 0.0 0.0 0.0 0.0 0.0 0.0 0.0 0.0 0.0 0.0 0.0 0.0 0.0 0.0 0.0 0.0 0.0 0.0 0.0 0.0 0.0 0.0 0.0 0.0 0.01163898437 0.01163979819 0.01164719758 0.01156707564 0.01162573965 0.0116352219 0.01160541651 0.783814265543 0.01163036397 0.01161528983 0.01163518749 0.01162650612 0.01157010293 0.01159180547 0.01159607567 0.01151348185 0.01148832712 0.01141508046 0.01159563995 0.01164423339 0.01162623904 0.01161277985 0.0 0.0 0.0 0.0 0.0 0.0 0.0 0.0 0.0 0.0 0.0 0.0 0.0 0.0 0.0
0.0 0.0 0.0 0.0 0.0 0.0 0.0 0.0 0.0 0.0 0.0 0.0 0.0 0.0 0.0 0.0 0.0 0.0 0.0 0.0 0.0 0.0 0.0 0.0 0.0 0.0 0.0 0.0 0.0 0.0 0.0 0.0 0.0 0.0 0.0 0.0 0.0 0.0 0.0 0.0 0.0 0.0 0.0 0.0 0.01134028968 0.01169933276 0.01164624884 0.0123358217 0.01118312956 0.0115588797 0.01099344192 0.01163036397 0.589659341953 0.01205284789 0.01184750052 0.01129777028 0.01233348713 0.01207564947 0.01088064293 0.01260583384 0.01259711304 0.01274444634 0.01110360634 0.01180933203 0.01111930155 0.01108912171 0.0 0.0 0.0 0.0 0.0 0.0 0.0 0.0 0.0 0.0 0.0 0.0 0.0 0.0 0.0
0.0 0.0 0.0 0.0 0.0 0.0 0.0 0.0 0.0 0.0 0.0 0.0 0.0 0.0 0.0 0.0 0.0 0.0 0.0 0.0 0.0 0.0 0.0 0.0 0.0 0.0 0.0 0.0 0.0 0.0 0.0 0.0 0.0 0.0 0.0 0.0 0.0 0.0 0.0 0.0 0.0 0.0 0.0 0.0 0.01127432188 0.01171395531 0.01164765508 0.01246512382 0.01110268063 0.01156827239 0.01087229728 0.01161528983 0.01205284789 0.696654279209 0.01185591192 0.01124277999 0.01243217164 0.01217001251 0.01075459029 0.01277549633 0.01280905868 0.01303350927 0.01104181783 0.01182894006 0.01103098264 0.01099442589 0.0 0.0 0.0 0.0 0.0 0.0 0.0 0.0 0.0 0.0 0.0 0.0 0.0 0.0 0.0
0.0 0.0 0.0 0.0 0.0 0.0 0.0 0.0 0.0 0.0 0.0 0.0 0.0 0.0 0.0 0.0 0.0 0.0 0.0 0.0 0.0 0.0 0.0 0.0 0.0 0.0 0.0 0.0 0.0 0.0 0.0 0.0 0.0 0.0 0.0 0.0 0.0 0.0 0.0 0.0 0.0 0.0 0.0 0.0 0.01146834412 0.01168000243 0.01164905309 0.0119761232 0.01138589746 0.01158673113 0.01127122308 0.01163518749 0.01184750052 0.01185591192 1.44536633225 0.01145533153 0.01196512382 0.01186443623 0.01120917618 0.01208397198 0.01208726018 0.0121498706 0.01133598949 0.01172725718 0.01134979651 0.01132928805 0.0 0.0 0.0 0.0 0.0 0.0 0.0 0.0 0.0 0.0 0.0 0.0 0.0 0.0 0.0
0.0 0.0 0.0 0.0 0.0 0.0 0.0 0.0 0.0 0.0 0.0 0.0 0.0 0.0 0.0 0.0 0.0 0.0 0.0 0.0 0.0 0.0 0.0 0.0 0.0 0.0 0.0 0.0 0.0 0.0 0.0 0.0 0.0 0.0 0.0 0.0 0.0 0.0 0.0 0.0 0.0 0.0 0.0 0.0 0.01191691584 0.01158052846 0.01160402735 0.01097909243 0.01212407912 0.01151324721 0.01234106494 0.01162650612 0.01129777028 0.01124277999 0.01145533153 1.03165889621 0.01090924421 0.01121234113 0.01257649412 0.01058950219 0.01065865571 0.01060508597 0.01220821861 0.01136343546 0.01218653316 0.01222581352 0.0 0.0 0.0 0.0 0.0 0.0 0.0 0.0 0.0 0.0 0.0 0.0 0.0 0.0 0.0
0.0 0.0 0.0 0.0 0.0 0.0 0.0 0.0 0.0 0.0 0.0 0.0 0.0 0.0 0.0 0.0 0.0 0.0 0.0 0.0 0.0 0.0 0.0 0.0 0.0 0.0 0.0 0.0 0.0 0.0 0.0 0.0 0.0 0.0 0.0 0.0 0.0 0.0 0.0 0.0 0.0 0.0 0.0 0.0 0.01099882427 0.01177032912 0.01169959518 0.01341452305 0.01067657781 0.01161909951 0.01030571773 0.01157010293 0.01233348713 0.01243217164 0.01196512382 0.01090924421 0.810018292356 0.01256227493 0.01009880875 0.01416322318 0.01419280694 0.014518584 0.01052101107 0.01202825569 0.01057394932 0.01047520231 0.0 0.0 0.0 0.0 0.0 0.0 0.0 0.0 0.0 0.0 0.0 0.0 0.0 0.0 0.0
0.0 0.0 0.0 0.0 0.0 0.0 0.0 0.0 0.0 0.0 0.0 0.0 0.0 0.0 0.0 0.0 0.0 0.0 0.0 0.0 0.0 0.0 0.0 0.0 0.0 0.0 0.0 0.0 0.0 0.0 0.0 0.0 0.0 0.0 0.0 0.0 0.0 0.0 0.0 0.0 0.0 0.0 0.0 0.0 0.01121024451 0.01172203033 0.01163539335 0.01263327236 0.01103561822 0.01154638858 0.01078096877 0.01159180547 0.01207564947 0.01217001251 0.01186443623 0.01121234113 0.01256227493 0.8853486999 0.01066820926 0.01300485001 0.01310787295 0.01352576669 0.01098878174 0.01182595745 0.01095639895 0.01091389686 0.0 0.0 0.0 0.0 0.0 0.0 0.0 0.0 0.0 0.0 0.0 0.0 0.0 0.0 0.0
0.0 0.0 0.0 0.0 0.0 0.0 0.0 0.0 0.0 0.0 0.0 0.0 0.0 0.0 0.0 0.0 0.0 0.0 0.0 0.0 0.0 0.0 0.0 0.0 0.0 0.0 0.0 0.0 0.0 0.0 0.0 0.0 0.0 0.0 0.0 0.0 0.0 0.0 0.0 0.0 0.0 0.0 0.0 0.0 0.01225807402 0.01143989505 0.01151683084 0.01010995726 0.01266760492 0.01150339024 0.0131835557 0.01159607567 0.01088064293 0.01075459029 0.01120917618 0.01257649412 0.01009880875 0.01066820926 1.13300994256 0.009471518794 0.0094758134 0.009211660784 0.01285731827 0.01111258243 0.01280529153 0.01292951141 0.0 0.0 0.0 0.0 0.0 0.0 0.0 0.0 0.0 0.0 0.0 0.0 0.0 0.0 0.0
0.0 0.0 0.0 0.0 0.0 0.0 0.0 0.0 0.0 0.0 0.0 0.0 0.0 0.0 0.0 0.0 0.0 0.0 0.0 0.0 0.0 0.0 0.0 0.0 0.0 0.0 0.0 0.0 0.0 0.0 0.0 0.0 0.0 0.0 0.0 0.0 0.0 0.0 0.0 0.0 0.0 0.0 0.0 0.0 0.01069958996 0.01179402918 0.01167034038 0.01418345487 0.01026790928 0.01158183111 0.009752918351 0.01151348185 0.01260583384 0.01277549633 0.01208397198 0.01058950219 0.01416322318 0.01300485001 0.009471518794 0.969205383273 0.0155020155 0.01626206474 0.01010324436 0.01216377971 0.01011194221 0.01000016764 0.0 0.0 0.0 0.0 0.0 0.0 0.0 0.0 0.0 0.0 0.0 0.0 0.0 0.0 0.0
0.0 0.0 0.0 0.0 0.0 0.0 0.0 0.0 0.0 0.0 0.0 0.0 0.0 0.0 0.0 0.0 0.0 0.0 0.0 0.0 0.0 0.0 0.0 0.0 0.0 0.0 0.0 0.0 0.0 0.0 0.0 0.0 0.0 0.0 0.0 0.0 0.0 0.0 0.0 0.0 0.0 0.0 0.0 0.0 0.01064692581 0.01181134676 0.01163969627 0.01426017271 0.01023616223 0.01150421647 0.009719546221 0.01148832712 0.01259711304 0.01280905868 0.01208726018 0.01065865571 0.01419280694 0.01310787295 0.0094758134 0.0155020155 0.417922403556 0.01698653205 0.01011766697 0.01210282239 0.01007705165 0.009974412901 0.0 0.0 0.0 0.0 0.0 0.0 0.0 0.0 0.0 0.0 0.0 0.0 0.0 0.0 0.0
0.0 0.0 0.0 0.0 0.0 0.0 0.0 0.0 0.0 0.0 0.0 0.0 0.0 0.0 0.0 0.0 0.0 0.0 0.0 0.0 0.0 0.0 0.0 0.0 0.0 0.0 0.0 0.0 0.0 0.0 0.0 0.0 0.0 0.0 0.0 0.0 0.0 0.0 0.0 0.0 0.0 0.0 0.0 0.0 0.0104310596 0.01181895617 0.01155367392 0.01469520341 0.01002218181 0.01134389886 0.009435991247 0.01141508046 0.01274444634 0.01303350927 0.0121498706 0.01060508597 0.014518584 0.01352576669 0.009211660784 0.01626206474 0.01698653205 0.392918029261 0.009960216239 0.01203434508 0.009825066964 0.009736520032 0.0 0.0 0.0 0.0 0.0 0.0 0.0 0.0 0.0 0.0 0.0 0.0 0.0 0.0 0.0
0.0 0.0 0.0 0.0 0.0 0.0 0.0 0.0 0.0 0.0 0.0 0.0 0.0 0.0 0.0 0.0 0.0 0.0 0.0 0.0 0.0 0.0 0.0 0.0 0.0 0.0 0.0 0.0 0.0 0.0 0.0 0.0 0.0 0.0 0.0 0.0 0.0 0.0 0.0 0.0 0.0 0.0 0.0 0.0 0.01203140258 0.0114840809 0.01151476461 0.01051701216 0.0123164938 0.01153289196 0.01262515913 0.01159563995 0.01110360634 0.01104181783 0.01133598949 0.01220821861 0.01052101107 0.01098878174 0.01285731827 0.01010324436 0.01011766697 0.009960216239 1.52773679618 0.01126566977 0.01239185988 0.01248996887 0.0 0.0 0.0 0.0 0.0 0.0 0.0 0.0 0.0 0.0 0.0 0.0 0.0 0.0 0.0
0.0 0.0 0.0 0.0 0.0 0.0 0.0 0.0 0.0 0.0 0.0 0.0 0.0 0.0 0.0 0.0 0.0 0.0 0.0 0.0 0.0 0.0 0.0 0.0 0.0 0.0 0.0 0.0 0.0 0.0 0.0 0.0 0.0 0.0 0.0 0.0 0.0 0.0 0.0 0.0 0.0 0.0 0.0 0.0 0.0114650333 0.01167473303 0.01167611425 0.01199911155 0.01135030672 0.01169295362 0.01121436004 0.01164423339 0.01180933203 0.01182894006 0.01172725718 0.01136343546 0.01202825569 0.01182595745 0.01111258243 0.01216377971 0.01210282239 0.01203434508 0.01126566977 0.692486830702 0.01131653018 0.01127467481 0.0 0.0 0.0 0.0 0.0 0.0 0.0 0.0 0.0 0.0 0.0 0.0 0.0 0.0 0.0
0.0 0.0 0.0 0.0 0.0 0.0 0.0 0.0 0.0 0.0 0.0 0.0 0.0 0.0 0.0 0.0 0.0 0.0 0.0 0.0 0.0 0.0 0.0 0.0 0.0 0.0 0.0 0.0 0.0 0.0 0.0 0.0 0.0 0.0 0.0 0.0 0.0 0.0 0.0 0.0 0.0 0.0 0.0 0.0 0.01207705958 0.01151271996 0.01158624197 0.01057132337 0.01231638892 0.01161706538 0.01261873354 0.01162623904 0.01111930155 0.01103098264 0.01134979651 0.01218653316 0.01057394932 0.01095639895 0.01280529153 0.01011194221 0.01007705165 0.009825066964 0.01239185988 0.01131653018 0.906383009253 0.01245491291 0.0 0.0 0.0 0.0 0.0 0.0 0.0 0.0 0.0 0.0 0.0 0.0 0.0 0.0 0.0
0.0 0.0 0.0 0.0 0.0 0.0 0.0 0.0 0.0 0.0 0.0 0.0 0.0 0.0 0.0 0.0 0.0 0.0 0.0 0.0 0.0 0.0 0.0 0.0 0.0 0.0 0.0 0.0 0.0 0.0 0.0 0.0 0.0 0.0 0.0 0.0 0.0 0.0 0.0 0.0 0.0 0.0 0.0 0.0 0.01208640432 0.01147953584 0.01153700972 0.0104623764 0.01235901627 0.01156625957 0.01271277801 0.01161277985 0.01108912171 0.01099442589 0.01132928805 0.01222581352 0.01047520231 0.01091389686 0.01292951141 0.01000016764 0.009974412901 0.009736520032 0.01248996887 0.01127467481 0.01245491291 0.747448138104 0.0 0.0 0.0 0.0 0.0 0.0 0.0 0.0 0.0 0.0 0.0 0.0 0.0 0.0 0.0
0.0 0.0 0.0 0.0 0.0 0.0 0.0 0.0 0.0 0.0 0.0 0.0 0.0 0.0 0.0 0.0 0.0 0.0 0.0 0.0 0.0 0.0 0.0 0.0 0.0 0.0 0.0 0.0 0.0 0.0 0.0 0.0 0.0 0.0 0.0 0.0 0.0 0.0 0.0 0.0 0.0 0.0 0.0 0.0 0.0 0.0 0.0 0.0 0.0 0.0 0.0 0.0 0.0 0.0 0.0 0.0 0.0 0.0 0.0 0.0 0.0 0.0 0.0 0.0 0.0 0.0 0.53798537589 0.0154484527 0.01533877758 0.01534263891 0.01535517952 0.01536402775 0.01542252835 0.01541850671 0.01542067538 0.01542629167 0.01539274295 0.01537283648 0.01524258871 0.01540299252 0.0153205484
0.0 0.0 0.0 0.0 0.0 0.0 0.0 0.0 0.0 0.0 0.0 0.0 0.0 0.0 0.0 0.0 0.0 0.0 0.0 0.0 0.0 0.0 0.0 0.0 0.0 0.0 0.0 0.0 0.0 0.0 0.0 0.0 0.0 0.0 0.0 0.0 0.0 0.0 0.0 0.0 0.0 0.0 0.0 0.0 0.0 0.0 0.0 0.0 0.0 0.0 0.0 0.0 0.0 0.0 0.0 0.0 0.0 0.0 0.0 0.0 0.0 0.0 0.0 0.0 0.0 0.0 0.0154484527 0.773072460239 0.01464729813 0.01544264773 0.01591003166 0.01474108746 0.01598137722 0.01595229631 0.01638598662 0.01535458047 0.01487818069 0.01494723127 0.01400416529 0.01596526472 0.01580059724
0.0 0.0 0.0 0.0 0.0 0.0 0.0 0.0 0.0 0.0 0.0 0.0 0.0 0.0 0.0 0.0 0.0 0.0 0.0 0.0 0.0 0.0 0.0 0.0 0.0 0.0 0.0 0.0 0.0 0.0 0.0 0.0 0.0 0.0 0.0 0.0 0.0 0.0 0.0 0.0 0.0 0.0 0.0 0.0 0.0 0.0 0.0 0.0 0.0 0.0 0.0 0.0 0.0 0.0 0.0 0.0 0.0 0.0 0.0 0.0 0.0 0.0 0.0 0.0 0.0 0.0 0.01533877758 0.01464729813 0.307888028812 0.01517362468 0.01395526141 0.01711222162 0.01402745392 0.0141121871 0.01322749097 0.0155227621 0.01669889109 0.01644458366 0.018881039 0.01410642195 0.01414214717
0.0 0.0 0.0 0.0 0.0 0.0 0.0 0.0 0.0 0.0 0.0 0.0 0.0 0.0 0.0 0.0 0.0 0.0 0.0 0.0 0.0 0.0 0.0 0.0 0.0 0.0 0.0 0.0 0.0 0.0 0.0 0.0 0.0 0.0 0.0 0.0 0.0 0.0 0.0 0.0 0.0 0.0 0.0 0.0 0.0 0.0 0.0 0.0 0.0 0.0 0.0 0.0 0.0 0.0 0.0 0.0 0.0 0.0 0.0 0.0 0.0 0.0 0.0 0.0 0.0 0.0 0.01534263891 0.01544264773 0.01517362468 0.587196688444 0.01550706425 0.01511763106 0.01538999565 0.0154233153 0.01546634628 0.01522212182 0.01513281623 0.01514924091 0.01477437527 0.01556228321 0.01552351977
0.0 0.0 0.0 0.0 0.0 0.0 0.0 0.0 0.0 0.0 0.0 0.0 0.0 0.0 0.0 0.0 0.0 0.0 0.0 0.0 0.0 0.0 0.0 0.0 0.0 0.0 0.0 0.0 0.0 0.0 0.0 0.0 0.0 0.0 0.0 0.0 0.0 0.0 0.0 0.0 0.0 0.0 0.0 0.0 0.0 0.0 0.0 0.0 0.0 0.0 0.0 0.0 0.0 0.0 0.0 0.0 0.0 0.0 0.0 0.0 0.0 0.0 0.0 0.0 0.0 0.0 0.01535517952 0.01591003166 0.01395526141 0.01550706425 0.993422124385 0.01408797916 0.01643704516 0.01634369531 0.01719983416 0.01522948956 0.01438506598 0.0145366015 0.01284617829 0.0164049135 0.01635865377
0.0 0.0 0.0 0.0 0.0 0.0 0.0 0.0 0.0 0.0 0.0 0.0 0.0 0.0 0.0 0.0 0.0 0.0 0.0 0.0 0.0 0.0 0.0 0.0 0.0 0.0 0.0 0.0 0.0 0.0 0.0 0.0 0.0 0.0 0.0 0.0 0.0 0.0 0.0 0.0 0.0 0.0 0.0 0.0 0.0 0.0 0.0 0.0 0.0 0.0 0.0 0.0 0.0 0.0 0.0 0.0 0.0 0.0 0.0 0.0 0.0 0.0 0.0 0.0 0.0 0.0 0.01536402775 0.01474108746 0.01711222162 0.01511763106 0.01408797916 0.397622377992 0.01421595311 0.01427607535 0.0135036068 0.01555595682 0.01657600054 0.01637522152 0.01868696822 0.01421476861 0.01424043417
