141 141
0.264854817674 0.009259448721 0.009316965166 0.00932468169 0.009295913304 0.009318647853 0.009410016514 0.009300260179 0.009098343848 0.009052296897 0.009123578668 0.009109307156 0.009368027853 0.009159837914 0.00915954965 0.009103438937 0.009284457194 0.009152735683 0.00917629851 0.009139363929 0.009105690001 0.009173642943 0.009205921826 0.009131413772 0.00918067488 0.009166303029 0.008984789374 0.008995585822 0.0 0.0 0.0 0.0 0.0 0.0 0.0 0.0 0.0 0.0 0.0 0.0 0.0 0.0 0.0 0.0 0.0 0.0 0.0 0.0 0.0 0.0 0.0 0.0 0.0 0.0 0.0 0.0 0.0 0.0 0.0 0.0 0.0 0.0 0.0 0.0 0.0 0.0 0.0 0.0 0.0 0.0 0.0 0.0 0.0 0.0 0.0 0.0 0.0 0.0 0.0 0.0 0.0 0.0 0.0 0.0 0.0 0.0 0.0 0.0 0.0 0.0 0.0 0.0 0.0 0.0 0.0 0.0 0.0 0.0 0.0 0.0 0.0 0.0 0.0 0.0 0.0 0.0 0.0 0.0 0.0 0.0 0.0 0.0 0.0 0.0 0.0 0.0 0.0 0.0 0.0 0.0 0.0 0.0 0.0 0.0 0.0 0.0 0.0 0.0 0.0 0.0 0.0 0.0 0.0 0.0 0.0 0.0 0.0 0.0 0.0 0.0 0.0
0.009259448721 1.48913951484 0.009455524334 0.008689880555 0.009957204353 0.009618905081 0.009239528431 0.00930608269 0.009101039307 0.008906612843 0.009176598093 0.009836252542 0.009165470429 0.009431481213 0.009164079391 0.008404984819 0.01009085799 0.008642207744 0.009473245459 0.009354832578 0.008985179975 0.01018254028 0.00850946849 0.009003604591 0.009054088824 0.008540888097 0.008318177984 0.008092368742 0.0 0.0 0.0 0.0 0.0 0.0 0.0 0.0 0.0 0.0 0.0 0.0 0.0 0.0 0.0 0.0 0.0 0.0 0.0 0.0 0.0 0.0 0.0 0.0 0.0 0.0 0.0 0.0 0.0 0.0 0.0 0.0 0.0 0.0 0.0 0.0 0.0 0.0 0.0 0.0 0.0 0.0 0.0 0.0 0.0 0.0 0.0 0.0 0.0 0.0 0.0 0.0 0.0 0.0 0.0 0.0 0.0 0.0 0.0 0.0 0.0 0.0 0.0 0.0 0.0 0.0 0.0 0.0 0.0 0.0 0.0 0.0 0.0 0.0 0.0 0.0 0.0 0.0 0.0 0.0 0.0 0.0 0.0 0.0 0.0 0.0 0.0 0.0 0.0 0.0 0.0 0.0 0.0 0.0 0.0 0.0 0.0 0.0 0.0 0.0 0.0 0.0 0.0 0.0 0.0 0.0 0.0 0.0 0.0 0.0 0.0 0.0 0.0
0.009316965166 0.009455524334 0.344778366428 0.009165129889 0.00940258602 0.009377273837 0.009301004349 0.009279576088 0.009115272639 0.009054778973 0.009180911983 0.009322544256 0.009308923129 0.009244714806 0.009179334063 0.008941403146 0.0094186607 0.009051995445 0.00929405649 0.009234741133 0.009080203754 0.009417208404 0.009056324378 0.009109430518 0.009162556523 0.008985686482 0.008792045853 0.008742899145 0.0 0.0 0.0 0.0 0.0 0.0 0.0 0.0 0.0 0.0 0.0 0.0 0.0 0.0 0.0 0.0 0.0 0.0 0.0 0.0 0.0 0.0 0.0 0.0 0.0 0.0 0.0 0.0 0.0 0.0 0.0 0.0 0.0 0.0 0.0 0.0 0.0 0.0 0.0 0.0 0.0 0.0 0.0 0.0 0.0 0.0 0.0 0.0 0.0 0.0 0.0 0.0 0.0 0.0 0.0 0.0 0.0 0.0 0.0 0.0 0.0 0.0 0.0 0.0 0.0 0.0 0.0 0.0 0.0 0.0 0.0 0.0 0.0 0.0 0.0 0.0 0.0 0.0 0.0 0.0 0.0 0.0 0.0 0.0 0.0 0.0 0.0 0.0 0.0 0.0 0.0 0.0 0.0 0.0 0.0 0.0 0.0 0.0 0.0 0.0 0.0 0.0 0.0 0.0 0.0 0.0 0.0 0.0 0.0 0.0 0.0 0.0 0.0
0.00932468169 0.008689880555 0.009165129889 0.270574758603 0.008778013601 0.009048608064 0.009340838245 0.009241811699 0.009102362879 0.009270620812 0.009163826866 0.008694238117 0.009401173953 0.00896122428 0.009125369221 0.009679693349 0.008711390378 0.009587188445 0.008992348803 0.009040993444 0.009189738114 0.008593359772 0.009786973874 0.009208445512 0.009265560647 0.00955549569 0.009472087598 0.009651105432 0.0 0.0 0.0 0.0 0.0 0.0 0.0 0.0 0.0 0.0 0.0 0.0 0.0 0.0 0.0 0.0 0.0 0.0 0.0 0.0 0.0 0.0 0.0 0.0 0.0 0.0 0.0 0.0 0.0 0.0 0.0 0.0 0.0 0.0 0.0 0.0 0.0 0.0 0.0 0.0 0.0 0.0 0.0 0.0 0.0 0.0 0.0 0.0 0.0 0.0 0.0 0.0 0.0 0.0 0.0 0.0 0.0 0.0 0.0 0.0 0.0 0.0 0.0 0.0 0.0 0.0 0.0 0.0 0.0 0.0 0.0 0.0 0.0 0.0 0.0 0.0 0.0 0.0 0.0 0.0 0.0 0.0 0.0 0.0 0.0 0.0 0.0 0.0 0.0 0.0 0.0 0.0 0.0 0.0 0.0 0.0 0.0 0.0 0.0 0.0 0.0 0.0 0.0 0.0 0.0 0.0 0.0 0.0 0.0 0.0 0.0 0.0 0.0
0.009295913304 0.009957204353 0.00940258602 0.008778013601 0.311047920366 0.009527929306 0.009293830675 0.00929247612 0.009129155406 0.008908868424 0.009137594895 0.009678551186 0.009188015482 0.009388029769 0.009206370625 0.008516876072 0.009967577404 0.008729492642 0.009405528669 0.009298373924 0.009029495081 0.009950333445 0.008604460566 0.009062351911 0.009088968241 0.008693297769 0.008469083612 0.008296761011 0.0 0.0 0.0 0.0 0.0 0.0 0.0 0.0 0.0 0.0 0.0 0.0 0.0 0.0 0.0 0.0 0.0 0.0 0.0 0.0 0.0 0.0 0.0 0.0 0.0 0.0 0.0 0.0 0.0 0.0 0.0 0.0 0.0 0.0 0.0 0.0 0.0 0.0 0.0 0.0 0.0 0.0 0.0 0.0 0.0 0.0 0.0 0.0 0.0 0.0 0.0 0.0 0.0 0.0 0.0 0.0 0.0 0.0 0.0 0.0 0.0 0.0 0.0 0.0 0.0 0.0 0.0 0.0 0.0 0.0 0.0 0.0 0.0 0.0 0.0 0.0 0.0 0.0 0.0 0.0 0.0 0.0 0.0 0.0 0.0 0.0 0.0 0.0 0.0 0.0 0.0 0.0 0.0 0.0 0.0 0.0 0.0 0.0 0.0 0.0 0.0 0.0 0.0 0.0 0.0 0.0 0.0 0.0 0.0 0.0 0.0 0.0 0.0
0.009318647853 0.009618905081 0.009377273837 0.009048608064 0.009527929306 0.469484330023 0.009243860423 0.009300178019 0.009138521376 0.009000011039 0.009179006454 0.009455664889 0.009260891506 0.00933563039 0.009171870132 0.008802880513 0.009532155202 0.008918124828 0.009326008097 0.009262646992 0.00910772967 0.009580071915 0.008894799234 0.009094928692 0.00915110836 0.008959590395 0.008716002846 0.008600897602 0.0 0.0 0.0 0.0 0.0 0.0 0.0 0.0 0.0 0.0 0.0 0.0 0.0 0.0 0.0 0.0 0.0 0.0 0.0 0.0 0.0 0.0 0.0 0.0 0.0 0.0 0.0 0.0 0.0 0.0 0.0 0.0 0.0 0.0 0.0 0.0 0.0 0.0 0.0 0.0 0.0 0.0 0.0 0.0 0.0 0.0 0.0 0.0 0.0 0.0 0.0 0.0 0.0 0.0 0.0 0.0 0.0 0.0 0.0 0.0 0.0 0.0 0.0 0.0 0.0 0.0 0.0 0.0 0.0 0.0 0.0 0.0 0.0 0.0 0.0 0.0 0.0 0.0 0.0 0.0 0.0 0.0 0.0 0.0 0.0 0.0 0.0 0.0 0.0 0.0 0.0 0.0 0.0 0.0 0.0 0.0 0.0 0.0 0.0 0.0 0.0 0.0 0.0 0.0 0.0 0.0 0.0 0.0 0.0 0.0 0.0 0.0 0.0
0.009410016514 0.009239528431 0.009301004349 0.009340838245 0.009293830675 0.009243860423 0.260963518934 0.00926746248 0.009036296295 0.009093396153 0.009095184146 0.009036155686 0.009410515482 0.009053122932 0.009165371976 0.009170518422 0.00935331932 0.009255727379 0.009155779074 0.0091017079 0.009017501884 0.009149401471 0.00930002756 0.009109607059 0.009139020023 0.009066089351 0.009017651904 0.009090663068 0.0 0.0 0.0 0.0 0.0 0.0 0.0 0.0 0.0 0.0 0.0 0.0 0.0 0.0 0.0 0.0 0.0 0.0 0.0 0.0 0.0 0.0 0.0 0.0 0.0 0.0 0.0 0.0 0.0 0.0 0.0 0.0 0.0 0.0 0.0 0.0 0.0 0.0 0.0 0.0 0.0 0.0 0.0 0.0 0.0 0.0 0.0 0.0 0.0 0.0 0.0 0.0 0.0 0.0 0.0 0.0 0.0 0.0 0.0 0.0 0.0 0.0 0.0 0.0 0.0 0.0 0.0 0.0 0.0 0.0 0.0 0.0 0.0 0.0 0.0 0.0 0.0 0.0 0.0 0.0 0.0 0.0 0.0 0.0 0.0 0.0 0.0 0.0 0.0 0.0 0.0 0.0 0.0 0.0 0.0 0.0 0.0 0.0 0.0 0.0 0.0 0.0 0.0 0.0 0.0 0.0 0.0 0.0 0.0 0.0 0.0 0.0 0.0
0.009300260179 0.00930608269 0.009279576088 0.009241811699 0.00929247612 0.009300178019 0.00926746248 0.138301914471 0.009143494593 0.00909777981 0.009166717703 0.009199205352 0.009273871857 0.009201707489 0.009166177999 0.009082756251 0.009281639185 0.009129697815 0.009207636364 0.009185194774 0.009146101125 0.00925414417 0.009154021822 0.009148305962 0.009189034413 0.009159090418 0.008993139497 0.008973579627 0.0 0.0 0.0 0.0 0.0 0.0 0.0 0.0 0.0 0.0 0.0 0.0 0.0 0.0 0.0 0.0 0.0 0.0 0.0 0.0 0.0 0.0 0.0 0.0 0.0 0.0 0.0 0.0 0.0 0.0 0.0 0.0 0.0 0.0 0.0 0.0 0.0 0.0 0.0 0.0 0.0 0.0 0.0 0.0 0.0 0.0 0.0 0.0 0.0 0.0 0.0 0.0 0.0 0.0 0.0 0.0 0.0 0.0 0.0 0.0 0.0 0.0 0.0 0.0 0.0 0.0 0.0 0.0 0.0 0.0 0.0 0.0 0.0 0.0 0.0 0.0 0.0 0.0 0.0 0.0 0.0 0.0 0.0 0.0 0.0 0.0 0.0 0.0 0.0 0.0 0.0 0.0 0.0 0.0 0.0 0.0 0.0 0.0 0.0 0.0 0.0 0.0 0.0 0.0 0.0 0.0 0.0 0.0 0.0 0.0 0.0 0.0 0.0
0.009098343848 0.009101039307 0.009115272639 0.009102362879 0.009129155406 0.009138521376 0.009036296295 0.009143494593 0.312470520966 0.009218107726 0.009232381966 0.009234564232 0.009074612148 0.009259487969 0.009225164998 0.009172447852 0.009095495676 0.009137954235 0.009192322185 0.009224681408 0.009307707296 0.009153843598 0.00910060715 0.00924957125 0.009228756445 0.009287972926 0.009319062448 0.009260898695 0.0 0.0 0.0 0.0 0.0 0.0 0.0 0.0 0.0 0.0 0.0 0.0 0.0 0.0 0.0 0.0 0.0 0.0 0.0 0.0 0.0 0.0 0.0 0.0 0.0 0.0 0.0 0.0 0.0 0.0 0.0 0.0 0.0 0.0 0.0 0.0 0.0 0.0 0.0 0.0 0.0 0.0 0.0 0.0 0.0 0.0 0.0 0.0 0.0 0.0 0.0 0.0 0.0 0.0 0.0 0.0 0.0 0.0 0.0 0.0 0.0 0.0 0.0 0.0 0.0 0.0 0.0 0.0 0.0 0.0 0.0 0.0 0.0 0.0 0.0 0.0 0.0 0.0 0.0 0.0 0.0 0.0 0.0 0.0 0.0 0.0 0.0 0.0 0.0 0.0 0.0 0.0 0.0 0.0 0.0 0.0 0.0 0.0 0.0 0.0 0.0 0.0 0.0 0.0 0.0 0.0 0.0 0.0 0.0 0.0 0.0 0.0 0.0
0.009052296897 0.008906612843 0.009054778973 0.009270620812 0.008908868424 0.009000011039 0.009093396153 0.00909777981 0.009218107726 0.207365075104 0.00922573645 0.009031856688 0.009125783306 0.009089338487 0.009187440482 0.009488845648 0.008909217198 0.009413039808 0.009106624036 0.009162297207 0.009248666295 0.008930482572 0.009435781692 0.00925033713 0.009207124031 0.009332773637 0.009502594809 0.0095701069 0.0 0.0 0.0 0.0 0.0 0.0 0.0 0.0 0.0 0.0 0.0 0.0 0.0 0.0 0.0 0.0 0.0 0.0 0.0 0.0 0.0 0.0 0.0 0.0 0.0 0.0 0.0 0.0 0.0 0.0 0.0 0.0 0.0 0.0 0.0 0.0 0.0 0.0 0.0 0.0 0.0 0.0 0.0 0.0 0.0 0.0 0.0 0.0 0.0 0.0 0.0 0.0 0.0 0.0 0.0 0.0 0.0 0.0 0.0 0.0 0.0 0.0 0.0 0.0 0.0 0.0 0.0 0.0 0.0 0.0 0.0 0.0 0.0 0.0 0.0 0.0 0.0 0.0 0.0 0.0 0.0 0.0 0.0 0.0 0.0 0.0 0.0 0.0 0.0 0.0 0.0 0.0 0.0 0.0 0.0 0.0 0.0 0.0 0.0 0.0 0.0 0.0 0.0 0.0 0.0 0.0 0.0 0.0 0.0 0.0 0.0 0.0 0.0
0.009123578668 0.009176598093 0.009180911983 0.009163826866 0.009137594895 0.009179006454 0.009095184146 0.009166717703 0.009232381966 0.00922573645 0.522385766653 0.009243783454 0.009154716351 0.009226614162 0.009217592094 0.009171031889 0.009140146503 0.009178107973 0.009234950151 0.009249017438 0.009223106531 0.009195999672 0.009175575206 0.009205491726 0.009216330419 0.009161750575 0.009156579751 0.009126689874 0.0 0.0 0.0 0.0 0.0 0.0 0.0 0.0 0.0 0.0 0.0 0.0 0.0 0.0 0.0 0.0 0.0 0.0 0.0 0.0 0.0 0.0 0.0 0.0 0.0 0.0 0.0 0.0 0.0 0.0 0.0 0.0 0.0 0.0 0.0 0.0 0.0 0.0 0.0 0.0 0.0 0.0 0.0 0.0 0.0 0.0 0.0 0.0 0.0 0.0 0.0 0.0 0.0 0.0 0.0 0.0 0.0 0.0 0.0 0.0 0.0 0.0 0.0 0.0 0.0 0.0 0.0 0.0 0.0 0.0 0.0 0.0 0.0 0.0 0.0 0.0 0.0 0.0 0.0 0.0 0.0 0.0 0.0 0.0 0.0 0.0 0.0 0.0 0.0 0.0 0.0 0.0 0.0 0.0 0.0 0.0 0.0 0.0 0.0 0.0 0.0 0.0 0.0 0.0 0.0 0.0 0.0 0.0 0.0 0.0 0.0 0.0 0.0
0.009109307156 0.009836252542 0.009322544256 0.008694238117 0.009678551186 0.009455664889 0.009036155686 0.009199205352 0.009234564232 0.009031856688 0.009243783454 0.579579617529 0.009057120195 0.00948561689 0.009239541525 0.008579187057 0.009722138843 0.008741557663 0.00945788704 0.009389099739 0.009138011366 0.009919926257 0.008595750041 0.009112598119 0.009122848274 0.008737367473 0.008641557239 0.00842258283 0.0 0.0 0.0 0.0 0.0 0.0 0.0 0.0 0.0 0.0 0.0 0.0 0.0 0.0 0.0 0.0 0.0 0.0 0.0 0.0 0.0 0.0 0.0 0.0 0.0 0.0 0.0 0.0 0.0 0.0 0.0 0.0 0.0 0.0 0.0 0.0 0.0 0.0 0.0 0.0 0.0 0.0 0.0 0.0 0.0 0.0 0.0 0.0 0.0 0.0 0.0 0.0 0.0 0.0 0.0 0.0 0.0 0.0 0.0 0.0 0.0 0.0 0.0 0.0 0.0 0.0 0.0 0.0 0.0 0.0 0.0 0.0 0.0 0.0 0.0 0.0 0.0 0.0 0.0 0.0 0.0 0.0 0.0 0.0 0.0 0.0 0.0 0.0 0.0 0.0 0.0 0.0 0.0 0.0 0.0 0.0 0.0 0.0 0.0 0.0 0.0 0.0 0.0 0.0 0.0 0.0 0.0 0.0 0.0 0.0 0.0 0.0 0.0
0.009368027853 0.009165470429 0.009308923129 0.009401173953 0.009188015482 0.009260891506 0.009410515482 0.009273871857 0.009074612148 0.009125783306 0.009154716351 0.009057120195 0.313082580317 0.009109538743 0.009172395951 0.009207111521 0.009196194478 0.009275642519 0.009187923067 0.009150963643 0.009074152149 0.009090039449 0.009352944467 0.009135600862 0.009186845633 0.009138712196 0.00898425403 0.009039932663 0.0 0.0 0.0 0.0 0.0 0.0 0.0 0.0 0.0 0.0 0.0 0.0 0.0 0.0 0.0 0.0 0.0 0.0 0.0 0.0 0.0 0.0 0.0 0.0 0.0 0.0 0.0 0.0 0.0 0.0 0.0 0.0 0.0 0.0 0.0 0.0 0.0 0.0 0.0 0.0 0.0 0.0 0.0 0.0 0.0 0.0 0.0 0.0 0.0 0.0 0.0 0.0 0.0 0.0 0.0 0.0 0.0 0.0 0.0 0.0 0.0 0.0 0.0 0.0 0.0 0.0 0.0 0.0 0.0 0.0 0.0 0.0 0.0 0.0 0.0 0.0 0.0 0.0 0.0 0.0 0.0 0.0 0.0 0.0 0.0 0.0 0.0 0.0 0.0 0.0 0.0 0.0 0.0 0.0 0.0 0.0 0.0 0.0 0.0 0.0 0.0 0.0 0.0 0.0 0.0 0.0 0.0 0.0 0.0 0.0 0.0 0.0 0.0
0.009159837914 0.009431481213 0.009244714806 0.00896122428 0.009388029769 0.00933563039 0.009053122932 0.009201707489 0.009259487969 0.009089338487 0.009226614162 0.00948561689 0.009109538743 0.347547043326 0.009225695106 0.008893511158 0.00936183298 0.00893743477 0.009310287314 0.009291954048 0.009240123991 0.009481997086 0.008879130957 0.009176281667 0.009188922579 0.009087077929 0.00898759308 0.008850526544 0.0 0.0 0.0 0.0 0.0 0.0 0.0 0.0 0.0 0.0 0.0 0.0 0.0 0.0 0.0 0.0 0.0 0.0 0.0 0.0 0.0 0.0 0.0 0.0 0.0 0.0 0.0 0.0 0.0 0.0 0.0 0.0 0.0 0.0 0.0 0.0 0.0 0.0 0.0 0.0 0.0 0.0 0.0 0.0 0.0 0.0 0.0 0.0 0.0 0.0 0.0 0.0 0.0 0.0 0.0 0.0 0.0 0.0 0.0 0.0 0.0 0.0 0.0 0.0 0.0 0.0 0.0 0.0 0.0 0.0 0.0 0.0 0.0 0.0 0.0 0.0 0.0 0.0 0.0 0.0 0.0 0.0 0.0 0.0 0.0 0.0 0.0 0.0 0.0 0.0 0.0 0.0 0.0 0.0 0.0 0.0 0.0 0.0 0.0 0.0 0.0 0.0 0.0 0.0 0.0 0.0 0.0 0.0 0.0 0.0 0.0 0.0 0.0
0.00915954965 0.009164079391 0.009179334063 0.009125369221 0.009206370625 0.009171870132 0.009165371976 0.009166177999 0.009225164998 0.009187440482 0.009217592094 0.009239541525 0.009172395951 0.009225695106 0.279678642529 0.009119991403 0.00921718886 0.009159333068 0.009232258012 0.009229026082 0.009199941613 0.009202538197 0.009128598374 0.00921629367 0.009206317927 0.009126827569 0.009122793007 0.009102842573 0.0 0.0 0.0 0.0 0.0 0.0 0.0 0.0 0.0 0.0 0.0 0.0 0.0 0.0 0.0 0.0 0.0 0.0 0.0 0.0 0.0 0.0 0.0 0.0 0.0 0.0 0.0 0.0 0.0 0.0 0.0 0.0 0.0 0.0 0.0 0.0 0.0 0.0 0.0 0.0 0.0 0.0 0.0 0.0 0.0 0.0 0.0 0.0 0.0 0.0 0.0 0.0 0.0 0.0 0.0 0.0 0.0 0.0 0.0 0.0 0.0 0.0 0.0 0.0 0.0 0.0 0.0 0.0 0.0 0.0 0.0 0.0 0.0 0.0 0.0 0.0 0.0 0.0 0.0 0.0 0.0 0.0 0.0 0.0 0.0 0.0 0.0 0.0 0.0 0.0 0.0 0.0 0.0 0.0 0.0 0.0 0.0 0.0 0.0 0.0 0.0 0.0 0.0 0.0 0.0 0.0 0.0 0.0 0.0 0.0 0.0 0.0 0.0
0.009103438937 0.008404984819 0.008941403146 0.009679693349 0.008516876072 0.008802880513 0.009170518422 0.009082756251 0.009172447852 0.009488845648 0.009171031889 0.008579187057 0.009207111521 0.008893511158 0.009119991403 0.178745349804 0.008462025456 0.009763185861 0.008866023997 0.008988361644 0.009297055269 0.008370335383 0.009945224972 0.009283428675 0.009245469646 0.009742345202 0.01005160546 0.01036247974 0.0 0.0 0.0 0.0 0.0 0.0 0.0 0.0 0.0 0.0 0.0 0.0 0.0 0.0 0.0 0.0 0.0 0.0 0.0 0.0 0.0 0.0 0.0 0.0 0.0 0.0 0.0 0.0 0.0 0.0 0.0 0.0 0.0 0.0 0.0 0.0 0.0 0.0 0.0 0.0 0.0 0.0 0.0 0.0 0.0 0.0 0.0 0.0 0.0 0.0 0.0 0.0 0.0 0.0 0.0 0.0 0.0 0.0 0.0 0.0 0.0 0.0 0.0 0.0 0.0 0.0 0.0 0.0 0.0 0.0 0.0 0.0 0.0 0.0 0.0 0.0 0.0 0.0 0.0 0.0 0.0 0.0 0.0 0.0 0.0 0.0 0.0 0.0 0.0 0.0 0.0 0.0 0.0 0.0 0.0 0.0 0.0 0.0 0.0 0.0 0.0 0.0 0.0 0.0 0.0 0.0 0.0 0.0 0.0 0.0 0.0 0.0 0.0
0.009284457194 0.01009085799 0.0094186607 0.008711390378 0.009967577404 0.009532155202 0.00935331932 0.009281639185 0.009095495676 0.008909217198 0.009140146503 0.009722138843 0.009196194478 0.00936183298 0.00921718886 0.008462025456 0.77646371317 0.008701456576 0.009436370196 0.00931327194 0.008968824246 0.01006452084 0.008562140812 0.009037260283 0.009055655976 0.008556219883 0.008355345081 0.008182900126 0.0 0.0 0.0 0.0 0.0 0.0 0.0 0.0 0.0 0.0 0.0 0.0 0.0 0.0 0.0 0.0 0.0 0.0 0.0 0.0 0.0 0.0 0.0 0.0 0.0 0.0 0.0 0.0 0.0 0.0 0.0 0.0 0.0 0.0 0.0 0.0 0.0 0.0 0.0 0.0 0.0 0.0 0.0 0.0 0.0 0.0 0.0 0.0 0.0 0.0 0.0 0.0 0.0 0.0 0.0 0.0 0.0 0.0 0.0 0.0 0.0 0.0 0.0 0.0 0.0 0.0 0.0 0.0 0.0 0.0 0.0 0.0 0.0 0.0 0.0 0.0 0.0 0.0 0.0 0.0 0.0 0.0 0.0 0.0 0.0 0.0 0.0 0.0 0.0 0.0 0.0 0.0 0.0 0.0 0.0 0.0 0.0 0.0 0.0 0.0 0.0 0.0 0.0 0.0 0.0 0.0 0.0 0.0 0.0 0.0 0.0 0.0 0.0
0.009152735683 0.008642207744 0.009051995445 0.009587188445 0.008729492642 0.008918124828 0.009255727379 0.009129697815 0.009137954235 0.009413039808 0.009178107973 0.008741557663 0.009275642519 0.00893743477 0.009159333068 0.009763185861 0.008701456576 0.298181529025 0.008990166414 0.009053941106 0.009201706082 0.008615410353 0.009807774199 0.00924792081 0.009228008174 0.009496423507 0.009639910755 0.009844727509 0.0 0.0 0.0 0.0 0.0 0.0 0.0 0.0 0.0 0.0 0.0 0.0 0.0 0.0 0.0 0.0 0.0 0.0 0.0 0.0 0.0 0.0 0.0 0.0 0.0 0.0 0.0 0.0 0.0 0.0 0.0 0.0 0.0 0.0 0.0 0.0 0.0 0.0 0.0 0.0 0.0 0.0 0.0 0.0 0.0 0.0 0.0 0.0 0.0 0.0 0.0 0.0 0.0 0.0 0.0 0.0 0.0 0.0 0.0 0.0 0.0 0.0 0.0 0.0 0.0 0.0 0.0 0.0 0.0 0.0 0.0 0.0 0.0 0.0 0.0 0.0 0.0 0.0 0.0 0.0 0.0 0.0 0.0 0.0 0.0 0.0 0.0 0.0 0.0 0.0 0.0 0.0 0.0 0.0 0.0 0.0 0.0 0.0 0.0 0.0 0.0 0.0 0.0 0.0 0.0 0.0 0.0 0.0 0.0 0.0 0.0 0.0 0.0
0.00917629851 0.009473245459 0.00929405649 0.008992348803 0.009405528669 0.009326008097 0.009155779074 0.009207636364 0.009192322185 0.009106624036 0.009234950151 0.00945788704 0.009187923067 0.009310287314 0.009232258012 0.008866023997 0.009436370196 0.008990166414 0.428814042109 0.009307488207 0.009123969624 0.009510882005 0.008920505007 0.00914777261 0.009169655927 0.008903153706 0.008809265481 0.008715144666 0.0 0.0 0.0 0.0 0.0 0.0 0.0 0.0 0.0 0.0 0.0 0.0 0.0 0.0 0.0 0.0 0.0 0.0 0.0 0.0 0.0 0.0 0.0 0.0 0.0 0.0 0.0 0.0 0.0 0.0 0.0 0.0 0.0 0.0 0.0 0.0 0.0 0.0 0.0 0.0 0.0 0.0 0.0 0.0 0.0 0.0 0.0 0.0 0.0 0.0 0.0 0.0 0.0 0.0 0.0 0.0 0.0 0.0 0.0 0.0 0.0 0.0 0.0 0.0 0.0 0.0 0.0 0.0 0.0 0.0 0.0 0.0 0.0 0.0 0.0 0.0 0.0 0.0 0.0 0.0 0.0 0.0 0.0 0.0 0.0 0.0 0.0 0.0 0.0 0.0 0.0 0.0 0.0 0.0 0.0 0.0 0.0 0.0 0.0 0.0 0.0 0.0 0.0 0.0 0.0 0.0 0.0 0.0 0.0 0.0 0.0 0.0 0.0
0.009139363929 0.009354832578 0.009234741133 0.009040993444 0.009298373924 0.009262646992 0.0091017079 0.009185194774 0.009224681408 0.009162297207 0.009249017438 0.009389099739 0.009150963643 0.009291954048 0.009229026082 0.008988361644 0.00931327194 0.009053941106 0.009307488207 0.37916893305 0.00918428935 0.009392315637 0.009006311176 0.009180391966 0.009193056693 0.009026443827 0.008971330446 0.008891355737 0.0 0.0 0.0 0.0 0.0 0.0 0.0 0.0 0.0 0.0 0.0 0.0 0.0 0.0 0.0 0.0 0.0 0.0 0.0 0.0 0.0 0.0 0.0 0.0 0.0 0.0 0.0 0.0 0.0 0.0 0.0 0.0 0.0 0.0 0.0 0.0 0.0 0.0 0.0 0.0 0.0 0.0 0.0 0.0 0.0 0.0 0.0 0.0 0.0 0.0 0.0 0.0 0.0 0.0 0.0 0.0 0.0 0.0 0.0 0.0 0.0 0.0 0.0 0.0 0.0 0.0 0.0 0.0 0.0 0.0 0.0 0.0 0.0 0.0 0.0 0.0 0.0 0.0 0.0 0.0 0.0 0.0 0.0 0.0 0.0 0.0 0.0 0.0 0.0 0.0 0.0 0.0 0.0 0.0 0.0 0.0 0.0 0.0 0.0 0.0 0.0 0.0 0.0 0.0 0.0 0.0 0.0 0.0 0.0 0.0 0.0 0.0 0.0
0.009105690001 0.008985179975 0.009080203754 0.009189738114 0.009029495081 0.00910772967 0.009017501884 0.009146101125 0.009307707296 0.009248666295 0.009223106531 0.009138011366 0.009074152149 0.009240123991 0.009199941613 0.009297055269 0.008968824246 0.009201706082 0.009123969624 0.00918428935 0.24682242532 0.009018284933 0.009206421826 0.009267633057 0.009244342767 0.009457477901 0.009479925121 0.009438043311 0.0 0.0 0.0 0.0 0.0 0.0 0.0 0.0 0.0 0.0 0.0 0.0 0.0 0.0 0.0 0.0 0.0 0.0 0.0 0.0 0.0 0.0 0.0 0.0 0.0 0.0 0.0 0.0 0.0 0.0 0.0 0.0 0.0 0.0 0.0 0.0 0.0 0.0 0.0 0.0 0.0 0.0 0.0 0.0 0.0 0.0 0.0 0.0 0.0 0.0 0.0 0.0 0.0 0.0 0.0 0.0 0.0 0.0 0.0 0.0 0.0 0.0 0.0 0.0 0.0 0.0 0.0 0.0 0.0 0.0 0.0 0.0 0.0 0.0 0.0 0.0 0.0 0.0 0.0 0.0 0.0 0.0 0.0 0.0 0.0 0.0 0.0 0.0 0.0 0.0 0.0 0.0 0.0 0.0 0.0 0.0 0.0 0.0 0.0 0.0 0.0 0.0 0.0 0.0 0.0 0.0 0.0 0.0 0.0 0.0 0.0 0.0 0.0
0.009173642943 0.01018254028 0.009417208404 0.008593359772 0.009950333445 0.009580071915 0.009149401471 0.00925414417 0.009153843598 0.008930482572 0.009195999672 0.009919926257 0.009090039449 0.009481997086 0.009202538197 0.008370335383 0.01006452084 0.008615410353 0.009510882005 0.009392315637 0.009018284933 0.886646430118 0.008439024434 0.009035050616 0.009059058957 0.008519318733 0.008349329124 0.008106142526 0.0 0.0 0.0 0.0 0.0 0.0 0.0 0.0 0.0 0.0 0.0 0.0 0.0 0.0 0.0 0.0 0.0 0.0 0.0 0.0 0.0 0.0 0.0 0.0 0.0 0.0 0.0 0.0 0.0 0.0 0.0 0.0 0.0 0.0 0.0 0.0 0.0 0.0 0.0 0.0 0.0 0.0 0.0 0.0 0.0 0.0 0.0 0.0 0.0 0.0 0.0 0.0 0.0 0.0 0.0 0.0 0.0 0.0 0.0 0.0 0.0 0.0 0.0 0.0 0.0 0.0 0.0 0.0 0.0 0.0 0.0 0.0 0.0 0.0 0.0 0.0 0.0 0.0 0.0 0.0 0.0 0.0 0.0 0.0 0.0 0.0 0.0 0.0 0.0 0.0 0.0 0.0 0.0 0.0 0.0 0.0 0.0 0.0 0.0 0.0 0.0 0.0 0.0 0.0 0.0 0.0 0.0 0.0 0.0 0.0 0.0 0.0 0.0
0.009205921826 0.00850946849 0.009056324378 0.009786973874 0.008604460566 0.008894799234 0.00930002756 0.009154021822 0.00910060715 0.009435781692 0.009175575206 0.008595750041 0.009352944467 0.008879130957 0.009128598374 0.009945224972 0.008562140812 0.009807774199 0.008920505007 0.009006311176 0.009206421826 0.008439024434 0.212741000602 0.009241635654 0.009246292233 0.00963258326 0.009748685042 0.01000719191 0.0 0.0 0.0 0.0 0.0 0.0 0.0 0.0 0.0 0.0 0.0 0.0 0.0 0.0 0.0 0.0 0.0 0.0 0.0 0.0 0.0 0.0 0.0 0.0 0.0 0.0 0.0 0.0 0.0 0.0 0.0 0.0 0.0 0.0 0.0 0.0 0.0 0.0 0.0 0.0 0.0 0.0 0.0 0.0 0.0 0.0 0.0 0.0 0.0 0.0 0.0 0.0 0.0 0.0 0.0 0.0 0.0 0.0 0.0 0.0 0.0 0.0 0.0 0.0 0.0 0.0 0.0 0.0 0.0 0.0 0.0 0.0 0.0 0.0 0.0 0.0 0.0 0.0 0.0 0.0 0.0 0.0 0.0 0.0 0.0 0.0 0.0 0.0 0.0 0.0 0.0 0.0 0.0 0.0 0.0 0.0 0.0 0.0 0.0 0.0 0.0 0.0 0.0 0.0 0.0 0.0 0.0 0.0 0.0 0.0 0.0 0.0 0.0
0.009131413772 0.009003604591 0.009109430518 0.009208445512 0.009062351911 0.009094928692 0.009109607059 0.009148305962 0.00924957125 0.00925033713 0.009205491726 0.009112598119 0.009135600862 0.009176281667 0.00921629367 0.009283428675 0.009037260283 0.00924792081 0.00914777261 0.009180391966 0.009267633057 0.009035050616 0.009241635654 0.318706547225 0.009225494557 0.009310566184 0.009347814054 0.009358745561 0.0 0.0 0.0 0.0 0.0 0.0 0.0 0.0 0.0 0.0 0.0 0.0 0.0 0.0 0.0 0.0 0.0 0.0 0.0 0.0 0.0 0.0 0.0 0.0 0.0 0.0 0.0 0.0 0.0 0.0 0.0 0.0 0.0 0.0 0.0 0.0 0.0 0.0 0.0 0.0 0.0 0.0 0.0 0.0 0.0 0.0 0.0 0.0 0.0 0.0 0.0 0.0 0.0 0.0 0.0 0.0 0.0 0.0 0.0 0.0 0.0 0.0 0.0 0.0 0.0 0.0 0.0 0.0 0.0 0.0 0.0 0.0 0.0 0.0 0.0 0.0 0.0 0.0 0.0 0.0 0.0 0.0 0.0 0.0 0.0 0.0 0.0 0.0 0.0 0.0 0.0 0.0 0.0 0.0 0.0 0.0 0.0 0.0 0.0 0.0 0.0 0.0 0.0 0.0 0.0 0.0 0.0 0.0 0.0 0.0 0.0 0.0 0.0
0.00918067488 0.009054088824 0.009162556523 0.009265560647 0.009088968241 0.00915110836 0.009139020023 0.009189034413 0.009228756445 0.009207124031 0.009216330419 0.009122848274 0.009186845633 0.009188922579 0.009206317927 0.009245469646 0.009055655976 0.009228008174 0.009169655927 0.009193056693 0.009244342767 0.009059058957 0.009246292233 0.009225494557 0.252536061881 0.009295850293 0.009242953967 0.009244273128 0.0 0.0 0.0 0.0 0.0 0.0 0.0 0.0 0.0 0.0 0.0 0.0 0.0 0.0 0.0 0.0 0.0 0.0 0.0 0.0 0.0 0.0 0.0 0.0 0.0 0.0 0.0 0.0 0.0 0.0 0.0 0.0 0.0 0.0 0.0 0.0 0.0 0.0 0.0 0.0 0.0 0.0 0.0 0.0 0.0 0.0 0.0 0.0 0.0 0.0 0.0 0.0 0.0 0.0 0.0 0.0 0.0 0.0 0.0 0.0 0.0 0.0 0.0 0.0 0.0 0.0 0.0 0.0 0.0 0.0 0.0 0.0 0.0 0.0 0.0 0.0 0.0 0.0 0.0 0.0 0.0 0.0 0.0 0.0 0.0 0.0 0.0 0.0 0.0 0.0 0.0 0.0 0.0 0.0 0.0 0.0 0.0 0.0 0.0 0.0 0.0 0.0 0.0 0.0 0.0 0.0 0.0 0.0 0.0 0.0 0.0 0.0 0.0
0.009166303029 0.008540888097 0.008985686482 0.00955549569 0.008693297769 0.008959590395 0.009066089351 0.009159090418 0.009287972926 0.009332773637 0.009161750575 0.008737367473 0.009138712196 0.009087077929 0.009126827569 0.009742345202 0.008556219883 0.009496423507 0.008903153706 0.009026443827 0.009457477901 0.008519318733 0.00963258326 0.009310566184 0.009295850293 0.173277593545 0.009940472826 0.01002506901 0.0 0.0 0.0 0.0 0.0 0.0 0.0 0.0 0.0 0.0 0.0 0.0 0.0 0.0 0.0 0.0 0.0 0.0 0.0 0.0 0.0 0.0 0.0 0.0 0.0 0.0 0.0 0.0 0.0 0.0 0.0 0.0 0.0 0.0 0.0 0.0 0.0 0.0 0.0 0.0 0.0 0.0 0.0 0.0 0.0 0.0 0.0 0.0 0.0 0.0 0.0 0.0 0.0 0.0 0.0 0.0 0.0 0.0 0.0 0.0 0.0 0.0 0.0 0.0 0.0 0.0 0.0 0.0 0.0 0.0 0.0 0.0 0.0 0.0 0.0 0.0 0.0 0.0 0.0 0.0 0.0 0.0 0.0 0.0 0.0 0.0 0.0 0.0 0.0 0.0 0.0 0.0 0.0 0.0 0.0 0.0 0.0 0.0 0.0 0.0 0.0 0.0 0.0 0.0 0.0 0.0 0.0 0.0 0.0 0.0 0.0 0.0 0.0
0.008984789374 0.008318177984 0.008792045853 0.009472087598 0.008469083612 0.008716002846 0.009017651904 0.008993139497 0.009319062448 0.009502594809 0.009156579751 0.008641557239 0.00898425403 0.00898759308 0.009122793007 0.01005160546 0.008355345081 0.009639910755 0.008809265481 0.008971330446 0.009479925121 0.008349329124 0.009748685042 0.009347814054 0.009242953967 0.009940472826 0.176637430107 0.01077282659 0.0 0.0 0.0 0.0 0.0 0.0 0.0 0.0 0.0 0.0 0.0 0.0 0.0 0.0 0.0 0.0 0.0 0.0 0.0 0.0 0.0 0.0 0.0 0.0 0.0 0.0 0.0 0.0 0.0 0.0 0.0 0.0 0.0 0.0 0.0 0.0 0.0 0.0 0.0 0.0 0.0 0.0 0.0 0.0 0.0 0.0 0.0 0.0 0.0 0.0 0.0 0.0 0.0 0.0 0.0 0.0 0.0 0.0 0.0 0.0 0.0 0.0 0.0 0.0 0.0 0.0 0.0 0.0 0.0 0.0 0.0 0.0 0.0 0.0 0.0 0.0 0.0 0.0 0.0 0.0 0.0 0.0 0.0 0.0 0.0 0.0 0.0 0.0 0.0 0.0 0.0 0.0 0.0 0.0 0.0 0.0 0.0 0.0 0.0 0.0 0.0 0.0 0.0 0.0 0.0 0.0 0.0 0.0 0.0 0.0 0.0 0.0 0.0
0.008995585822 0.008092368742 0.008742899145 0.009651105432 0.008296761011 0.008600897602 0.009090663068 0.008973579627 0.009260898695 0.0095701069 0.009126689874 0.00842258283 0.009039932663 0.008850526544 0.009102842573 0.01036247974 0.008182900126 0.009844727509 0.008715144666 0.008891355737 0.009438043311 0.008106142526 0.01000719191 0.009358745561 0.009244273128 0.01002506901 0.01077282659 0.147942163805 0.0 0.0 0.0 0.0 0.0 0.0 0.0 0.0 0.0 0.0 0.0 0.0 0.0 0.0 0.0 0.0 0.0 0.0 0.0 0.0 0.0 0.0 0.0 0.0 0.0 0.0 0.0 0.0 0.0 0.0 0.0 0.0 0.0 0.0 0.0 0.0 0.0 0.0 0.0 0.0 0.0 0.0 0.0 0.0 0.0 0.0 0.0 0.0 0.0 0.0 0.0 0.0 0.0 0.0 0.0 0.0 0.0 0.0 0.0 0.0 0.0 0.0 0.0 0.0 0.0 0.0 0.0 0.0 0.0 0.0 0.0 0.0 0.0 0.0 0.0 0.0 0.0 0.0 0.0 0.0 0.0 0.0 0.0 0.0 0.0 0.0 0.0 0.0 0.0 0.0 0.0 0.0 0.0 0.0 0.0 0.0 0.0 0.0 0.0 0.0 0.0 0.0 0.0 0.0 0.0 0.0 0.0 0.0 0.0 0.0 0.0 0.0 0.0
0.0 0.0 0.0 0.0 0.0 0.0 0.0 0.0 0.0 0.0 0.0 0.0 0.0 0.0 0.0 0.0 0.0 0.0 0.0 0.0 0.0 0.0 0.0 0.0 0.0 0.0 0.0 0.0 0.268257560487 0.003815127716 0.003829998247 0.003821187658 0.003806248743 0.003836417506 0.003751636847 0.003830413307 0.003834933125 0.003682097278 0.003757531185 0.003812863225 0.003835911385 0.003832519384 0.003784997293 0.003788567645 0.003754411374 0.003688898618 0.003735199697 0.003730842472 0.003770108269 0.003655314047 0.003758717834 0.003755247816 0.00376266566 0.003693894709 0.003759681597 0.003770848208 0.003755683855 0.003743736289 0.003783268108 0.003698606081 0.003773752919 0.003747435235 0.003771540577 0.003766710074 0.003728933546 0.003749838729 0.003756264149 0.003755636059 0.003752208354 0.00373802062 0.003759870117 0.003758843244 0.003771254343 0.003773466958 0.003730237089 0.003764140802 0.003605950203 0.0 0.0 0.0 0.0 0.0 0.0 0.0 0.0 0.0 0.0 0.0 0.0 0.0 0.0 0.0 0.0 0.0 0.0 0.0 0.0 0.0 0.0 0.0 0.0 0.0 0.0 0.0 0.0 0.0 0.0 0.0 0.0 0.0 0.0 0.0 0.0 0.0 0.0 0.0 0.0 0.0 0.0 0.0 0.0 0.0 0.0 0.0 0.0 0.0 0.0 0.0 0.0 0.0 0.0 0.0 0.0 0.0 0.0 0.0 0.0 0.0 0.0 0.0 0.0
0.0 0.0 0.0 0.0 0.0 0.0 0.0 0.0 0.0 0.0 0.0 0.0 0.0 0.0 0.0 0.0 0.0 0.0 0.0 0.0 0.0 0.0 0.0 0.0 0.0 0.0 0.0 0.0 0.003815127716 0.34378230017 0.003842581467 0.003822226481 0.003793116435 0.003876928962 0.003911602047 0.003855921574 0.003826625433 0.003611436478 0.003883521913 0.003827063296 0.003886229481 0.003830032949 0.003786885436 0.003864646207 0.003889707627 0.003640666371 0.003719529376 0.003730904124 0.003843976119 0.00365273496 0.003825849431 0.003834759392 0.003843776527 0.003897688395 0.00387153639 0.003762062064 0.003760216371 0.003799747564 0.003846930844 0.003668963631 0.003837566615 0.00374267324 0.003763062589 0.003786867115 0.003726982143 0.003754740519 0.003754165682 0.00376687369 0.00388911081 0.003727107753 0.003749565269 0.003777511036 0.003784295017 0.003827728187 0.003644832817 0.003803541583 0.003447982269 0.0 0.0 0.0 0.0 0.0 0.0 0.0 0.0 0.0 0.0 0.0 0.0 0.0 0.0 0.0 0.0 0.0 0.0 0.0 0.0 0.0 0.0 0.0 0.0 0.0 0.0 0.0 0.0 0.0 0.0 0.0 0.0 0.0 0.0 0.0 0.0 0.0 0.0 0.0 0.0 0.0 0.0 0.0 0.0 0.0 0.0 0.0 0.0 0.0 0.0 0.0 0.0 0.0 0.0 0.0 0.0 0.0 0.0 0.0 0.0 0.0 0.0 0.0 0.0
0.0 0.0 0.0 0.0 0.0 0.0 0.0 0.0 0.0 0.0 0.0 0.0 0.0 0.0 0.0 0.0 0.0 0.0 0.0 0.0 0.0 0.0 0.0 0.0 0.0 0.0 0.0 0.0 0.003829998247 0.003842581467 0.134352710564 0.003823753301 0.003778153916 0.00390031097 0.00392798532 0.003862895684 0.003828564854 0.003610341939 0.003898195964 0.00383261759 0.003902679204 0.003836769182 0.003797740938 0.003901046573 0.00390156341 0.003630843315 0.00372079052 0.003735564611 0.003857644604 0.003747211857 0.003851578597 0.003859229027 0.003864078507 0.003884956663 0.003898719195 0.003728925677 0.003776680314 0.003783454855 0.003838093599 0.003649530699 0.003846221805 0.003727002487 0.003757569911 0.003771796229 0.003726988215 0.003755749331 0.003765379342 0.003772253585 0.003903396058 0.003714733118 0.003718659534 0.003774301308 0.003790722564 0.003846377054 0.003677554415 0.003822106312 0.003451424678 0.0 0.0 0.0 0.0 0.0 0.0 0.0 0.0 0.0 0.0 0.0 0.0 0.0 0.0 0.0 0.0 0.0 0.0 0.0 0.0 0.0 0.0 0.0 0.0 0.0 0.0 0.0 0.0 0.0 0.0 0.0 0.0 0.0 0.0 0.0 0.0 0.0 0.0 0.0 0.0 0.0 0.0 0.0 0.0 0.0 0.0 0.0 0.0 0.0 0.0 0.0 0.0 0.0 0.0 0.0 0.0 0.0 0.0 0.0 0.0 0.0 0.0 0.0 0.0
0.0 0.0 0.0 0.0 0.0 0.0 0.0 0.0 0.0 0.0 0.0 0.0 0.0 0.0 0.0 0.0 0.0 0.0 0.0 0.0 0.0 0.0 0.0 0.0 0.0 0.0 0.0 0.0 0.003821187658 0.003822226481 0.003823753301 0.234422181709 0.003818043425 0.003822014747 0.003746962352 0.003826157877 0.00383168559 0.003676620256 0.003748059441 0.003813923513 0.00382566055 0.003830724977 0.003782774423 0.003761187301 0.003749548358 0.003690219908 0.003733472848 0.003724534809 0.003762909281 0.003802807799 0.003744114092 0.003742003935 0.00375089786 0.003707732995 0.003733107233 0.00379610674 0.003744969354 0.003755299962 0.0037915106 0.003709308718 0.003768905636 0.003760616927 0.003777426587 0.003778800515 0.003726616734 0.003749953253 0.003748163196 0.003752491533 0.003742936624 0.003746302788 0.003782595109 0.003761801819 0.003770603637 0.003766820364 0.003696816334 0.003753645415 0.003592649026 0.0 0.0 0.0 0.0 0.0 0.0 0.0 0.0 0.0 0.0 0.0 0.0 0.0 0.0 0.0 0.0 0.0 0.0 0.0 0.0 0.0 0.0 0.0 0.0 0.0 0.0 0.0 0.0 0.0 0.0 0.0 0.0 0.0 0.0 0.0 0.0 0.0 0.0 0.0 0.0 0.0 0.0 0.0 0.0 0.0 0.0 0.0 0.0 0.0 0.0 0.0 0.0 0.0 0.0 0.0 0.0 0.0 0.0 0.0 0.0 0.0 0.0 0.0 0.0
0.0 0.0 0.0 0.0 0.0 0.0 0.0 0.0 0.0 0.0 0.0 0.0 0.0 0.0 0.0 0.0 0.0 0.0 0.0 0.0 0.0 0.0 0.0 0.0 0.0 0.0 0.0 0.0 0.003806248743 0.003793116435 0.003778153916 0.003818043425 0.238477894616 0.003689804054 0.003454997112 0.003743062898 0.003828540281 0.00379038163 0.003512772747 0.003784282042 0.003687074253 0.003814961213 0.003759408477 0.003543867625 0.003506862202 0.003794509908 0.003756054731 0.003717967302 0.003607075751 0.003626042756 0.003577245116 0.003553293828 0.003562447079 0.00342903281 0.003468273935 0.003935022607 0.003699490363 0.003701397397 0.003689579252 0.003814204024 0.003636311721 0.003802115282 0.003819271174 0.003789594919 0.003716809984 0.003747671988 0.003733194924 0.003720887281 0.003487028652 0.003810649792 0.003912941655 0.003733749831 0.003748570638 0.003639059136 0.003756667747 0.00363562262 0.003804336392 0.0 0.0 0.0 0.0 0.0 0.0 0.0 0.0 0.0 0.0 0.0 0.0 0.0 0.0 0.0 0.0 0.0 0.0 0.0 0.0 0.0 0.0 0.0 0.0 0.0 0.0 0.0 0.0 0.0 0.0 0.0 0.0 0.0 0.0 0.0 0.0 0.0 0.0 0.0 0.0 0.0 0.0 0.0 0.0 0.0 0.0 0.0 0.0 0.0 0.0 0.0 0.0 0.0 0.0 0.0 0.0 0.0 0.0 0.0 0.0 0.0 0.0 0.0 0.0
0.0 0.0 0.0 0.0 0.0 0.0 0.0 0.0 0.0 0.0 0.0 0.0 0.0 0.0 0.0 0.0 0.0 0.0 0.0 0.0 0.0 0.0 0.0 0.0 0.0 0.0 0.0 0.0 0.003836417506 0.003876928962 0.00390031097 0.003822014747 0.003689804054 0.335157479223 0.004312753312 0.003992217171 0.003860367502 0.003470524937 0.004205670058 0.003862913201 0.004094505257 0.003863993188 0.003808916619 0.004181364605 0.004222126258 0.003505545735 0.003677956345 0.003723552224 0.00403772092 0.003900527811 0.004039960786 0.004079745813 0.004084986375 0.004279338337 0.004235253438 0.003602251579 0.003799636453 0.003845928139 0.003955424882 0.003533958397 0.003990017214 0.003675752269 0.003704651864 0.00376195046 0.003718654079 0.003744877226 0.003768392374 0.003793352529 0.004239998581 0.003640141897 0.003598276334 0.003789524214 0.003800612832 0.004000515128 0.003565974442 0.003932302348 0.003196308597 0.0 0.0 0.0 0.0 0.0 0.0 0.0 0.0 0.0 0.0 0.0 0.0 0.0 0.0 0.0 0.0 0.0 0.0 0.0 0.0 0.0 0.0 0.0 0.0 0.0 0.0 0.0 0.0 0.0 0.0 0.0 0.0 0.0 0.0 0.0 0.0 0.0 0.0 0.0 0.0 0.0 0.0 0.0 0.0 0.0 0.0 0.0 0.0 0.0 0.0 0.0 0.0 0.0 0.0 0.0 0.0 0.0 0.0 0.0 0.0 0.0 0.0 0.0 0.0
0.0 0.0 0.0 0.0 0.0 0.0 0.0 0.0 0.0 0.0 0.0 0.0 0.0 0.0 0.0 0.0 0.0 0.0 0.0 0.0 0.0 0.0 0.0 0.0 0.0 0.0 0.0 0.0 0.003751636847 0.003911602047 0.00392798532 0.003746962352 0.003454997112 0.004312753312 6.12925344332 0.004105801711 0.003795456221 0.003224854751 0.004974732938 0.003862664809 0.004382939037 0.003817974509 0.003791549278 0.004925171504 0.005067914488 0.003289242569 0.003599830476 0.003758332683 0.004464071881 0.001391618914 0.004512974502 0.004618005391 0.004585416069 0.005506124073 0.005351361086 0.003319377649 0.003868435789 0.004022017184 0.004186704189 0.003350638444 0.004315649038 0.003545545349 0.003567790036 0.003718754584 0.003728004607 0.003742622599 0.003778347173 0.003855990838 0.005132355349 0.003513164082 0.003345646778 0.003826897239 0.003833374774 0.00439244977 0.00333893416 0.004184978857 0.002726193514 0.0 0.0 0.0 0.0 0.0 0.0 0.0 0.0 0.0 0.0 0.0 0.0 0.0 0.0 0.0 0.0 0.0 0.0 0.0 0.0 0.0 0.0 0.0 0.0 0.0 0.0 0.0 0.0 0.0 0.0 0.0 0.0 0.0 0.0 0.0 0.0 0.0 0.0 0.0 0.0 0.0 0.0 0.0 0.0 0.0 0.0 0.0 0.0 0.0 0.0 0.0 0.0 0.0 0.0 0.0 0.0 0.0 0.0 0.0 0.0 0.0 0.0 0.0 0.0
0.0 0.0 0.0 0.0 0.0 0.0 0.0 0.0 0.0 0.0 0.0 0.0 0.0 0.0 0.0 0.0 0.0 0.0 0.0 0.0 0.0 0.0 0.0 0.0 0.0 0.0 0.0 0.0 0.003830413307 0.003855921574 0.003862895684 0.003826157877 0.003743062898 0.003992217171 0.004105801711 0.50267018768 0.003890913726 0.003547394915 0.004031278764 0.00384587117 0.004031528247 0.003871350731 0.003785790236 0.004008095403 0.004039316238 0.00357249423 0.003681866302 0.003695984256 0.003917350167 0.003754605473 0.003895885645 0.003922010845 0.003937012822 0.004063451124 0.004059354424 0.003688971417 0.003742628801 0.003808619815 0.003907606653 0.003603180451 0.003887494006 0.003709384193 0.003725597601 0.003771039308 0.00370520588 0.003726960377 0.003739286991 0.003759335069 0.004046325342 0.003673529673 0.003678348049 0.003765990564 0.003766074896 0.003902818682 0.003570731076 0.003834467897 0.003370540058 0.0 0.0 0.0 0.0 0.0 0.0 0.0 0.0 0.0 0.0 0.0 0.0 0.0 0.0 0.0 0.0 0.0 0.0 0.0 0.0 0.0 0.0 0.0 0.0 0.0 0.0 0.0 0.0 0.0 0.0 0.0 0.0 0.0 0.0 0.0 0.0 0.0 0.0 0.0 0.0 0.0 0.0 0.0 0.0 0.0 0.0 0.0 0.0 0.0 0.0 0.0 0.0 0.0 0.0 0.0 0.0 0.0 0.0 0.0 0.0 0.0 0.0 0.0 0.0
0.0 0.0 0.0 0.0 0.0 0.0 0.0 0.0 0.0 0.0 0.0 0.0 0.0 0.0 0.0 0.0 0.0 0.0 0.0 0.0 0.0 0.0 0.0 0.0 0.0 0.0 0.0 0.0 0.003834933125 0.003826625433 0.003828564854 0.00383168559 0.003828540281 0.003860367502 0.003795456221 0.003890913726 0.277271552739 0.003668209876 0.003775777206 0.003823556921 0.003879182182 0.003870395178 0.003766252816 0.003785457329 0.003774994299 0.003679817478 0.003705482322 0.003691287755 0.003754179181 0.003726021701 0.003728930844 0.003732852419 0.003741948527 0.003766320176 0.003758784912 0.003811186104 0.003707358817 0.003741673881 0.003788970318 0.003704116221 0.003752949112 0.003746332887 0.003761877278 0.003770848479 0.003697821357 0.00372509869 0.003728368805 0.003727733879 0.003768070247 0.003732438371 0.00379350238 0.003733982685 0.003745839547 0.00376392776 0.003648541222 0.003720280679 0.003609466004 0.0 0.0 0.0 0.0 0.0 0.0 0.0 0.0 0.0 0.0 0.0 0.0 0.0 0.0 0.0 0.0 0.0 0.0 0.0 0.0 0.0 0.0 0.0 0.0 0.0 0.0 0.0 0.0 0.0 0.0 0.0 0.0 0.0 0.0 0.0 0.0 0.0 0.0 0.0 0.0 0.0 0.0 0.0 0.0 0.0 0.0 0.0 0.0 0.0 0.0 0.0 0.0 0.0 0.0 0.0 0.0 0.0 0.0 0.0 0.0 0.0 0.0 0.0 0.0
0.0 0.0 0.0 0.0 0.0 0.0 0.0 0.0 0.0 0.0 0.0 0.0 0.0 0.0 0.0 0.0 0.0 0.0 0.0 0.0 0.0 0.0 0.0 0.0 0.0 0.0 0.0 0.0 0.003682097278 0.003611436478 0.003610341939 0.003676620256 0.00379038163 0.003470524937 0.003224854751 0.003547394915 0.003668209876 0.182624315365 0.003336502751 0.003649365186 0.003452143372 0.003660895555 0.003701961494 0.003365449404 0.00331173339 0.004017085106 0.003830053114 0.003785742168 0.003479397716 0.003749430687 0.003485989292 0.003445185369 0.003437734258 0.003153017854 0.003308407066 0.003853510593 0.003709926152 0.003639693006 0.003539014167 0.003967186718 0.003512946681 0.003804318664 0.003786809708 0.003723367574 0.003789825227 0.00375527678 0.003746360921 0.003711610282 0.003290788494 0.003853008098 0.003860460089 0.003704373064 0.003696902008 0.00352303166 0.003977751528 0.003579175248 0.004397717798 0.0 0.0 0.0 0.0 0.0 0.0 0.0 0.0 0.0 0.0 0.0 0.0 0.0 0.0 0.0 0.0 0.0 0.0 0.0 0.0 0.0 0.0 0.0 0.0 0.0 0.0 0.0 0.0 0.0 0.0 0.0 0.0 0.0 0.0 0.0 0.0 0.0 0.0 0.0 0.0 0.0 0.0 0.0 0.0 0.0 0.0 0.0 0.0 0.0 0.0 0.0 0.0 0.0 0.0 0.0 0.0 0.0 0.0 0.0 0.0 0.0 0.0 0.0 0.0
0.0 0.0 0.0 0.0 0.0 0.0 0.0 0.0 0.0 0.0 0.0 0.0 0.0 0.0 0.0 0.0 0.0 0.0 0.0 0.0 0.0 0.0 0.0 0.0 0.0 0.0 0.0 0.0 0.003757531185 0.003883521913 0.003898195964 0.003748059441 0.003512772747 0.004205670058 0.004974732938 0.004031278764 0.003775777206 0.003336502751 3.75504376537 0.003868618565 0.004238284347 0.003805013887 0.003820030826 0.00463560392 0.004752697913 0.00339320435 0.003651234932 0.003772847046 0.004334341596 0.004930317659 0.004373119945 0.00446835373 0.004450539994 0.005166235566 0.004853585022 0.003400194968 0.003866897425 0.003980641501 0.00409893708 0.003424838338 0.004222821189 0.003607818736 0.003614691775 0.003739114614 0.003749497458 0.003769551916 0.003794569659 0.00384737319 0.004803669509 0.0035615722 0.00340887977 0.003830903109 0.003838987131 0.004196788215 0.003446379692 0.004132412661 0.002912432863 0.0 0.0 0.0 0.0 0.0 0.0 0.0 0.0 0.0 0.0 0.0 0.0 0.0 0.0 0.0 0.0 0.0 0.0 0.0 0.0 0.0 0.0 0.0 0.0 0.0 0.0 0.0 0.0 0.0 0.0 0.0 0.0 0.0 0.0 0.0 0.0 0.0 0.0 0.0 0.0 0.0 0.0 0.0 0.0 0.0 0.0 0.0 0.0 0.0 0.0 0.0 0.0 0.0 0.0 0.0 0.0 0.0 0.0 0.0 0.0 0.0 0.0 0.0 0.0
0.0 0.0 0.0 0.0 0.0 0.0 0.0 0.0 0.0 0.0 0.0 0.0 0.0 0.0 0.0 0.0 0.0 0.0 0.0 0.0 0.0 0.0 0.0 0.0 0.0 0.0 0.0 0.0 0.003812863225 0.003827063296 0.00383261759 0.003813923513 0.003784282042 0.003862913201 0.003862664809 0.00384587117 0.003823556921 0.003649365186 0.003868618565 0.378560516681 0.003872368904 0.003834622831 0.003796508981 0.003846357059 0.003855673723 0.003663364326 0.003729233933 0.003734847968 0.003828006324 0.003871563742 0.003815534799 0.003819462225 0.003827685857 0.003890349995 0.003836666834 0.003749790887 0.003761707998 0.003779349316 0.003821669767 0.003679695047 0.003819038575 0.003742890164 0.003761481444 0.003776357745 0.003731198905 0.003754627847 0.003756432163 0.003764434885 0.003853192248 0.003726789639 0.003739189874 0.003770770724 0.00378284161 0.003813825007 0.003676688842 0.003797848916 0.003522798017 0.0 0.0 0.0 0.0 0.0 0.0 0.0 0.0 0.0 0.0 0.0 0.0 0.0 0.0 0.0 0.0 0.0 0.0 0.0 0.0 0.0 0.0 0.0 0.0 0.0 0.0 0.0 0.0 0.0 0.0 0.0 0.0 0.0 0.0 0.0 0.0 0.0 0.0 0.0 0.0 0.0 0.0 0.0 0.0 0.0 0.0 0.0 0.0 0.0 0.0 0.0 0.0 0.0 0.0 0.0 0.0 0.0 0.0 0.0 0.0 0.0 0.0 0.0 0.0
0.0 0.0 0.0 0.0 0.0 0.0 0.0 0.0 0.0 0.0 0.0 0.0 0.0 0.0 0.0 0.0 0.0 0.0 0.0 0.0 0.0 0.0 0.0 0.0 0.0 0.0 0.0 0.0 0.003835911385 0.003886229481 0.003902679204 0.00382566055 0.003687074253 0.004094505257 0.004382939037 0.004031528247 0.003879182182 0.003452143372 0.004238284347 0.003872368904 0.32608530794 0.003876781191 0.003810622251 0.004204362984 0.004259657393 0.003488648273 0.003668358191 0.003710907626 0.004052862048 0.003821028463 0.004045587481 0.004089117049 0.004098304721 0.004403319926 0.004264097532 0.00359764547 0.003785349753 0.003856072296 0.003981518733 0.00352231982 0.00399687534 0.003673443802 0.003701664105 0.003769335591 0.003712214928 0.003736519342 0.003758791962 0.003790669364 0.004277119678 0.00363240753 0.003591928033 0.00379106906 0.00379339186 0.004017258662 0.003529137491 0.003932869874 0.003159026842 0.0 0.0 0.0 0.0 0.0 0.0 0.0 0.0 0.0 0.0 0.0 0.0 0.0 0.0 0.0 0.0 0.0 0.0 0.0 0.0 0.0 0.0 0.0 0.0 0.0 0.0 0.0 0.0 0.0 0.0 0.0 0.0 0.0 0.0 0.0 0.0 0.0 0.0 0.0 0.0 0.0 0.0 0.0 0.0 0.0 0.0 0.0 0.0 0.0 0.0 0.0 0.0 0.0 0.0 0.0 0.0 0.0 0.0 0.0 0.0 0.0 0.0 0.0 0.0
0.0 0.0 0.0 0.0 0.0 0.0 0.0 0.0 0.0 0.0 0.0 0.0 0.0 0.0 0.0 0.0 0.0 0.0 0.0 0.0 0.0 0.0 0.0 0.0 0.0 0.0 0.0 0.0 0.003832519384 0.003830032949 0.003836769182 0.003830724977 0.003814961213 0.003863993188 0.003817974509 0.003871350731 0.003870395178 0.003660895555 0.003805013887 0.003834622831 0.003876781191 0.413144382821 0.00378488586 0.003816374558 0.003797591353 0.003670644567 0.00371555383 0.003707806865 0.003783648603 0.003717497546 0.003762396647 0.003765378079 0.003774593537 0.003713295891 0.003800915128 0.003786038474 0.003731172198 0.00375350289 0.003801306152 0.003691360932 0.003780610365 0.003744778845 0.003763402907 0.003773168673 0.003709729389 0.003737463739 0.003740409122 0.003741913843 0.00379229402 0.003728249173 0.003770446171 0.003748815298 0.003761388992 0.003787042045 0.003662216108 0.0037528711 0.003573995787 0.0 0.0 0.0 0.0 0.0 0.0 0.0 0.0 0.0 0.0 0.0 0.0 0.0 0.0 0.0 0.0 0.0 0.0 0.0 0.0 0.0 0.0 0.0 0.0 0.0 0.0 0.0 0.0 0.0 0.0 0.0 0.0 0.0 0.0 0.0 0.0 0.0 0.0 0.0 0.0 0.0 0.0 0.0 0.0 0.0 0.0 0.0 0.0 0.0 0.0 0.0 0.0 0.0 0.0 0.0 0.0 0.0 0.0 0.0 0.0 0.0 0.0 0.0 0.0
