116 116
0.216328580686 0.008075492729 0.008120198839 0.008083563212 0.007961630774 0.008121665768 0.008108415446 0.007939323143 0.008193258556 0.008093657339 0.007513398978 0.008097764246 0.00820197493 0.007918349048 0.008004921307 0.008130385434 0.007790483616 0.008062507364 0.00788873847 0.007580531958 0.008105188924 0.007583695879 0.0 0.0 0.0 0.0 0.0 0.0 0.0 0.0 0.0 0.0 0.0 0.0 0.0 0.0 0.0 0.0 0.0 0.0 0.0 0.0 0.0 0.0 0.0 0.0 0.0 0.0 0.0 0.0 0.0 0.0 0.0 0.0 0.0 0.0 0.0 0.0 0.0 0.0 0.0 0.0 0.0 0.0 0.0 0.0 0.0 0.0 0.0 0.0 0.0 0.0 0.0 0.0 0.0 0.0 0.0 0.0 0.0 0.0 0.0 0.0 0.0 0.0 0.0 0.0 0.0 0.0 0.0 0.0 0.0 0.0 0.0 0.0 0.0 0.0 0.0 0.0 0.0 0.0 0.0 0.0 0.0 0.0 0.0 0.0 0.0 0.0 0.0 0.0 0.0 0.0 0.0 0.0 0.0 0.0
0.008075492729 0.297062983124 0.008151212182 0.008113008837 0.007973651376 0.008182945362 0.008136025744 0.007923990929 0.008272717233 0.008137749494 0.007547411987 0.008141678975 0.008257349637 0.007884640644 0.00799057161 0.00817825571 0.007781513002 0.008087710548 0.007877154203 0.007560137571 0.008143820177 0.00756692887 0.0 0.0 0.0 0.0 0.0 0.0 0.0 0.0 0.0 0.0 0.0 0.0 0.0 0.0 0.0 0.0 0.0 0.0 0.0 0.0 0.0 0.0 0.0 0.0 0.0 0.0 0.0 0.0 0.0 0.0 0.0 0.0 0.0 0.0 0.0 0.0 0.0 0.0 0.0 0.0 0.0 0.0 0.0 0.0 0.0 0.0 0.0 0.0 0.0 0.0 0.0 0.0 0.0 0.0 0.0 0.0 0.0 0.0 0.0 0.0 0.0 0.0 0.0 0.0 0.0 0.0 0.0 0.0 0.0 0.0 0.0 0.0 0.0 0.0 0.0 0.0 0.0 0.0 0.0 0.0 0.0 0.0 0.0 0.0 0.0 0.0 0.0 0.0 0.0 0.0 0.0 0.0 0.0 0.0
0.008120198839 0.008151212182 0.42347624298 0.008165245172 0.007946039887 0.008411432607 0.008247385486 0.007873089993 0.008453999961 0.008248187014 0.007316315687 0.008226999543 0.008389865877 0.007907108708 0.008087467912 0.008370521963 0.007736090393 0.008212724538 0.007903544658 0.007426236976 0.008353700406 0.007462006186 0.0 0.0 0.0 0.0 0.0 0.0 0.0 0.0 0.0 0.0 0.0 0.0 0.0 0.0 0.0 0.0 0.0 0.0 0.0 0.0 0.0 0.0 0.0 0.0 0.0 0.0 0.0 0.0 0.0 0.0 0.0 0.0 0.0 0.0 0.0 0.0 0.0 0.0 0.0 0.0 0.0 0.0 0.0 0.0 0.0 0.0 0.0 0.0 0.0 0.0 0.0 0.0 0.0 0.0 0.0 0.0 0.0 0.0 0.0 0.0 0.0 0.0 0.0 0.0 0.0 0.0 0.0 0.0 0.0 0.0 0.0 0.0 0.0 0.0 0.0 0.0 0.0 0.0 0.0 0.0 0.0 0.0 0.0 0.0 0.0 0.0 0.0 0.0 0.0 0.0 0.0 0.0 0.0 0.0
0.008083563212 0.008113008837 0.008165245172 0.370145830631 0.007997775734 0.008202840985 0.008172155392 0.007990448149 0.008287423006 0.008161931444 0.007375925807 0.008166091312 0.008302983251 0.00793495667 0.008032139496 0.008227727011 0.007698758443 0.008105991811 0.007906087744 0.007541564042 0.008147518273 0.007539976026 0.0 0.0 0.0 0.0 0.0 0.0 0.0 0.0 0.0 0.0 0.0 0.0 0.0 0.0 0.0 0.0 0.0 0.0 0.0 0.0 0.0 0.0 0.0 0.0 0.0 0.0 0.0 0.0 0.0 0.0 0.0 0.0 0.0 0.0 0.0 0.0 0.0 0.0 0.0 0.0 0.0 0.0 0.0 0.0 0.0 0.0 0.0 0.0 0.0 0.0 0.0 0.0 0.0 0.0 0.0 0.0 0.0 0.0 0.0 0.0 0.0 0.0 0.0 0.0 0.0 0.0 0.0 0.0 0.0 0.0 0.0 0.0 0.0 0.0 0.0 0.0 0.0 0.0 0.0 0.0 0.0 0.0 0.0 0.0 0.0 0.0 0.0 0.0 0.0 0.0 0.0 0.0 0.0 0.0
0.007961630774 0.007973651376 0.007946039887 0.007997775734 0.222759102186 0.007801486141 0.007935659829 0.008042658892 0.007909720432 0.007913555315 0.007712301314 0.007955187556 0.007990822848 0.007920688598 0.007880934349 0.007857294913 0.007797980936 0.007862975561 0.007866555633 0.00777584419 0.007791159531 0.007733389581 0.0 0.0 0.0 0.0 0.0 0.0 0.0 0.0 0.0 0.0 0.0 0.0 0.0 0.0 0.0 0.0 0.0 0.0 0.0 0.0 0.0 0.0 0.0 0.0 0.0 0.0 0.0 0.0 0.0 0.0 0.0 0.0 0.0 0.0 0.0 0.0 0.0 0.0 0.0 0.0 0.0 0.0 0.0 0.0 0.0 0.0 0.0 0.0 0.0 0.0 0.0 0.0 0.0 0.0 0.0 0.0 0.0 0.0 0.0 0.0 0.0 0.0 0.0 0.0 0.0 0.0 0.0 0.0 0.0 0.0 0.0 0.0 0.0 0.0 0.0 0.0 0.0 0.0 0.0 0.0 0.0 0.0 0.0 0.0 0.0 0.0 0.0 0.0 0.0 0.0 0.0 0.0 0.0 0.0
0.008121665768 0.008182945362 0.008411432607 0.008202840985 0.007801486141 1.78822361931 0.00842749492 0.007557654973 0.009112475421 0.00854430067 0.006944554878 0.008438692593 0.008639652182 0.007805034772 0.00820881103 0.008929258406 0.007634397473 0.008518091117 0.007916753936 0.007062781491 0.008918565056 0.007199139344 0.0 0.0 0.0 0.0 0.0 0.0 0.0 0.0 0.0 0.0 0.0 0.0 0.0 0.0 0.0 0.0 0.0 0.0 0.0 0.0 0.0 0.0 0.0 0.0 0.0 0.0 0.0 0.0 0.0 0.0 0.0 0.0 0.0 0.0 0.0 0.0 0.0 0.0 0.0 0.0 0.0 0.0 0.0 0.0 0.0 0.0 0.0 0.0 0.0 0.0 0.0 0.0 0.0 0.0 0.0 0.0 0.0 0.0 0.0 0.0 0.0 0.0 0.0 0.0 0.0 0.0 0.0 0.0 0.0 0.0 0.0 0.0 0.0 0.0 0.0 0.0 0.0 0.0 0.0 0.0 0.0 0.0 0.0 0.0 0.0 0.0 0.0 0.0 0.0 0.0 0.0 0.0 0.0 0.0
0.008108415446 0.008136025744 0.008247385486 0.008172155392 0.007935659829 0.00842749492 0.396687919227 0.00786885578 0.008453031018 0.008266383089 0.007242966011 0.008231990728 0.008400898703 0.007913278108 0.008106666905 0.008407129842 0.007689056483 0.008230040252 0.007917028264 0.007408410574 0.008362445642 0.007449435528 0.0 0.0 0.0 0.0 0.0 0.0 0.0 0.0 0.0 0.0 0.0 0.0 0.0 0.0 0.0 0.0 0.0 0.0 0.0 0.0 0.0 0.0 0.0 0.0 0.0 0.0 0.0 0.0 0.0 0.0 0.0 0.0 0.0 0.0 0.0 0.0 0.0 0.0 0.0 0.0 0.0 0.0 0.0 0.0 0.0 0.0 0.0 0.0 0.0 0.0 0.0 0.0 0.0 0.0 0.0 0.0 0.0 0.0 0.0 0.0 0.0 0.0 0.0 0.0 0.0 0.0 0.0 0.0 0.0 0.0 0.0 0.0 0.0 0.0 0.0 0.0 0.0 0.0 0.0 0.0 0.0 0.0 0.0 0.0 0.0 0.0 0.0 0.0 0.0 0.0 0.0 0.0 0.0 0.0
0.007939323143 0.007923990929 0.007873089993 0.007990448149 0.008042658892 0.007557654973 0.00786885578 0.263716299483 0.007733346866 0.007793511818 0.007704506935 0.007871746435 0.007942057677 0.008008873387 0.007834945345 0.007671707624 0.007728022813 0.007703380281 0.007855210524 0.007962945124 0.007550798589 0.007861642222 0.0 0.0 0.0 0.0 0.0 0.0 0.0 0.0 0.0 0.0 0.0 0.0 0.0 0.0 0.0 0.0 0.0 0.0 0.0 0.0 0.0 0.0 0.0 0.0 0.0 0.0 0.0 0.0 0.0 0.0 0.0 0.0 0.0 0.0 0.0 0.0 0.0 0.0 0.0 0.0 0.0 0.0 0.0 0.0 0.0 0.0 0.0 0.0 0.0 0.0 0.0 0.0 0.0 0.0 0.0 0.0 0.0 0.0 0.0 0.0 0.0 0.0 0.0 0.0 0.0 0.0 0.0 0.0 0.0 0.0 0.0 0.0 0.0 0.0 0.0 0.0 0.0 0.0 0.0 0.0 0.0 0.0 0.0 0.0 0.0 0.0 0.0 0.0 0.0 0.0 0.0 0.0 0.0 0.0
0.008193258556 0.008272717233 0.008453999961 0.008287423006 0.007909720432 0.009112475421 0.008453031018 0.007733346866 0.378118445105 0.008538356548 0.007013015729 0.008474905347 0.008734038961 0.007865983335 0.008192475701 0.008855385244 0.007631805622 0.008457973223 0.007913370837 0.007145805365 0.008786340015 0.007236724558 0.0 0.0 0.0 0.0 0.0 0.0 0.0 0.0 0.0 0.0 0.0 0.0 0.0 0.0 0.0 0.0 0.0 0.0 0.0 0.0 0.0 0.0 0.0 0.0 0.0 0.0 0.0 0.0 0.0 0.0 0.0 0.0 0.0 0.0 0.0 0.0 0.0 0.0 0.0 0.0 0.0 0.0 0.0 0.0 0.0 0.0 0.0 0.0 0.0 0.0 0.0 0.0 0.0 0.0 0.0 0.0 0.0 0.0 0.0 0.0 0.0 0.0 0.0 0.0 0.0 0.0 0.0 0.0 0.0 0.0 0.0 0.0 0.0 0.0 0.0 0.0 0.0 0.0 0.0 0.0 0.0 0.0 0.0 0.0 0.0 0.0 0.0 0.0 0.0 0.0 0.0 0.0 0.0 0.0
0.008093657339 0.008137749494 0.008248187014 0.008161931444 0.007913555315 0.00854430067 0.008266383089 0.007793511818 0.008538356548 0.445054898099 0.00725036977 0.008259651308 0.008409323608 0.007866600627 0.008095746859 0.008477789356 0.007692094091 0.008271945378 0.007909943922 0.007359197022 0.008440869867 0.007414084151 0.0 0.0 0.0 0.0 0.0 0.0 0.0 0.0 0.0 0.0 0.0 0.0 0.0 0.0 0.0 0.0 0.0 0.0 0.0 0.0 0.0 0.0 0.0 0.0 0.0 0.0 0.0 0.0 0.0 0.0 0.0 0.0 0.0 0.0 0.0 0.0 0.0 0.0 0.0 0.0 0.0 0.0 0.0 0.0 0.0 0.0 0.0 0.0 0.0 0.0 0.0 0.0 0.0 0.0 0.0 0.0 0.0 0.0 0.0 0.0 0.0 0.0 0.0 0.0 0.0 0.0 0.0 0.0 0.0 0.0 0.0 0.0 0.0 0.0 0.0 0.0 0.0 0.0 0.0 0.0 0.0 0.0 0.0 0.0 0.0 0.0 0.0 0.0 0.0 0.0 0.0 0.0 0.0 0.0
0.007513398978 0.007547411987 0.007316315687 0.007375925807 0.007712301314 0.006944554878 0.007242966011 0.007704506935 0.007013015729 0.00725036977 0.166204986932 0.007313659965 0.007091129092 0.007598434986 0.007350731545 0.006971651183 0.00821771004 0.007274901475 0.007627601299 0.0084017121 0.007100619552 0.008342140329 0.0 0.0 0.0 0.0 0.0 0.0 0.0 0.0 0.0 0.0 0.0 0.0 0.0 0.0 0.0 0.0 0.0 0.0 0.0 0.0 0.0 0.0 0.0 0.0 0.0 0.0 0.0 0.0 0.0 0.0 0.0 0.0 0.0 0.0 0.0 0.0 0.0 0.0 0.0 0.0 0.0 0.0 0.0 0.0 0.0 0.0 0.0 0.0 0.0 0.0 0.0 0.0 0.0 0.0 0.0 0.0 0.0 0.0 0.0 0.0 0.0 0.0 0.0 0.0 0.0 0.0 0.0 0.0 0.0 0.0 0.0 0.0 0.0 0.0 0.0 0.0 0.0 0.0 0.0 0.0 0.0 0.0 0.0 0.0 0.0 0.0 0.0 0.0 0.0 0.0 0.0 0.0 0.0 0.0
0.008097764246 0.008141678975 0.008226999543 0.008166091312 0.007955187556 0.008438692593 0.008231990728 0.007871746435 0.008474905347 0.008259651308 0.007313659965 0.157038699697 0.008378995522 0.007885872324 0.008062859353 0.008385402318 0.007705509853 0.00820931128 0.00790130172 0.007423598573 0.008340978904 0.007451643027 0.0 0.0 0.0 0.0 0.0 0.0 0.0 0.0 0.0 0.0 0.0 0.0 0.0 0.0 0.0 0.0 0.0 0.0 0.0 0.0 0.0 0.0 0.0 0.0 0.0 0.0 0.0 0.0 0.0 0.0 0.0 0.0 0.0 0.0 0.0 0.0 0.0 0.0 0.0 0.0 0.0 0.0 0.0 0.0 0.0 0.0 0.0 0.0 0.0 0.0 0.0 0.0 0.0 0.0 0.0 0.0 0.0 0.0 0.0 0.0 0.0 0.0 0.0 0.0 0.0 0.0 0.0 0.0 0.0 0.0 0.0 0.0 0.0 0.0 0.0 0.0 0.0 0.0 0.0 0.0 0.0 0.0 0.0 0.0 0.0 0.0 0.0 0.0 0.0 0.0 0.0 0.0 0.0 0.0
0.00820197493 0.008257349637 0.008389865877 0.008302983251 0.007990822848 0.008639652182 0.008400898703 0.007942057677 0.008734038961 0.008409323608 0.007091129092 0.008378995522 0.466934075894 0.007957339144 0.008176358472 0.008596911994 0.007626290906 0.008328474129 0.007932168809 0.007322069795 0.008507882137 0.007360458407 0.0 0.0 0.0 0.0 0.0 0.0 0.0 0.0 0.0 0.0 0.0 0.0 0.0 0.0 0.0 0.0 0.0 0.0 0.0 0.0 0.0 0.0 0.0 0.0 0.0 0.0 0.0 0.0 0.0 0.0 0.0 0.0 0.0 0.0 0.0 0.0 0.0 0.0 0.0 0.0 0.0 0.0 0.0 0.0 0.0 0.0 0.0 0.0 0.0 0.0 0.0 0.0 0.0 0.0 0.0 0.0 0.0 0.0 0.0 0.0 0.0 0.0 0.0 0.0 0.0 0.0 0.0 0.0 0.0 0.0 0.0 0.0 0.0 0.0 0.0 0.0 0.0 0.0 0.0 0.0 0.0 0.0 0.0 0.0 0.0 0.0 0.0 0.0 0.0 0.0 0.0 0.0 0.0 0.0
0.007918349048 0.007884640644 0.007907108708 0.00793495667 0.007920688598 0.007805034772 0.007913278108 0.008008873387 0.007865983335 0.007866600627 0.007598434986 0.007885872324 0.007957339144 0.249863560032 0.007922028637 0.007862930556 0.007758406333 0.007846783618 0.007878821224 0.007797008444 0.007802288177 0.007780401117 0.0 0.0 0.0 0.0 0.0 0.0 0.0 0.0 0.0 0.0 0.0 0.0 0.0 0.0 0.0 0.0 0.0 0.0 0.0 0.0 0.0 0.0 0.0 0.0 0.0 0.0 0.0 0.0 0.0 0.0 0.0 0.0 0.0 0.0 0.0 0.0 0.0 0.0 0.0 0.0 0.0 0.0 0.0 0.0 0.0 0.0 0.0 0.0 0.0 0.0 0.0 0.0 0.0 0.0 0.0 0.0 0.0 0.0 0.0 0.0 0.0 0.0 0.0 0.0 0.0 0.0 0.0 0.0 0.0 0.0 0.0 0.0 0.0 0.0 0.0 0.0 0.0 0.0 0.0 0.0 0.0 0.0 0.0 0.0 0.0 0.0 0.0 0.0 0.0 0.0 0.0 0.0 0.0 0.0
0.008004921307 0.00799057161 0.008087467912 0.008032139496 0.007880934349 0.00820881103 0.008106666905 0.007834945345 0.008192475701 0.008095746859 0.007350731545 0.008062859353 0.008176358472 0.007922028637 0.700596345779 0.008216164838 0.007735679436 0.0081092597 0.00792408883 0.007515897441 0.008191088263 0.0075679016 0.0 0.0 0.0 0.0 0.0 0.0 0.0 0.0 0.0 0.0 0.0 0.0 0.0 0.0 0.0 0.0 0.0 0.0 0.0 0.0 0.0 0.0 0.0 0.0 0.0 0.0 0.0 0.0 0.0 0.0 0.0 0.0 0.0 0.0 0.0 0.0 0.0 0.0 0.0 0.0 0.0 0.0 0.0 0.0 0.0 0.0 0.0 0.0 0.0 0.0 0.0 0.0 0.0 0.0 0.0 0.0 0.0 0.0 0.0 0.0 0.0 0.0 0.0 0.0 0.0 0.0 0.0 0.0 0.0 0.0 0.0 0.0 0.0 0.0 0.0 0.0 0.0 0.0 0.0 0.0 0.0 0.0 0.0 0.0 0.0 0.0 0.0 0.0 0.0 0.0 0.0 0.0 0.0 0.0
0.008130385434 0.00817825571 0.008370521963 0.008227727011 0.007857294913 0.008929258406 0.008407129842 0.007671707624 0.008855385244 0.008477789356 0.006971651183 0.008385402318 0.008596911994 0.007862930556 0.008216164838 0.758843913097 0.007616815474 0.008461507375 0.007947417449 0.007150502096 0.008748673148 0.007262594169 0.0 0.0 0.0 0.0 0.0 0.0 0.0 0.0 0.0 0.0 0.0 0.0 0.0 0.0 0.0 0.0 0.0 0.0 0.0 0.0 0.0 0.0 0.0 0.0 0.0 0.0 0.0 0.0 0.0 0.0 0.0 0.0 0.0 0.0 0.0 0.0 0.0 0.0 0.0 0.0 0.0 0.0 0.0 0.0 0.0 0.0 0.0 0.0 0.0 0.0 0.0 0.0 0.0 0.0 0.0 0.0 0.0 0.0 0.0 0.0 0.0 0.0 0.0 0.0 0.0 0.0 0.0 0.0 0.0 0.0 0.0 0.0 0.0 0.0 0.0 0.0 0.0 0.0 0.0 0.0 0.0 0.0 0.0 0.0 0.0 0.0 0.0 0.0 0.0 0.0 0.0 0.0 0.0 0.0
0.007790483616 0.007781513002 0.007736090393 0.007698758443 0.007797980936 0.007634397473 0.007689056483 0.007728022813 0.007631805622 0.007692094091 0.00821771004 0.007705509853 0.007626290906 0.007758406333 0.007735679436 0.007616815474 0.281572758006 0.007737279907 0.007785199768 0.007903317532 0.007725362906 0.007906946965 0.0 0.0 0.0 0.0 0.0 0.0 0.0 0.0 0.0 0.0 0.0 0.0 0.0 0.0 0.0 0.0 0.0 0.0 0.0 0.0 0.0 0.0 0.0 0.0 0.0 0.0 0.0 0.0 0.0 0.0 0.0 0.0 0.0 0.0 0.0 0.0 0.0 0.0 0.0 0.0 0.0 0.0 0.0 0.0 0.0 0.0 0.0 0.0 0.0 0.0 0.0 0.0 0.0 0.0 0.0 0.0 0.0 0.0 0.0 0.0 0.0 0.0 0.0 0.0 0.0 0.0 0.0 0.0 0.0 0.0 0.0 0.0 0.0 0.0 0.0 0.0 0.0 0.0 0.0 0.0 0.0 0.0 0.0 0.0 0.0 0.0 0.0 0.0 0.0 0.0 0.0 0.0 0.0 0.0
0.008062507364 0.008087710548 0.008212724538 0.008105991811 0.007862975561 0.008518091117 0.008230040252 0.007703380281 0.008457973223 0.008271945378 0.007274901475 0.00820931128 0.008328474129 0.007846783618 0.0081092597 0.008461507375 0.007737279907 0.403638382744 0.00792108411 0.00733817665 0.008470620937 0.007417119462 0.0 0.0 0.0 0.0 0.0 0.0 0.0 0.0 0.0 0.0 0.0 0.0 0.0 0.0 0.0 0.0 0.0 0.0 0.0 0.0 0.0 0.0 0.0 0.0 0.0 0.0 0.0 0.0 0.0 0.0 0.0 0.0 0.0 0.0 0.0 0.0 0.0 0.0 0.0 0.0 0.0 0.0 0.0 0.0 0.0 0.0 0.0 0.0 0.0 0.0 0.0 0.0 0.0 0.0 0.0 0.0 0.0 0.0 0.0 0.0 0.0 0.0 0.0 0.0 0.0 0.0 0.0 0.0 0.0 0.0 0.0 0.0 0.0 0.0 0.0 0.0 0.0 0.0 0.0 0.0 0.0 0.0 0.0 0.0 0.0 0.0 0.0 0.0 0.0 0.0 0.0 0.0 0.0 0.0
0.00788873847 0.007877154203 0.007903544658 0.007906087744 0.007866555633 0.007916753936 0.007917028264 0.007855210524 0.007913370837 0.007909943922 0.007627601299 0.00790130172 0.007932168809 0.007878821224 0.00792408883 0.007947417449 0.007785199768 0.00792108411 0.323345094849 0.007704647302 0.007919655235 0.007729676988 0.0 0.0 0.0 0.0 0.0 0.0 0.0 0.0 0.0 0.0 0.0 0.0 0.0 0.0 0.0 0.0 0.0 0.0 0.0 0.0 0.0 0.0 0.0 0.0 0.0 0.0 0.0 0.0 0.0 0.0 0.0 0.0 0.0 0.0 0.0 0.0 0.0 0.0 0.0 0.0 0.0 0.0 0.0 0.0 0.0 0.0 0.0 0.0 0.0 0.0 0.0 0.0 0.0 0.0 0.0 0.0 0.0 0.0 0.0 0.0 0.0 0.0 0.0 0.0 0.0 0.0 0.0 0.0 0.0 0.0 0.0 0.0 0.0 0.0 0.0 0.0 0.0 0.0 0.0 0.0 0.0 0.0 0.0 0.0 0.0 0.0 0.0 0.0 0.0 0.0 0.0 0.0 0.0 0.0
0.007580531958 0.007560137571 0.007426236976 0.007541564042 0.00777584419 0.007062781491 0.007408410574 0.007962945124 0.007145805365 0.007359197022 0.0084017121 0.007423598573 0.007322069795 0.007797008444 0.007515897441 0.007150502096 0.007903317532 0.00733817665 0.007704647302 0.196326741515 0.007143590823 0.008284442466 0.0 0.0 0.0 0.0 0.0 0.0 0.0 0.0 0.0 0.0 0.0 0.0 0.0 0.0 0.0 0.0 0.0 0.0 0.0 0.0 0.0 0.0 0.0 0.0 0.0 0.0 0.0 0.0 0.0 0.0 0.0 0.0 0.0 0.0 0.0 0.0 0.0 0.0 0.0 0.0 0.0 0.0 0.0 0.0 0.0 0.0 0.0 0.0 0.0 0.0 0.0 0.0 0.0 0.0 0.0 0.0 0.0 0.0 0.0 0.0 0.0 0.0 0.0 0.0 0.0 0.0 0.0 0.0 0.0 0.0 0.0 0.0 0.0 0.0 0.0 0.0 0.0 0.0 0.0 0.0 0.0 0.0 0.0 0.0 0.0 0.0 0.0 0.0 0.0 0.0 0.0 0.0 0.0 0.0
0.008105188924 0.008143820177 0.008353700406 0.008147518273 0.007791159531 0.008918565056 0.008362445642 0.007550798589 0.008786340015 0.008440869867 0.007100619552 0.008340978904 0.008507882137 0.007802288177 0.008191088263 0.008748673148 0.007725362906 0.008470620937 0.007919655235 0.007143590823 0.812379131177 0.007268086108 0.0 0.0 0.0 0.0 0.0 0.0 0.0 0.0 0.0 0.0 0.0 0.0 0.0 0.0 0.0 0.0 0.0 0.0 0.0 0.0 0.0 0.0 0.0 0.0 0.0 0.0 0.0 0.0 0.0 0.0 0.0 0.0 0.0 0.0 0.0 0.0 0.0 0.0 0.0 0.0 0.0 0.0 0.0 0.0 0.0 0.0 0.0 0.0 0.0 0.0 0.0 0.0 0.0 0.0 0.0 0.0 0.0 0.0 0.0 0.0 0.0 0.0 0.0 0.0 0.0 0.0 0.0 0.0 0.0 0.0 0.0 0.0 0.0 0.0 0.0 0.0 0.0 0.0 0.0 0.0 0.0 0.0 0.0 0.0 0.0 0.0 0.0 0.0 0.0 0.0 0.0 0.0 0.0 0.0
0.007583695879 0.00756692887 0.007462006186 0.007539976026 0.007733389581 0.007199139344 0.007449435528 0.007861642222 0.007236724558 0.007414084151 0.008342140329 0.007451643027 0.007360458407 0.007780401117 0.0075679016 0.007262594169 0.007906946965 0.007417119462 0.007729676988 0.008284442466 0.007268086108 0.268523953602 0.0 0.0 0.0 0.0 0.0 0.0 0.0 0.0 0.0 0.0 0.0 0.0 0.0 0.0 0.0 0.0 0.0 0.0 0.0 0.0 0.0 0.0 0.0 0.0 0.0 0.0 0.0 0.0 0.0 0.0 0.0 0.0 0.0 0.0 0.0 0.0 0.0 0.0 0.0 0.0 0.0 0.0 0.0 0.0 0.0 0.0 0.0 0.0 0.0 0.0 0.0 0.0 0.0 0.0 0.0 0.0 0.0 0.0 0.0 0.0 0.0 0.0 0.0 0.0 0.0 0.0 0.0 0.0 0.0 0.0 0.0 0.0 0.0 0.0 0.0 0.0 0.0 0.0 0.0 0.0 0.0 0.0 0.0 0.0 0.0 0.0 0.0 0.0 0.0 0.0 0.0 0.0 0.0 0.0
0.0 0.0 0.0 0.0 0.0 0.0 0.0 0.0 0.0 0.0 0.0 0.0 0.0 0.0 0.0 0.0 0.0 0.0 0.0 0.0 0.0 0.0 0.23770903844 0.003563704593 0.003565693515 0.003585333652 0.003544703982 0.003568786887 0.003562534685 0.003557186252 0.003573890522 0.003571598397 0.003541738427 0.003584250484 0.003556393197 0.003502879509 0.003542959231 0.003558968733 0.003592895296 0.003518336851 0.003553764404 0.003564015191 0.00354690037 0.003576216883 0.003539246208 0.00352421149 0.003554227013 0.003560202718 0.003551357672 0.003539570681 0.003574830542 0.003558410547 0.003561769884 0.003552172167 0.003484419084 0.003547030966 0.003303089295 0.003538502831 0.003497625419 0.00349704433 0.003399676832 0.003487463723 0.003398611601 0.0 0.0 0.0 0.0 0.0 0.0 0.0 0.0 0.0 0.0 0.0 0.0 0.0 0.0 0.0 0.0 0.0 0.0 0.0 0.0 0.0 0.0 0.0 0.0 0.0 0.0 0.0 0.0 0.0 0.0 0.0 0.0 0.0 0.0 0.0 0.0 0.0 0.0 0.0 0.0 0.0 0.0 0.0 0.0 0.0 0.0 0.0 0.0 0.0 0.0 0.0 0.0 0.0
0.0 0.0 0.0 0.0 0.0 0.0 0.0 0.0 0.0 0.0 0.0 0.0 0.0 0.0 0.0 0.0 0.0 0.0 0.0 0.0 0.0 0.0 0.003563704593 0.174107364717 0.003560055334 0.00363260549 0.003652314975 0.003618498692 0.003503915702 0.003540029736 0.003668414489 0.003680874122 0.003507279545 0.003478841384 0.00373183631 0.003957039108 0.003655164891 0.003561773582 0.003554453851 0.003901244678 0.003587246442 0.003786524263 0.003549531801 0.003639120132 0.003902531473 0.003937923328 0.003496801714 0.003600095559 0.003675026306 0.003812274739 0.003743246664 0.003868981176 0.003881073785 0.003878568338 0.003987823908 0.003959074708 0.00317114209 0.003678983993 0.003615091503 0.003637422398 0.003284930042 0.003687492481 0.003341188381 0.0 0.0 0.0 0.0 0.0 0.0 0.0 0.0 0.0 0.0 0.0 0.0 0.0 0.0 0.0 0.0 0.0 0.0 0.0 0.0 0.0 0.0 0.0 0.0 0.0 0.0 0.0 0.0 0.0 0.0 0.0 0.0 0.0 0.0 0.0 0.0 0.0 0.0 0.0 0.0 0.0 0.0 0.0 0.0 0.0 0.0 0.0 0.0 0.0 0.0 0.0 0.0 0.0
0.0 0.0 0.0 0.0 0.0 0.0 0.0 0.0 0.0 0.0 0.0 0.0 0.0 0.0 0.0 0.0 0.0 0.0 0.0 0.0 0.0 0.0 0.003565693515 0.003560055334 0.408370735384 0.003576446146 0.003543058685 0.003559419755 0.003554028005 0.003550109293 0.003564061605 0.003565584582 0.003536677993 0.00356634721 0.003553131784 0.003485196594 0.003543133331 0.003551727877 0.003576913415 0.003510112018 0.003548174468 0.003558563227 0.003544119466 0.003569658678 0.003534137248 0.003515305034 0.003546525962 0.003552752682 0.003546488723 0.003535950571 0.003410037056 0.003555184915 0.003555667975 0.003548319592 0.003501984244 0.003539444178 0.003313778175 0.003538189183 0.003493051145 0.003499729447 0.003398056476 0.003491327337 0.003406934 0.0 0.0 0.0 0.0 0.0 0.0 0.0 0.0 0.0 0.0 0.0 0.0 0.0 0.0 0.0 0.0 0.0 0.0 0.0 0.0 0.0 0.0 0.0 0.0 0.0 0.0 0.0 0.0 0.0 0.0 0.0 0.0 0.0 0.0 0.0 0.0 0.0 0.0 0.0 0.0 0.0 0.0 0.0 0.0 0.0 0.0 0.0 0.0 0.0 0.0 0.0 0.0 0.0
0.0 0.0 0.0 0.0 0.0 0.0 0.0 0.0 0.0 0.0 0.0 0.0 0.0 0.0 0.0 0.0 0.0 0.0 0.0 0.0 0.0 0.0 0.003585333652 0.00363260549 0.003576446146 0.0946468053238 0.003592165016 0.003603406868 0.003554223869 0.003565647101 0.003618740626 0.003622818916 0.003542601826 0.003563838713 0.00362482114 0.003629056929 0.003596890648 0.003577534832 0.003591562705 0.003624163194 0.003573529028 0.003645900983 0.00356385422 0.003607714611 0.003650612514 0.003645259306 0.003545053446 0.003586345398 0.00360327627 0.003628710628 0.003623976906 0.003658295614 0.003658336502 0.003654858685 0.003614875938 0.003657181406 0.003263655549 0.003595275116 0.003539451744 0.003550414662 0.003357853133 0.003550688155 0.003382355639 0.0 0.0 0.0 0.0 0.0 0.0 0.0 0.0 0.0 0.0 0.0 0.0 0.0 0.0 0.0 0.0 0.0 0.0 0.0 0.0 0.0 0.0 0.0 0.0 0.0 0.0 0.0 0.0 0.0 0.0 0.0 0.0 0.0 0.0 0.0 0.0 0.0 0.0 0.0 0.0 0.0 0.0 0.0 0.0 0.0 0.0 0.0 0.0 0.0 0.0 0.0 0.0 0.0
0.0 0.0 0.0 0.0 0.0 0.0 0.0 0.0 0.0 0.0 0.0 0.0 0.0 0.0 0.0 0.0 0.0 0.0 0.0 0.0 0.0 0.0 0.003544703982 0.003652314975 0.003543058685 0.003592165016 0.242467198019 0.003578786962 0.003503009505 0.003530097208 0.003612047259 0.003621963937 0.00350454752 0.003484323591 0.0036530117 0.003775328939 0.003604533815 0.003541766224 0.003533509237 0.003745429282 0.003559281787 0.003682460027 0.003533422779 0.003591046103 0.003756275417 0.003768893987 0.003496560067 0.003564310007 0.00361669084 0.003700936857 0.003627310832 0.003729079059 0.003736524168 0.003735949421 0.003825249968 0.003782245301 0.00324152919 0.003622418104 0.003569345006 0.003592494245 0.003332229853 0.003624488723 0.003375544384 0.0 0.0 0.0 0.0 0.0 0.0 0.0 0.0 0.0 0.0 0.0 0.0 0.0 0.0 0.0 0.0 0.0 0.0 0.0 0.0 0.0 0.0 0.0 0.0 0.0 0.0 0.0 0.0 0.0 0.0 0.0 0.0 0.0 0.0 0.0 0.0 0.0 0.0 0.0 0.0 0.0 0.0 0.0 0.0 0.0 0.0 0.0 0.0 0.0 0.0 0.0 0.0 0.0
0.0 0.0 0.0 0.0 0.0 0.0 0.0 0.0 0.0 0.0 0.0 0.0 0.0 0.0 0.0 0.0 0.0 0.0 0.0 0.0 0.0 0.0 0.003568786887 0.003618498692 0.003559419755 0.003603406868 0.003578786962 0.162119631173 0.003542128682 0.003552219572 0.00360702105 0.003608595187 0.003531680214 0.003554088921 0.003611510639 0.003641198573 0.003584142433 0.00356458753 0.003578265954 0.003627313392 0.003561386844 0.003635008818 0.003549976639 0.00359041799 0.003651196734 0.003659011513 0.0035338524 0.003573291257 0.003589327531 0.003622536195 0.003618855857 0.003659414171 0.003655884415 0.003650537287 0.003657204967 0.003679624728 0.003273668577 0.003580970249 0.003536497766 0.003543998444 0.003362993348 0.003544174589 0.00338301022 0.0 0.0 0.0 0.0 0.0 0.0 0.0 0.0 0.0 0.0 0.0 0.0 0.0 0.0 0.0 0.0 0.0 0.0 0.0 0.0 0.0 0.0 0.0 0.0 0.0 0.0 0.0 0.0 0.0 0.0 0.0 0.0 0.0 0.0 0.0 0.0 0.0 0.0 0.0 0.0 0.0 0.0 0.0 0.0 0.0 0.0 0.0 0.0 0.0 0.0 0.0 0.0 0.0
0.0 0.0 0.0 0.0 0.0 0.0 0.0 0.0 0.0 0.0 0.0 0.0 0.0 0.0 0.0 0.0 0.0 0.0 0.0 0.0 0.0 0.0 0.003562534685 0.003503915702 0.003554028005 0.003554223869 0.003503009505 0.003542128682 0.208412731056 0.003552793125 0.003533871091 0.00352911546 0.003543339821 0.003601351961 0.003496687194 0.003379168302 0.00350233226 0.003545893064 0.00359008284 0.003400829885 0.003532361552 0.003491380745 0.003535407986 0.00354546407 0.003432893046 0.003402565663 0.0035607355 0.003536204119 0.003503674444 0.003454803048 0.003540578449 0.003463194104 0.00346379701 0.003453966206 0.003313452081 0.003416747842 0.003351490377 0.003486822488 0.003455835717 0.003449512588 0.00343464548 0.003424715865 0.003416813403 0.0 0.0 0.0 0.0 0.0 0.0 0.0 0.0 0.0 0.0 0.0 0.0 0.0 0.0 0.0 0.0 0.0 0.0 0.0 0.0 0.0 0.0 0.0 0.0 0.0 0.0 0.0 0.0 0.0 0.0 0.0 0.0 0.0 0.0 0.0 0.0 0.0 0.0 0.0 0.0 0.0 0.0 0.0 0.0 0.0 0.0 0.0 0.0 0.0 0.0 0.0 0.0 0.0
0.0 0.0 0.0 0.0 0.0 0.0 0.0 0.0 0.0 0.0 0.0 0.0 0.0 0.0 0.0 0.0 0.0 0.0 0.0 0.0 0.0 0.0 0.003557186252 0.003540029736 0.003550109293 0.003565647101 0.003530097208 0.003552219572 0.003552793125 0.25584832655 0.003551259605 0.003554153504 0.003533191152 0.0035651201 0.003536312988 0.00346721449 0.003530423056 0.003545489001 0.003568342957 0.003477171576 0.003535998947 0.003535037224 0.003535599068 0.003555728592 0.003511486982 0.003479202353 0.003539865323 0.003542595565 0.003532372351 0.003510988754 0.003515019552 0.0035232691 0.003520345692 0.003516140738 0.003411289692 0.003487946444 0.003332948995 0.003523152296 0.00347966258 0.003485602333 0.003407839385 0.003474223137 0.003411913909 0.0 0.0 0.0 0.0 0.0 0.0 0.0 0.0 0.0 0.0 0.0 0.0 0.0 0.0 0.0 0.0 0.0 0.0 0.0 0.0 0.0 0.0 0.0 0.0 0.0 0.0 0.0 0.0 0.0 0.0 0.0 0.0 0.0 0.0 0.0 0.0 0.0 0.0 0.0 0.0 0.0 0.0 0.0 0.0 0.0 0.0 0.0 0.0 0.0 0.0 0.0 0.0 0.0
0.0 0.0 0.0 0.0 0.0 0.0 0.0 0.0 0.0 0.0 0.0 0.0 0.0 0.0 0.0 0.0 0.0 0.0 0.0 0.0 0.0 0.0 0.003573890522 0.003668414489 0.003564061605 0.003618740626 0.003612047259 0.00360702105 0.003533871091 0.003551259605 0.315588311606 0.003642603664 0.00352664358 0.003533879884 0.003664740058 0.003783374943 0.003612593209 0.003566220141 0.003579004191 0.003744083357 0.003580608694 0.00370174965 0.003551536991 0.003616288569 0.0037552952 0.003786476361 0.003525373846 0.00358857806 0.003629523464 0.003706676032 0.003608623098 0.00374449413 0.003757968345 0.003751173856 0.003833339983 0.003787095012 0.00321618505 0.003625398859 0.003578868512 0.003588215778 0.003332817232 0.003612667804 0.003360485033 0.0 0.0 0.0 0.0 0.0 0.0 0.0 0.0 0.0 0.0 0.0 0.0 0.0 0.0 0.0 0.0 0.0 0.0 0.0 0.0 0.0 0.0 0.0 0.0 0.0 0.0 0.0 0.0 0.0 0.0 0.0 0.0 0.0 0.0 0.0 0.0 0.0 0.0 0.0 0.0 0.0 0.0 0.0 0.0 0.0 0.0 0.0 0.0 0.0 0.0 0.0 0.0 0.0
0.0 0.0 0.0 0.0 0.0 0.0 0.0 0.0 0.0 0.0 0.0 0.0 0.0 0.0 0.0 0.0 0.0 0.0 0.0 0.0 0.0 0.0 0.003571598397 0.003680874122 0.003565584582 0.003622818916 0.003621963937 0.003608595187 0.00352911546 0.003554153504 0.003642603664 0.136923765922 0.003522909965 0.00351494806 0.003680007507 0.003806612678 0.003623740328 0.003565140129 0.003568875198 0.003775165854 0.003579208813 0.003717121939 0.003551864147 0.003623184784 0.003790011609 0.003803502923 0.003516827456 0.003591568888 0.003638775348 0.003727191746 0.003641433314 0.003770806655 0.003777392105 0.003774387869 0.003796330825 0.003812360349 0.003211464228 0.003638215349 0.00357736521 0.003595121788 0.003320577425 0.003625136996 0.003359977318 0.0 0.0 0.0 0.0 0.0 0.0 0.0 0.0 0.0 0.0 0.0 0.0 0.0 0.0 0.0 0.0 0.0 0.0 0.0 0.0 0.0 0.0 0.0 0.0 0.0 0.0 0.0 0.0 0.0 0.0 0.0 0.0 0.0 0.0 0.0 0.0 0.0 0.0 0.0 0.0 0.0 0.0 0.0 0.0 0.0 0.0 0.0 0.0 0.0 0.0 0.0 0.0 0.0
0.0 0.0 0.0 0.0 0.0 0.0 0.0 0.0 0.0 0.0 0.0 0.0 0.0 0.0 0.0 0.0 0.0 0.0 0.0 0.0 0.0 0.0 0.003541738427 0.003507279545 0.003536677993 0.003542601826 0.00350454752 0.003531680214 0.003543339821 0.003533191152 0.00352664358 0.003522909965 0.194361997958 0.003569846491 0.003500003554 0.003399475891 0.003506709856 0.003534454253 0.003559734197 0.003425776628 0.003522217456 0.003496693959 0.003525127641 0.003529057699 0.003450768724 0.003428417718 0.003539033575 0.003523560004 0.003503812555 0.003466055403 0.003548198507 0.003469707611 0.003469617163 0.003465344003 0.003340553967 0.003429913826 0.003364619933 0.003492897749 0.003465836181 0.003466907409 0.003429136258 0.003442361877 0.003422124807 0.0 0.0 0.0 0.0 0.0 0.0 0.0 0.0 0.0 0.0 0.0 0.0 0.0 0.0 0.0 0.0 0.0 0.0 0.0 0.0 0.0 0.0 0.0 0.0 0.0 0.0 0.0 0.0 0.0 0.0 0.0 0.0 0.0 0.0 0.0 0.0 0.0 0.0 0.0 0.0 0.0 0.0 0.0 0.0 0.0 0.0 0.0 0.0 0.0 0.0 0.0 0.0 0.0
0.0 0.0 0.0 0.0 0.0 0.0 0.0 0.0 0.0 0.0 0.0 0.0 0.0 0.0 0.0 0.0 0.0 0.0 0.0 0.0 0.0 0.0 0.003584250484 0.003478841384 0.00356634721 0.003563838713 0.003484323591 0.003554088921 0.003601351961 0.0035651201 0.003533879884 0.00351494806 0.003569846491 0.215073933176 0.003461964305 0.003276842374 0.003488266876 0.003571888112 0.00364138023 0.003305738998 0.003540920264 0.003453316966 0.003552877936 0.003538375812 0.003340705468 0.003316635417 0.003605484633 0.003545321745 0.003483353292 0.003388520848 0.003491717965 0.00338800468 0.003389187932 0.003378560672 0.00324589049 0.00332332455 0.003376402559 0.003452622189 0.003442506767 0.003421449296 0.00346696721 0.00336272204 0.003419802876 0.0 0.0 0.0 0.0 0.0 0.0 0.0 0.0 0.0 0.0 0.0 0.0 0.0 0.0 0.0 0.0 0.0 0.0 0.0 0.0 0.0 0.0 0.0 0.0 0.0 0.0 0.0 0.0 0.0 0.0 0.0 0.0 0.0 0.0 0.0 0.0 0.0 0.0 0.0 0.0 0.0 0.0 0.0 0.0 0.0 0.0 0.0 0.0 0.0 0.0 0.0 0.0 0.0
0.0 0.0 0.0 0.0 0.0 0.0 0.0 0.0 0.0 0.0 0.0 0.0 0.0 0.0 0.0 0.0 0.0 0.0 0.0 0.0 0.0 0.0 0.003556393197 0.00373183631 0.003553131784 0.00362482114 0.0036530117 0.003611510639 0.003496687194 0.003536312988 0.003664740058 0.003680007507 0.003500003554 0.003461964305 0.267062851814 0.003988650745 0.003652701932 0.003552157256 0.003542650304 0.003923820933 0.003582940876 0.003788886787 0.003540511913 0.003635779147 0.003922071896 0.003955758637 0.003486309981 0.003595511778 0.003675579971 0.003823970534 0.003673885308 0.003879273795 0.003892507297 0.003891705956 0.003990252189 0.003972618001 0.003165695782 0.003682637158 0.00361724339 0.003641721283 0.003281600121 0.003700793309 0.003339485465 0.0 0.0 0.0 0.0 0.0 0.0 0.0 0.0 0.0 0.0 0.0 0.0 0.0 0.0 0.0 0.0 0.0 0.0 0.0 0.0 0.0 0.0 0.0 0.0 0.0 0.0 0.0 0.0 0.0 0.0 0.0 0.0 0.0 0.0 0.0 0.0 0.0 0.0 0.0 0.0 0.0 0.0 0.0 0.0 0.0 0.0 0.0 0.0 0.0 0.0 0.0 0.0 0.0
0.0 0.0 0.0 0.0 0.0 0.0 0.0 0.0 0.0 0.0 0.0 0.0 0.0 0.0 0.0 0.0 0.0 0.0 0.0 0.0 0.0 0.0 0.003502879509 0.003957039108 0.003485196594 0.003629056929 0.003775328939 0.003641198573 0.003379168302 0.00346721449 0.003783374943 0.003806612678 0.003399475891 0.003276842374 0.003988650745 7.52367901123 0.003759084813 0.003492870564 0.003467684048 0.004697735445 0.003610590581 0.004152481386 0.003467878613 0.003715205343 0.004846282775 0.004873439084 0.00338004176 0.003632065394 0.003849564593 0.004337919503 0.001250119877 0.004519077343 0.004560362062 0.004543603455 0.004299700064 0.004854348627 0.002875613834 0.003875901608 0.003825129139 0.003853787022 0.003110682789 0.004040442588 0.003201458696 0.0 0.0 0.0 0.0 0.0 0.0 0.0 0.0 0.0 0.0 0.0 0.0 0.0 0.0 0.0 0.0 0.0 0.0 0.0 0.0 0.0 0.0 0.0 0.0 0.0 0.0 0.0 0.0 0.0 0.0 0.0 0.0 0.0 0.0 0.0 0.0 0.0 0.0 0.0 0.0 0.0 0.0 0.0 0.0 0.0 0.0 0.0 0.0 0.0 0.0 0.0 0.0 0.0
0.0 0.0 0.0 0.0 0.0 0.0 0.0 0.0 0.0 0.0 0.0 0.0 0.0 0.0 0.0 0.0 0.0 0.0 0.0 0.0 0.0 0.0 0.003542959231 0.003655164891 0.003543133331 0.003596890648 0.003604533815 0.003584142433 0.00350233226 0.003530423056 0.003612593209 0.003623740328 0.003506709856 0.003488266876 0.003652701932 0.003759084813 0.400052286308 0.003547959969 0.003532802255 0.003723699652 0.003556369425 0.003683577443 0.003538670881 0.003588456926 0.003745348938 0.003753236544 0.00349689885 0.003564581853 0.00361493727 0.003691616631 0.003678454917 0.003720216477 0.003723095819 0.003726980619 0.003782150511 0.00376367524 0.003257159992 0.003619669815 0.003564268601 0.003590712008 0.003330814739 0.003610293457 0.003377167461 0.0 0.0 0.0 0.0 0.0 0.0 0.0 0.0 0.0 0.0 0.0 0.0 0.0 0.0 0.0 0.0 0.0 0.0 0.0 0.0 0.0 0.0 0.0 0.0 0.0 0.0 0.0 0.0 0.0 0.0 0.0 0.0 0.0 0.0 0.0 0.0 0.0 0.0 0.0 0.0 0.0 0.0 0.0 0.0 0.0 0.0 0.0 0.0 0.0 0.0 0.0 0.0 0.0
0.0 0.0 0.0 0.0 0.0 0.0 0.0 0.0 0.0 0.0 0.0 0.0 0.0 0.0 0.0 0.0 0.0 0.0 0.0 0.0 0.0 0.0 0.003558968733 0.003561773582 0.003551727877 0.003577534832 0.003541766224 0.00356458753 0.003545893064 0.003545489001 0.003566220141 0.003565140129 0.003534454253 0.003571888112 0.003552157256 0.003492870564 0.003547959969 0.202283790805 0.003573567068 0.003501331668 0.003542133904 0.003559120752 0.003544286082 0.003559181787 0.003530690323 0.003512678597 0.00354152746 0.00354995194 0.003544938017 0.003531587681 0.003520923794 0.003543910552 0.003541351451 0.003540018849 0.003457228317 0.003531777417 0.00333182647 0.003535244321 0.003496979197 0.003503421702 0.003398731972 0.003484332294 0.003407508883 0.0 0.0 0.0 0.0 0.0 0.0 0.0 0.0 0.0 0.0 0.0 0.0 0.0 0.0 0.0 0.0 0.0 0.0 0.0 0.0 0.0 0.0 0.0 0.0 0.0 0.0 0.0 0.0 0.0 0.0 0.0 0.0 0.0 0.0 0.0 0.0 0.0 0.0 0.0 0.0 0.0 0.0 0.0 0.0 0.0 0.0 0.0 0.0 0.0 0.0 0.0 0.0 0.0
0.0 0.0 0.0 0.0 0.0 0.0 0.0 0.0 0.0 0.0 0.0 0.0 0.0 0.0 0.0 0.0 0.0 0.0 0.0 0.0 0.0 0.0 0.003592895296 0.003554453851 0.003576913415 0.003591562705 0.003533509237 0.003578265954 0.00359008284 0.003568342957 0.003579004191 0.003568875198 0.003559734197 0.00364138023 0.003542650304 0.003467684048 0.003532802255 0.003573567068 0.287886118699 0.003478702613 0.003563761279 0.003553127024 0.003556482475 0.003582433691 0.003509261235 0.003495024017 0.003589062471 0.003571211782 0.003542286803 0.003512704693 0.003640011408 0.003536823986 0.003543014991 0.003528936628 0.003396992212 0.003502511094 0.003294450537 0.00351765604 0.003487954019 0.003473581828 0.00341535354 0.003449093491 0.003386298322 0.0 0.0 0.0 0.0 0.0 0.0 0.0 0.0 0.0 0.0 0.0 0.0 0.0 0.0 0.0 0.0 0.0 0.0 0.0 0.0 0.0 0.0 0.0 0.0 0.0 0.0 0.0 0.0 0.0 0.0 0.0 0.0 0.0 0.0 0.0 0.0 0.0 0.0 0.0 0.0 0.0 0.0 0.0 0.0 0.0 0.0 0.0 0.0 0.0 0.0 0.0 0.0 0.0
0.0 0.0 0.0 0.0 0.0 0.0 0.0 0.0 0.0 0.0 0.0 0.0 0.0 0.0 0.0 0.0 0.0 0.0 0.0 0.0 0.0 0.0 0.003518336851 0.003901244678 0.003510112018 0.003624163194 0.003745429282 0.003627313392 0.003400829885 0.003477171576 0.003744083357 0.003775165854 0.003425776628 0.003305738998 0.003923820933 0.004697735445 0.003723699652 0.003501331668 0.003478702613 5.22517555312 0.00360266858 0.004060977772 0.003494155453 0.003698730506 0.004575202917 0.004651444992 0.003384105027 0.003618921836 0.003806951335 0.004204243009 0.005297477155 0.00437139743 0.004405495075 0.004397139486 0.005465459213 0.004747929361 0.002949820856 0.0038175119 0.00376570055 0.003800108201 0.003154918817 0.003964237316 0.00324507024 0.0 0.0 0.0 0.0 0.0 0.0 0.0 0.0 0.0 0.0 0.0 0.0 0.0 0.0 0.0 0.0 0.0 0.0 0.0 0.0 0.0 0.0 0.0 0.0 0.0 0.0 0.0 0.0 0.0 0.0 0.0 0.0 0.0 0.0 0.0 0.0 0.0 0.0 0.0 0.0 0.0 0.0 0.0 0.0 0.0 0.0 0.0 0.0 0.0 0.0 0.0 0.0 0.0
0.0 0.0 0.0 0.0 0.0 0.0 0.0 0.0 0.0 0.0 0.0 0.0 0.0 0.0 0.0 0.0 0.0 0.0 0.0 0.0 0.0 0.0 0.003553764404 0.003587246442 0.003548174468 0.003573529028 0.003559281787 0.003561386844 0.003532361552 0.003535998947 0.003580608694 0.003579208813 0.003522217456 0.003540920264 0.003582940876 0.003610590581 0.003556369425 0.003542133904 0.003563761279 0.00360266858 0.349088985062 0.003600568397 0.003533752513 0.003571520402 0.003618023008 0.003625142171 0.003529577349 0.00355210972 0.003567075481 0.003596681365 0.00362603753 0.003616020617 0.003626538945 0.003618726151 0.003587760568 0.003630806476 0.00327959605 0.00356102085 0.003526590091 0.003533175721 0.00338008296 0.003540034563 0.003389711422 0.0 0.0 0.0 0.0 0.0 0.0 0.0 0.0 0.0 0.0 0.0 0.0 0.0 0.0 0.0 0.0 0.0 0.0 0.0 0.0 0.0 0.0 0.0 0.0 0.0 0.0 0.0 0.0 0.0 0.0 0.0 0.0 0.0 0.0 0.0 0.0 0.0 0.0 0.0 0.0 0.0 0.0 0.0 0.0 0.0 0.0 0.0 0.0 0.0 0.0 0.0 0.0 0.0
0.0 0.0 0.0 0.0 0.0 0.0 0.0 0.0 0.0 0.0 0.0 0.0 0.0 0.0 0.0 0.0 0.0 0.0 0.0 0.0 0.0 0.0 0.003564015191 0.003786524263 0.003558563227 0.003645900983 0.003682460027 0.003635008818 0.003491380745 0.003535037224 0.00370174965 0.003717121939 0.003496693959 0.003453316966 0.003788886787 0.004152481386 0.003683577443 0.003559120752 0.003553127024 0.004060977772 0.003600568397 0.29592440794 0.003545498172 0.003666458613 0.004046609183 0.004107869037 0.003483115014 0.003617084098 0.003713019041 0.003912822473 0.003729890945 0.003992828311 0.004011921889 0.004007245102 0.004190572779 0.004120942614 0.003108292578 0.003719010973 0.00365299466 0.003675330766 0.003248912743 0.003745303564 0.003309752076 0.0 0.0 0.0 0.0 0.0 0.0 0.0 0.0 0.0 0.0 0.0 0.0 0.0 0.0 0.0 0.0 0.0 0.0 0.0 0.0 0.0 0.0 0.0 0.0 0.0 0.0 0.0 0.0 0.0 0.0 0.0 0.0 0.0 0.0 0.0 0.0 0.0 0.0 0.0 0.0 0.0 0.0 0.0 0.0 0.0 0.0 0.0 0.0 0.0 0.0 0.0 0.0 0.0
0.0 0.0 0.0 0.0 0.0 0.0 0.0 0.0 0.0 0.0 0.0 0.0 0.0 0.0 0.0 0.0 0.0 0.0 0.0 0.0 0.0 0.0 0.00354690037 0.003549531801 0.003544119466 0.00356385422 0.003533422779 0.003549976639 0.003535407986 0.003535599068 0.003551536991 0.003551864147 0.003525127641 0.003552877936 0.003540511913 0.003467878613 0.003538670881 0.003544286082 0.003556482475 0.003494155453 0.003533752513 0.003545498172 0.39658488157 0.003548583584 0.003526090679 0.003500515406 0.003531042342 0.003537807551 0.003535504557 0.003522059502 0.003648211117 0.00353124826 0.003529863731 0.00352844835 0.003432551381 0.003506440442 0.003342297638 0.003527700174 0.003489999549 0.00349923991 0.00340092115 0.003483517772 0.003413428477 0.0 0.0 0.0 0.0 0.0 0.0 0.0 0.0 0.0 0.0 0.0 0.0 0.0 0.0 0.0 0.0 0.0 0.0 0.0 0.0 0.0 0.0 0.0 0.0 0.0 0.0 0.0 0.0 0.0 0.0 0.0 0.0 0.0 0.0 0.0 0.0 0.0 0.0 0.0 0.0 0.0 0.0 0.0 0.0 0.0 0.0 0.0 0.0 0.0 0.0 0.0 0.0 0.0
0.0 0.0 0.0 0.0 0.0 0.0 0.0 0.0 0.0 0.0 0.0 0.0 0.0 0.0 0.0 0.0 0.0 0.0 0.0 0.0 0.0 0.0 0.003576216883 0.003639120132 0.003569658678 0.003607714611 0.003591046103 0.00359041799 0.00354546407 0.003555728592 0.003616288569 0.003623184784 0.003529057699 0.003538375812 0.003635779147 0.003715205343 0.003588456926 0.003559181787 0.003582433691 0.003698730506 0.003571520402 0.003666458613 0.003548583584 0.318052784677 0.003710874141 0.003710390088 0.003533150856 0.003582530514 0.003606608356 0.003665090025 0.003661222286 0.003709835343 0.003717032278 0.003708349947 0.003637575559 0.003723240019 0.00323209093 0.003600125711 0.00354234272 0.003548709107 0.003348010926 0.003570992169 0.003368888109 0.0 0.0 0.0 0.0 0.0 0.0 0.0 0.0 0.0 0.0 0.0 0.0 0.0 0.0 0.0 0.0 0.0 0.0 0.0 0.0 0.0 0.0 0.0 0.0 0.0 0.0 0.0 0.0 0.0 0.0 0.0 0.0 0.0 0.0 0.0 0.0 0.0 0.0 0.0 0.0 0.0 0.0 0.0 0.0 0.0 0.0 0.0 0.0 0.0 0.0 0.0 0.0 0.0
0.0 0.0 0.0 0.0 0.0 0.0 0.0 0.0 0.0 0.0 0.0 0.0 0.0 0.0 0.0 0.0 0.0 0.0 0.0 0.0 0.0 0.0 0.003539246208 0.003902531473 0.003534137248 0.003650612514 0.003756275417 0.003651196734 0.003432893046 0.003511486982 0.0037552952 0.003790011609 0.003450768724 0.003340705468 0.003922071896 0.004846282775 0.003745348938 0.003530690323 0.003509261235 0.004575202917 0.003618023008 0.004046609183 0.003526090679 0.003710874141 6.05255332142 0.004566934993 0.003421587658 0.003644119355 0.003788967629 0.0041865488 0.005943080093 0.004340807681 0.004343907323 0.004327305172 0.00370446908 0.004726231259 0.002971610503 0.003823358792 0.003738039402 0.003761162427 0.003149317544 0.003924510996 0.003248233509 0.0 0.0 0.0 0.0 0.0 0.0 0.0 0.0 0.0 0.0 0.0 0.0 0.0 0.0 0.0 0.0 0.0 0.0 0.0 0.0 0.0 0.0 0.0 0.0 0.0 0.0 0.0 0.0 0.0 0.0 0.0 0.0 0.0 0.0 0.0 0.0 0.0 0.0 0.0 0.0 0.0 0.0 0.0 0.0 0.0 0.0 0.0 0.0 0.0 0.0 0.0 0.0 0.0
0.0 0.0 0.0 0.0 0.0 0.0 0.0 0.0 0.0 0.0 0.0 0.0 0.0 0.0 0.0 0.0 0.0 0.0 0.0 0.0 0.0 0.0 0.00352421149 0.003937923328 0.003515305034 0.003645259306 0.003768893987 0.003659011513 0.003402565663 0.003479202353 0.003786476361 0.003803502923 0.003428417718 0.003316635417 0.003955758637 0.004873439084 0.003753236544 0.003512678597 0.003495024017 0.004651444992 0.003625142171 0.004107869037 0.003500515406 0.003710390088 0.004566934993 0.847589095511 0.003398127124 0.003639607675 0.003826408742 0.004258800706 0.003867557252 0.004445174011 0.004470055327 0.004439118699 0.005002579205 0.004805857842 0.002911787735 0.003847510101 0.003801343164 0.003823043178 0.003135365522 0.003988154665 0.003222809779 0.0 0.0 0.0 0.0 0.0 0.0 0.0 0.0 0.0 0.0 0.0 0.0 0.0 0.0 0.0 0.0 0.0 0.0 0.0 0.0 0.0 0.0 0.0 0.0 0.0 0.0 0.0 0.0 0.0 0.0 0.0 0.0 0.0 0.0 0.0 0.0 0.0 0.0 0.0 0.0 0.0 0.0 0.0 0.0 0.0 0.0 0.0 0.0 0.0 0.0 0.0 0.0 0.0
0.0 0.0 0.0 0.0 0.0 0.0 0.0 0.0 0.0 0.0 0.0 0.0 0.0 0.0 0.0 0.0 0.0 0.0 0.0 0.0 0.0 0.0 0.003554227013 0.003496801714 0.003546525962 0.003545053446 0.003496560067 0.0035338524 0.0035607355 0.003539865323 0.003525373846 0.003516827456 0.003539033575 0.003605484633 0.003486309981 0.00338004176 0.00349689885 0.00354152746 0.003589062471 0.003384105027 0.003529577349 0.003483115014 0.003531042342 0.003533150856 0.003421587658 0.003398127124 0.32984161246 0.003531554379 0.00349633585 0.00344390569 0.003481600165 0.003448548755 0.003451186798 0.003441483121 0.003312632976 0.003392160001 0.003360757882 0.003477875096 0.003458525794 0.003450997475 0.003446527633 0.003415158682 0.003419834909 0.0 0.0 0.0 0.0 0.0 0.0 0.0 0.0 0.0 0.0 0.0 0.0 0.0 0.0 0.0 0.0 0.0 0.0 0.0 0.0 0.0 0.0 0.0 0.0 0.0 0.0 0.0 0.0 0.0 0.0 0.0 0.0 0.0 0.0 0.0 0.0 0.0 0.0 0.0 0.0 0.0 0.0 0.0 0.0 0.0 0.0 0.0 0.0 0.0 0.0 0.0 0.0 0.0
0.0 0.0 0.0 0.0 0.0 0.0 0.0 0.0 0.0 0.0 0.0 0.0 0.0 0.0 0.0 0.0 0.0 0.0 0.0 0.0 0.0 0.0 0.003560202718 0.003600095559 0.003552752682 0.003586345398 0.003564310007 0.003573291257 0.003536204119 0.003542595565 0.00358857806 0.003591568888 0.003523560004 0.003545321745 0.003595511778 0.003632065394 0.003564581853 0.00354995194 0.003571211782 0.003618921836 0.00355210972 0.003617084098 0.003537807551 0.003582530514 0.003644119355 0.003639607675 0.003531554379 0.18638965006 0.003575624312 0.003609293762 0.003627319209 0.003642652599 0.00364405762 0.003639255212 0.003654512372 0.00365158754 0.00327921493 0.003568346043 0.003524615634 0.003529048037 0.003372311171 0.003535768187 0.003386261419 0.0 0.0 0.0 0.0 0.0 0.0 0.0 0.0 0.0 0.0 0.0 0.0 0.0 0.0 0.0 0.0 0.0 0.0 0.0 0.0 0.0 0.0 0.0 0.0 0.0 0.0 0.0 0.0 0.0 0.0 0.0 0.0 0.0 0.0 0.0 0.0 0.0 0.0 0.0 0.0 0.0 0.0 0.0 0.0 0.0 0.0 0.0 0.0 0.0 0.0 0.0 0.0 0.0
