82 82
2.92001710608 0.02443347052 0.02217094491 0.02288439772 0.0224293567 0.02232195752 0.02143741446 0.02243568358 0.02266407353 0.02298237934 0.0241909356 0.02154475269 0.02287575856 0.02039655569 0.02200153893 0.02407588392 0.02384334201 0.02270070218 0.022740651 0.02125775413 0.0 0.0 0.0 0.0 0.0 0.0 0.0 0.0 0.0 0.0 0.0 0.0 0.0 0.0 0.0 0.0 0.0 0.0 0.0 0.0 0.0 0.0 0.0 0.0 0.0 0.0 0.0 0.0 0.0 0.0 0.0 0.0 0.0 0.0 0.0 0.0 0.0 0.0 0.0 0.0 0.0 0.0 0.0 0.0 0.0 0.0 0.0 0.0 0.0 0.0 0.0 0.0 0.0 0.0 0.0 0.0 0.0 0.0 0.0 0.0 0.0 0.0
0.02443347052 12.7094862841 0.02301282737 0.02260828794 0.02300985814 0.02210241198 0.01999943767 0.02217954195 0.02374440539 0.02437097738 0.0267848734 0.02000511558 0.02310751164 0.01866853457 0.02267186587 0.02785308955 0.02818259019 0.02439996744 0.02461969243 0.02008415932 0.0 0.0 0.0 0.0 0.0 0.0 0.0 0.0 0.0 0.0 0.0 0.0 0.0 0.0 0.0 0.0 0.0 0.0 0.0 0.0 0.0 0.0 0.0 0.0 0.0 0.0 0.0 0.0 0.0 0.0 0.0 0.0 0.0 0.0 0.0 0.0 0.0 0.0 0.0 0.0 0.0 0.0 0.0 0.0 0.0 0.0 0.0 0.0 0.0 0.0 0.0 0.0 0.0 0.0 0.0 0.0 0.0 0.0 0.0 0.0 0.0 0.0
0.02217094491 0.02301282737 0.929375207379 0.02191640238 0.02240765745 0.02188387551 0.02135636739 0.02192884861 0.02256321376 0.02263473422 0.02277869852 0.02119672936 0.02215484639 0.02108261369 0.02250935405 0.02313158447 0.02319220709 0.0227959606 0.02286043505 0.02143301918 0.0 0.0 0.0 0.0 0.0 0.0 0.0 0.0 0.0 0.0 0.0 0.0 0.0 0.0 0.0 0.0 0.0 0.0 0.0 0.0 0.0 0.0 0.0 0.0 0.0 0.0 0.0 0.0 0.0 0.0 0.0 0.0 0.0 0.0 0.0 0.0 0.0 0.0 0.0 0.0 0.0 0.0 0.0 0.0 0.0 0.0 0.0 0.0 0.0 0.0 0.0 0.0 0.0 0.0 0.0 0.0 0.0 0.0 0.0 0.0 0.0 0.0
0.02288439772 0.02260828794 0.02191640238 0.972405401283 0.02220670857 0.02247679088 0.02218001806 0.02251338496 0.02224159621 0.0222727823 0.0226913732 0.02244415866 0.02263476396 0.02174930468 0.02166302459 0.02249200858 0.02220072161 0.02197699319 0.02197446921 0.02172743417 0.0 0.0 0.0 0.0 0.0 0.0 0.0 0.0 0.0 0.0 0.0 0.0 0.0 0.0 0.0 0.0 0.0 0.0 0.0 0.0 0.0 0.0 0.0 0.0 0.0 0.0 0.0 0.0 0.0 0.0 0.0 0.0 0.0 0.0 0.0 0.0 0.0 0.0 0.0 0.0 0.0 0.0 0.0 0.0 0.0 0.0 0.0 0.0 0.0 0.0 0.0 0.0 0.0 0.0 0.0 0.0 0.0 0.0 0.0 0.0 0.0 0.0
0.0224293567 0.02300985814 0.02240765745 0.02220670857 1.45081339759 0.02204044717 0.02152703089 0.0221144012 0.0225405246 0.0226346851 0.02283005071 0.0214523426 0.02234081401 0.02108865432 0.02233474919 0.02301932544 0.02301144635 0.02264427445 0.02270176516 0.02140355596 0.0 0.0 0.0 0.0 0.0 0.0 0.0 0.0 0.0 0.0 0.0 0.0 0.0 0.0 0.0 0.0 0.0 0.0 0.0 0.0 0.0 0.0 0.0 0.0 0.0 0.0 0.0 0.0 0.0 0.0 0.0 0.0 0.0 0.0 0.0 0.0 0.0 0.0 0.0 0.0 0.0 0.0 0.0 0.0 0.0 0.0 0.0 0.0 0.0 0.0 0.0 0.0 0.0 0.0 0.0 0.0 0.0 0.0 0.0 0.0 0.0 0.0
0.02232195752 0.02210241198 0.02188387551 0.02247679088 0.02204044717 0.980653849991 0.02233165839 0.02231205513 0.02209020203 0.02201731143 0.0221891077 0.02259146978 0.02230673885 0.0223849874 0.02165138015 0.02213573561 0.0218734724 0.02186172892 0.02186507226 0.02188735553 0.0 0.0 0.0 0.0 0.0 0.0 0.0 0.0 0.0 0.0 0.0 0.0 0.0 0.0 0.0 0.0 0.0 0.0 0.0 0.0 0.0 0.0 0.0 0.0 0.0 0.0 0.0 0.0 0.0 0.0 0.0 0.0 0.0 0.0 0.0 0.0 0.0 0.0 0.0 0.0 0.0 0.0 0.0 0.0 0.0 0.0 0.0 0.0 0.0 0.0 0.0 0.0 0.0 0.0 0.0 0.0 0.0 0.0 0.0 0.0 0.0 0.0
0.02143741446 0.01999943767 0.02135636739 0.02218001806 0.02152703089 0.02233165839 1.35510882711 0.02222528386 0.02119197846 0.02103782575 0.02042702544 0.02358387701 0.02178238733 0.02372270591 0.02131448318 0.01994681786 0.01989837725 0.02082201422 0.02077768053 0.02289108689 0.0 0.0 0.0 0.0 0.0 0.0 0.0 0.0 0.0 0.0 0.0 0.0 0.0 0.0 0.0 0.0 0.0 0.0 0.0 0.0 0.0 0.0 0.0 0.0 0.0 0.0 0.0 0.0 0.0 0.0 0.0 0.0 0.0 0.0 0.0 0.0 0.0 0.0 0.0 0.0 0.0 0.0 0.0 0.0 0.0 0.0 0.0 0.0 0.0 0.0 0.0 0.0 0.0 0.0 0.0 0.0 0.0 0.0 0.0 0.0 0.0 0.0
0.02243568358 0.02217954195 0.02192884861 0.02251338496 0.0221144012 0.02231205513 0.02222528386 1.871015983 0.02207615008 0.02207914748 0.02227828836 0.02240089461 0.0223760627 0.02193963673 0.02177013819 0.02212641458 0.02200075423 0.02189906421 0.02187353636 0.02193147565 0.0 0.0 0.0 0.0 0.0 0.0 0.0 0.0 0.0 0.0 0.0 0.0 0.0 0.0 0.0 0.0 0.0 0.0 0.0 0.0 0.0 0.0 0.0 0.0 0.0 0.0 0.0 0.0 0.0 0.0 0.0 0.0 0.0 0.0 0.0 0.0 0.0 0.0 0.0 0.0 0.0 0.0 0.0 0.0 0.0 0.0 0.0 0.0 0.0 0.0 0.0 0.0 0.0 0.0 0.0 0.0 0.0 0.0 0.0 0.0 0.0 0.0
0.02266407353 0.02374440539 0.02256321376 0.02224159621 0.0225405246 0.02209020203 0.02119197846 0.02207615008 5.20745165216 0.02294137821 0.02346804616 0.0211922119 0.0224556458 0.02085365748 0.02239006997 0.02390990118 0.02366593843 0.02303942437 0.02311674229 0.02115631408 0.0 0.0 0.0 0.0 0.0 0.0 0.0 0.0 0.0 0.0 0.0 0.0 0.0 0.0 0.0 0.0 0.0 0.0 0.0 0.0 0.0 0.0 0.0 0.0 0.0 0.0 0.0 0.0 0.0 0.0 0.0 0.0 0.0 0.0 0.0 0.0 0.0 0.0 0.0 0.0 0.0 0.0 0.0 0.0 0.0 0.0 0.0 0.0 0.0 0.0 0.0 0.0 0.0 0.0 0.0 0.0 0.0 0.0 0.0 0.0 0.0 0.0
0.02298237934 0.02437097738 0.02263473422 0.0222727823 0.0226346851 0.02201731143 0.02103782575 0.02207914748 0.02294137821 2.14065793366 0.02390239503 0.02094790006 0.02254414051 0.02031118732 0.02254453397 0.02431442927 0.02435273918 0.02325082675 0.0233717791 0.02100704891 0.0 0.0 0.0 0.0 0.0 0.0 0.0 0.0 0.0 0.0 0.0 0.0 0.0 0.0 0.0 0.0 0.0 0.0 0.0 0.0 0.0 0.0 0.0 0.0 0.0 0.0 0.0 0.0 0.0 0.0 0.0 0.0 0.0 0.0 0.0 0.0 0.0 0.0 0.0 0.0 0.0 0.0 0.0 0.0 0.0 0.0 0.0 0.0 0.0 0.0 0.0 0.0 0.0 0.0 0.0 0.0 0.0 0.0 0.0 0.0 0.0 0.0
0.0241909356 0.0267848734 0.02277869852 0.0226913732 0.02283005071 0.0221891077 0.02042702544 0.02227828836 0.02346804616 0.02390239503 1.04545994099 0.02045554911 0.02306262591 0.01919916191 0.02251666197 0.02659950498 0.02637594157 0.02387709405 0.0239800069 0.02048280101 0.0 0.0 0.0 0.0 0.0 0.0 0.0 0.0 0.0 0.0 0.0 0.0 0.0 0.0 0.0 0.0 0.0 0.0 0.0 0.0 0.0 0.0 0.0 0.0 0.0 0.0 0.0 0.0 0.0 0.0 0.0 0.0 0.0 0.0 0.0 0.0 0.0 0.0 0.0 0.0 0.0 0.0 0.0 0.0 0.0 0.0 0.0 0.0 0.0 0.0 0.0 0.0 0.0 0.0 0.0 0.0 0.0 0.0 0.0 0.0 0.0 0.0
0.02154475269 0.02000511558 0.02119672936 0.02244415866 0.0214523426 0.02259146978 0.02358387701 0.02240089461 0.0211922119 0.02094790006 0.02045554911 0.598885615348 0.02192595477 0.0243092357 0.02102361621 0.01995657151 0.0197979831 0.02063780494 0.02057646455 0.02294527012 0.0 0.0 0.0 0.0 0.0 0.0 0.0 0.0 0.0 0.0 0.0 0.0 0.0 0.0 0.0 0.0 0.0 0.0 0.0 0.0 0.0 0.0 0.0 0.0 0.0 0.0 0.0 0.0 0.0 0.0 0.0 0.0 0.0 0.0 0.0 0.0 0.0 0.0 0.0 0.0 0.0 0.0 0.0 0.0 0.0 0.0 0.0 0.0 0.0 0.0 0.0 0.0 0.0 0.0 0.0 0.0 0.0 0.0 0.0 0.0 0.0 0.0
0.02287575856 0.02310751164 0.02215484639 0.02263476396 0.02234081401 0.02230673885 0.02178238733 0.0223760627 0.0224556458 0.02254414051 0.02306262591 0.02192595477 0.815239360951 0.02122230219 0.02199141192 0.02307583445 0.02285331787 0.02236604206 0.02236854155 0.02156112084 0.0 0.0 0.0 0.0 0.0 0.0 0.0 0.0 0.0 0.0 0.0 0.0 0.0 0.0 0.0 0.0 0.0 0.0 0.0 0.0 0.0 0.0 0.0 0.0 0.0 0.0 0.0 0.0 0.0 0.0 0.0 0.0 0.0 0.0 0.0 0.0 0.0 0.0 0.0 0.0 0.0 0.0 0.0 0.0 0.0 0.0 0.0 0.0 0.0 0.0 0.0 0.0 0.0 0.0 0.0 0.0 0.0 0.0 0.0 0.0 0.0 0.0
0.02039655569 0.01866853457 0.02108261369 0.02174930468 0.02108865432 0.0223849874 0.02372270591 0.02193963673 0.02085365748 0.02031118732 0.01919916191 0.0243092357 0.02122230219 0.831278933056 0.02090109818 0.01877545717 0.01868983995 0.02028045505 0.02020827076 0.0231983674 0.0 0.0 0.0 0.0 0.0 0.0 0.0 0.0 0.0 0.0 0.0 0.0 0.0 0.0 0.0 0.0 0.0 0.0 0.0 0.0 0.0 0.0 0.0 0.0 0.0 0.0 0.0 0.0 0.0 0.0 0.0 0.0 0.0 0.0 0.0 0.0 0.0 0.0 0.0 0.0 0.0 0.0 0.0 0.0 0.0 0.0 0.0 0.0 0.0 0.0 0.0 0.0 0.0 0.0 0.0 0.0 0.0 0.0 0.0 0.0 0.0 0.0
0.02200153893 0.02267186587 0.02250935405 0.02166302459 0.02233474919 0.02165138015 0.02131448318 0.02177013819 0.02239006997 0.02254453397 0.02251666197 0.02102361621 0.02199141192 0.02090109818 0.913025902742 0.02283463569 0.02303695195 0.02272115039 0.02276404192 0.02168796421 0.0 0.0 0.0 0.0 0.0 0.0 0.0 0.0 0.0 0.0 0.0 0.0 0.0 0.0 0.0 0.0 0.0 0.0 0.0 0.0 0.0 0.0 0.0 0.0 0.0 0.0 0.0 0.0 0.0 0.0 0.0 0.0 0.0 0.0 0.0 0.0 0.0 0.0 0.0 0.0 0.0 0.0 0.0 0.0 0.0 0.0 0.0 0.0 0.0 0.0 0.0 0.0 0.0 0.0 0.0 0.0 0.0 0.0 0.0 0.0 0.0 0.0
0.02407588392 0.02785308955 0.02313158447 0.02249200858 0.02301932544 0.02213573561 0.01994681786 0.02212641458 0.02390990118 0.02431442927 0.02659950498 0.01995657151 0.02307583445 0.01877545717 0.02283463569 6.9885439078 0.02770300215 0.02450495748 0.02471026594 0.02007561729 0.0 0.0 0.0 0.0 0.0 0.0 0.0 0.0 0.0 0.0 0.0 0.0 0.0 0.0 0.0 0.0 0.0 0.0 0.0 0.0 0.0 0.0 0.0 0.0 0.0 0.0 0.0 0.0 0.0 0.0 0.0 0.0 0.0 0.0 0.0 0.0 0.0 0.0 0.0 0.0 0.0 0.0 0.0 0.0 0.0 0.0 0.0 0.0 0.0 0.0 0.0 0.0 0.0 0.0 0.0 0.0 0.0 0.0 0.0 0.0 0.0 0.0
0.02384334201 0.02818259019 0.02319220709 0.02220072161 0.02301144635 0.0218734724 0.01989837725 0.02200075423 0.02366593843 0.02435273918 0.02637594157 0.0197979831 0.02285331787 0.01868983995 0.02303695195 0.02770300215 5.0262099942 0.02457400677 0.02480270441 0.02013500793 0.0 0.0 0.0 0.0 0.0 0.0 0.0 0.0 0.0 0.0 0.0 0.0 0.0 0.0 0.0 0.0 0.0 0.0 0.0 0.0 0.0 0.0 0.0 0.0 0.0 0.0 0.0 0.0 0.0 0.0 0.0 0.0 0.0 0.0 0.0 0.0 0.0 0.0 0.0 0.0 0.0 0.0 0.0 0.0 0.0 0.0 0.0 0.0 0.0 0.0 0.0 0.0 0.0 0.0 0.0 0.0 0.0 0.0 0.0 0.0 0.0 0.0
0.02270070218 0.02439996744 0.0227959606 0.02197699319 0.02264427445 0.02186172892 0.02082201422 0.02189906421 0.02303942437 0.02325082675 0.02387709405 0.02063780494 0.02236604206 0.02028045505 0.02272115039 0.02450495748 0.02457400677 1.29801053811 0.02364327516 0.02089947951 0.0 0.0 0.0 0.0 0.0 0.0 0.0 0.0 0.0 0.0 0.0 0.0 0.0 0.0 0.0 0.0 0.0 0.0 0.0 0.0 0.0 0.0 0.0 0.0 0.0 0.0 0.0 0.0 0.0 0.0 0.0 0.0 0.0 0.0 0.0 0.0 0.0 0.0 0.0 0.0 0.0 0.0 0.0 0.0 0.0 0.0 0.0 0.0 0.0 0.0 0.0 0.0 0.0 0.0 0.0 0.0 0.0 0.0 0.0 0.0 0.0 0.0
0.022740651 0.02461969243 0.02286043505 0.02197446921 0.02270176516 0.02186507226 0.02077768053 0.02187353636 0.02311674229 0.0233717791 0.0239800069 0.02057646455 0.02236854155 0.02020827076 0.02276404192 0.02471026594 0.02480270441 0.02364327516 1.18384244237 0.02079207305 0.0 0.0 0.0 0.0 0.0 0.0 0.0 0.0 0.0 0.0 0.0 0.0 0.0 0.0 0.0 0.0 0.0 0.0 0.0 0.0 0.0 0.0 0.0 0.0 0.0 0.0 0.0 0.0 0.0 0.0 0.0 0.0 0.0 0.0 0.0 0.0 0.0 0.0 0.0 0.0 0.0 0.0 0.0 0.0 0.0 0.0 0.0 0.0 0.0 0.0 0.0 0.0 0.0 0.0 0.0 0.0 0.0 0.0 0.0 0.0 0.0 0.0
0.02125775413 0.02008415932 0.02143301918 0.02172743417 0.02140355596 0.02188735553 0.02289108689 0.02193147565 0.02115631408 0.02100704891 0.02048280101 0.02294527012 0.02156112084 0.0231983674 0.02168796421 0.02007561729 0.02013500793 0.02089947951 0.02079207305 0.48916587355 0.0 0.0 0.0 0.0 0.0 0.0 0.0 0.0 0.0 0.0 0.0 0.0 0.0 0.0 0.0 0.0 0.0 0.0 0.0 0.0 0.0 0.0 0.0 0.0 0.0 0.0 0.0 0.0 0.0 0.0 0.0 0.0 0.0 0.0 0.0 0.0 0.0 0.0 0.0 0.0 0.0 0.0 0.0 0.0 0.0 0.0 0.0 0.0 0.0 0.0 0.0 0.0 0.0 0.0 0.0 0.0 0.0 0.0 0.0 0.0 0.0 0.0
0.0 0.0 0.0 0.0 0.0 0.0 0.0 0.0 0.0 0.0 0.0 0.0 0.0 0.0 0.0 0.0 0.0 0.0 0.0 0.0 1.98878699694 0.01456471727 0.01210350764 0.0123273657 0.01274202062 0.01044637821 0.01243288327 0.01119053737 0.01067679023 0.01230308531 0.01197866995 0.01189328945 0.01321596978 0.01255827802 0.01241323944 0.01136094587 0.01359695279 0.01147347347 0.01409339278 0.01074492182 0.01128701366 0.01208405714 0.0 0.0 0.0 0.0 0.0 0.0 0.0 0.0 0.0 0.0 0.0 0.0 0.0 0.0 0.0 0.0 0.0 0.0 0.0 0.0 0.0 0.0 0.0 0.0 0.0 0.0 0.0 0.0 0.0 0.0 0.0 0.0 0.0 0.0 0.0 0.0 0.0 0.0 0.0 0.0
0.0 0.0 0.0 0.0 0.0 0.0 0.0 0.0 0.0 0.0 0.0 0.0 0.0 0.0 0.0 0.0 0.0 0.0 0.0 0.0 0.01456471727 48.2084979444 0.0120238218 0.01244826114 0.01309400737 0.009669887549 0.01265256677 0.0108742297 0.01003464089 0.01252999699 0.01191053995 0.01175496994 0.01372880043 0.01276924742 0.01255450983 0.01082856254 0.01435990769 0.01107264101 0.01500693199 0.009857231392 0.01089450026 0.01201770443 0.0 0.0 0.0 0.0 0.0 0.0 0.0 0.0 0.0 0.0 0.0 0.0 0.0 0.0 0.0 0.0 0.0 0.0 0.0 0.0 0.0 0.0 0.0 0.0 0.0 0.0 0.0 0.0 0.0 0.0 0.0 0.0 0.0 0.0 0.0 0.0 0.0 0.0 0.0 0.0
0.0 0.0 0.0 0.0 0.0 0.0 0.0 0.0 0.0 0.0 0.0 0.0 0.0 0.0 0.0 0.0 0.0 0.0 0.0 0.0 0.01210350764 0.0120238218 1.30161907766 0.01224682271 0.01224211401 0.01228747533 0.01214529121 0.01219242141 0.01211373366 0.01227062526 0.01225899112 0.01220129319 0.01213573565 0.01219946931 0.01219616698 0.01218777059 0.01214449519 0.01218207211 0.01195277587 0.01203927598 0.01190745179 0.01209899458 0.0 0.0 0.0 0.0 0.0 0.0 0.0 0.0 0.0 0.0 0.0 0.0 0.0 0.0 0.0 0.0 0.0 0.0 0.0 0.0 0.0 0.0 0.0 0.0 0.0 0.0 0.0 0.0 0.0 0.0 0.0 0.0 0.0 0.0 0.0 0.0 0.0 0.0 0.0 0.0
0.0 0.0 0.0 0.0 0.0 0.0 0.0 0.0 0.0 0.0 0.0 0.0 0.0 0.0 0.0 0.0 0.0 0.0 0.0 0.0 0.0123273657 0.01244826114 0.01224682271 1.0274789945 0.0125335131 0.0119616573 0.01235317804 0.01230873686 0.01183791995 0.0124920821 0.01220267926 0.01226835447 0.01236020326 0.01238389411 0.01224436913 0.01177952974 0.01245665196 0.01204148384 0.0122344662 0.0113783293 0.01179216328 0.01206263207 0.0 0.0 0.0 0.0 0.0 0.0 0.0 0.0 0.0 0.0 0.0 0.0 0.0 0.0 0.0 0.0 0.0 0.0 0.0 0.0 0.0 0.0 0.0 0.0 0.0 0.0 0.0 0.0 0.0 0.0 0.0 0.0 0.0 0.0 0.0 0.0 0.0 0.0 0.0 0.0
0.0 0.0 0.0 0.0 0.0 0.0 0.0 0.0 0.0 0.0 0.0 0.0 0.0 0.0 0.0 0.0 0.0 0.0 0.0 0.0 0.01274202062 0.01309400737 0.01224211401 0.0125335131 1.74181563285 0.01160459424 0.01245232082 0.01210644229 0.01153620796 0.01258416149 0.01217623882 0.01222730398 0.01264572073 0.01250781549 0.01233260012 0.01158504963 0.01286432914 0.01186401396 0.01269716963 0.01106592323 0.01159202807 0.01201728507 0.0 0.0 0.0 0.0 0.0 0.0 0.0 0.0 0.0 0.0 0.0 0.0 0.0 0.0 0.0 0.0 0.0 0.0 0.0 0.0 0.0 0.0 0.0 0.0 0.0 0.0 0.0 0.0 0.0 0.0 0.0 0.0 0.0 0.0 0.0 0.0 0.0 0.0 0.0 0.0
0.0 0.0 0.0 0.0 0.0 0.0 0.0 0.0 0.0 0.0 0.0 0.0 0.0 0.0 0.0 0.0 0.0 0.0 0.0 0.0 0.01044637821 0.009669887549 0.01228747533 0.0119616573 0.01160459424 3.27609664028 0.01181870147 0.01363361968 0.01467966969 0.01206094751 0.01241068562 0.01254478048 0.01090604643 0.01165465813 0.01196136875 0.01311487118 0.01056970093 0.01281690557 0.009831190219 0.01388271215 0.01300238898 0.01175169998 0.0 0.0 0.0 0.0 0.0 0.0 0.0 0.0 0.0 0.0 0.0 0.0 0.0 0.0 0.0 0.0 0.0 0.0 0.0 0.0 0.0 0.0 0.0 0.0 0.0 0.0 0.0 0.0 0.0 0.0 0.0 0.0 0.0 0.0 0.0 0.0 0.0 0.0 0.0 0.0
0.0 0.0 0.0 0.0 0.0 0.0 0.0 0.0 0.0 0.0 0.0 0.0 0.0 0.0 0.0 0.0 0.0 0.0 0.0 0.0 0.01243288327 0.01265256677 0.01214529121 0.01235317804 0.01245232082 0.01181870147 1.38815710249 0.01218296207 0.01181032193 0.01235439197 0.01213546053 0.01220689501 0.01239482538 0.0123489505 0.01221670805 0.01174931696 0.01251367648 0.01197088275 0.01248770996 0.01143108448 0.01195169859 0.01207527368 0.0 0.0 0.0 0.0 0.0 0.0 0.0 0.0 0.0 0.0 0.0 0.0 0.0 0.0 0.0 0.0 0.0 0.0 0.0 0.0 0.0 0.0 0.0 0.0 0.0 0.0 0.0 0.0 0.0 0.0 0.0 0.0 0.0 0.0 0.0 0.0 0.0 0.0 0.0 0.0
0.0 0.0 0.0 0.0 0.0 0.0 0.0 0.0 0.0 0.0 0.0 0.0 0.0 0.0 0.0 0.0 0.0 0.0 0.0 0.0 0.01119053737 0.0108742297 0.01219242141 0.01230873686 0.01210644229 0.01363361968 0.01218296207 1.0794517388 0.01320850471 0.01237961783 0.01229641617 0.01249881778 0.01155825502 0.01204548733 0.01205205413 0.01225112959 0.01140637691 0.01249028271 0.01087977888 0.01231534305 0.01252837471 0.01193861215 0.0 0.0 0.0 0.0 0.0 0.0 0.0 0.0 0.0 0.0 0.0 0.0 0.0 0.0 0.0 0.0 0.0 0.0 0.0 0.0 0.0 0.0 0.0 0.0 0.0 0.0 0.0 0.0 0.0 0.0 0.0 0.0 0.0 0.0 0.0 0.0 0.0 0.0 0.0 0.0
0.0 0.0 0.0 0.0 0.0 0.0 0.0 0.0 0.0 0.0 0.0 0.0 0.0 0.0 0.0 0.0 0.0 0.0 0.0 0.0 0.01067679023 0.01003464089 0.01211373366 0.01183791995 0.01153620796 0.01467966969 0.01181032193 0.01320850471 0.658361015338 0.01188331066 0.0122644875 0.01237671062 0.01102608171 0.01162509479 0.01190810354 0.01299010449 0.01075237795 0.01266466898 0.01028300185 0.01370838878 0.01306304989 0.01182772027 0.0 0.0 0.0 0.0 0.0 0.0 0.0 0.0 0.0 0.0 0.0 0.0 0.0 0.0 0.0 0.0 0.0 0.0 0.0 0.0 0.0 0.0 0.0 0.0 0.0 0.0 0.0 0.0 0.0 0.0 0.0 0.0 0.0 0.0 0.0 0.0 0.0 0.0 0.0 0.0
0.0 0.0 0.0 0.0 0.0 0.0 0.0 0.0 0.0 0.0 0.0 0.0 0.0 0.0 0.0 0.0 0.0 0.0 0.0 0.0 0.01230308531 0.01252999699 0.01227062526 0.0124920821 0.01258416149 0.01206094751 0.01235439197 0.01237961783 0.01188331066 1.27375330781 0.01223676693 0.01229432954 0.0123547388 0.01239349372 0.01226086915 0.0117816592 0.01245905866 0.0120468115 0.01217424728 0.01137492321 0.0117454307 0.012037637 0.0 0.0 0.0 0.0 0.0 0.0 0.0 0.0 0.0 0.0 0.0 0.0 0.0 0.0 0.0 0.0 0.0 0.0 0.0 0.0 0.0 0.0 0.0 0.0 0.0 0.0 0.0 0.0 0.0 0.0 0.0 0.0 0.0 0.0 0.0 0.0 0.0 0.0 0.0 0.0
0.0 0.0 0.0 0.0 0.0 0.0 0.0 0.0 0.0 0.0 0.0 0.0 0.0 0.0 0.0 0.0 0.0 0.0 0.0 0.0 0.01197866995 0.01191053995 0.01225899112 0.01220267926 0.01217623882 0.01241068562 0.01213546053 0.01229641617 0.0122644875 0.01223676693 2.39257072052 0.01222064423 0.01204205678 0.01214952061 0.01216085667 0.01221989328 0.01202624013 0.01222227581 0.01185497535 0.01212464801 0.01206638877 0.01209250357 0.0 0.0 0.0 0.0 0.0 0.0 0.0 0.0 0.0 0.0 0.0 0.0 0.0 0.0 0.0 0.0 0.0 0.0 0.0 0.0 0.0 0.0 0.0 0.0 0.0 0.0 0.0 0.0 0.0 0.0 0.0 0.0 0.0 0.0 0.0 0.0 0.0 0.0 0.0 0.0
0.0 0.0 0.0 0.0 0.0 0.0 0.0 0.0 0.0 0.0 0.0 0.0 0.0 0.0 0.0 0.0 0.0 0.0 0.0 0.0 0.01189328945 0.01175496994 0.01220129319 0.01226835447 0.01222730398 0.01254478048 0.01220689501 0.01249881778 0.01237671062 0.01229432954 0.01222064423 1.13924275253 0.01200707051 0.01217447459 0.01214141704 0.01210532546 0.01199796102 0.01222672399 0.01176261273 0.01200268746 0.01215977575 0.01204780474 0.0 0.0 0.0 0.0 0.0 0.0 0.0 0.0 0.0 0.0 0.0 0.0 0.0 0.0 0.0 0.0 0.0 0.0 0.0 0.0 0.0 0.0 0.0 0.0 0.0 0.0 0.0 0.0 0.0 0.0 0.0 0.0 0.0 0.0 0.0 0.0 0.0 0.0 0.0 0.0
0.0 0.0 0.0 0.0 0.0 0.0 0.0 0.0 0.0 0.0 0.0 0.0 0.0 0.0 0.0 0.0 0.0 0.0 0.0 0.0 0.01321596978 0.01372880043 0.01213573565 0.01236020326 0.01264572073 0.01090604643 0.01239482538 0.01155825502 0.01102608171 0.0123547388 0.01204205678 0.01200707051 1.36403581861 0.01248578995 0.01233439029 0.01147431404 0.01317251946 0.01168140228 0.01343758824 0.01094839732 0.01144870693 0.01210658767 0.0 0.0 0.0 0.0 0.0 0.0 0.0 0.0 0.0 0.0 0.0 0.0 0.0 0.0 0.0 0.0 0.0 0.0 0.0 0.0 0.0 0.0 0.0 0.0 0.0 0.0 0.0 0.0 0.0 0.0 0.0 0.0 0.0 0.0 0.0 0.0 0.0 0.0 0.0 0.0
0.0 0.0 0.0 0.0 0.0 0.0 0.0 0.0 0.0 0.0 0.0 0.0 0.0 0.0 0.0 0.0 0.0 0.0 0.0 0.0 0.01255827802 0.01276924742 0.01219946931 0.01238389411 0.01250781549 0.01165465813 0.0123489505 0.01204548733 0.01162509479 0.01239349372 0.01214952061 0.01217447459 0.01248578995 1.17816043091 0.01225301328 0.01174509575 0.01262582797 0.01194111334 0.01258681232 0.01136505886 0.01177079621 0.01209373411 0.0 0.0 0.0 0.0 0.0 0.0 0.0 0.0 0.0 0.0 0.0 0.0 0.0 0.0 0.0 0.0 0.0 0.0 0.0 0.0 0.0 0.0 0.0 0.0 0.0 0.0 0.0 0.0 0.0 0.0 0.0 0.0 0.0 0.0 0.0 0.0 0.0 0.0 0.0 0.0
0.0 0.0 0.0 0.0 0.0 0.0 0.0 0.0 0.0 0.0 0.0 0.0 0.0 0.0 0.0 0.0 0.0 0.0 0.0 0.0 0.01241323944 0.01255450983 0.01219616698 0.01224436913 0.01233260012 0.01196136875 0.01221670805 0.01205205413 0.01190810354 0.01226086915 0.01216085667 0.01214141704 0.01233439029 0.01225301328 0.900635029246 0.01199112564 0.01242937445 0.0120185994 0.01240811345 0.01177530796 0.01187938351 0.01206207912 0.0 0.0 0.0 0.0 0.0 0.0 0.0 0.0 0.0 0.0 0.0 0.0 0.0 0.0 0.0 0.0 0.0 0.0 0.0 0.0 0.0 0.0 0.0 0.0 0.0 0.0 0.0 0.0 0.0 0.0 0.0 0.0 0.0 0.0 0.0 0.0 0.0 0.0 0.0 0.0
0.0 0.0 0.0 0.0 0.0 0.0 0.0 0.0 0.0 0.0 0.0 0.0 0.0 0.0 0.0 0.0 0.0 0.0 0.0 0.0 0.01136094587 0.01082856254 0.01218777059 0.01177952974 0.01158504963 0.01311487118 0.01174931696 0.01225112959 0.01299010449 0.0117816592 0.01221989328 0.01210532546 0.01147431404 0.01174509575 0.01199112564 0.992188504841 0.01130181323 0.01250640411 0.01115486276 0.01349464749 0.01257232916 0.01209261202 0.0 0.0 0.0 0.0 0.0 0.0 0.0 0.0 0.0 0.0 0.0 0.0 0.0 0.0 0.0 0.0 0.0 0.0 0.0 0.0 0.0 0.0 0.0 0.0 0.0 0.0 0.0 0.0 0.0 0.0 0.0 0.0 0.0 0.0 0.0 0.0 0.0 0.0 0.0 0.0
0.0 0.0 0.0 0.0 0.0 0.0 0.0 0.0 0.0 0.0 0.0 0.0 0.0 0.0 0.0 0.0 0.0 0.0 0.0 0.0 0.01359695279 0.01435990769 0.01214449519 0.01245665196 0.01286432914 0.01056970093 0.01251367648 0.01140637691 0.01075237795 0.01245905866 0.01202624013 0.01199796102 0.01317251946 0.01262582797 0.01242937445 0.01130181323 1.31000576957 0.01151926014 0.01386959176 0.01061940709 0.01129902596 0.01205312909 0.0 0.0 0.0 0.0 0.0 0.0 0.0 0.0 0.0 0.0 0.0 0.0 0.0 0.0 0.0 0.0 0.0 0.0 0.0 0.0 0.0 0.0 0.0 0.0 0.0 0.0 0.0 0.0 0.0 0.0 0.0 0.0 0.0 0.0 0.0 0.0 0.0 0.0 0.0 0.0
0.0 0.0 0.0 0.0 0.0 0.0 0.0 0.0 0.0 0.0 0.0 0.0 0.0 0.0 0.0 0.0 0.0 0.0 0.0 0.0 0.01147347347 0.01107264101 0.01218207211 0.01204148384 0.01186401396 0.01281690557 0.01197088275 0.01249028271 0.01266466898 0.0120468115 0.01222227581 0.01222672399 0.01168140228 0.01194111334 0.0120185994 0.01250640411 0.01151926014 2.17066211697 0.0112900593 0.01268037514 0.0123838079 0.01211976212 0.0 0.0 0.0 0.0 0.0 0.0 0.0 0.0 0.0 0.0 0.0 0.0 0.0 0.0 0.0 0.0 0.0 0.0 0.0 0.0 0.0 0.0 0.0 0.0 0.0 0.0 0.0 0.0 0.0 0.0 0.0 0.0 0.0 0.0 0.0 0.0 0.0 0.0 0.0 0.0
0.0 0.0 0.0 0.0 0.0 0.0 0.0 0.0 0.0 0.0 0.0 0.0 0.0 0.0 0.0 0.0 0.0 0.0 0.0 0.0 0.01409339278 0.01500693199 0.01195277587 0.0122344662 0.01269716963 0.009831190219 0.01248770996 0.01087977888 0.01028300185 0.01217424728 0.01185497535 0.01176261273 0.01343758824 0.01258681232 0.01240811345 0.01115486276 0.01386959176 0.0112900593 1.5898758264 0.01046564526 0.01128351457 0.01215198664 0.0 0.0 0.0 0.0 0.0 0.0 0.0 0.0 0.0 0.0 0.0 0.0 0.0 0.0 0.0 0.0 0.0 0.0 0.0 0.0 0.0 0.0 0.0 0.0 0.0 0.0 0.0 0.0 0.0 0.0 0.0 0.0 0.0 0.0 0.0 0.0 0.0 0.0 0.0 0.0
0.0 0.0 0.0 0.0 0.0 0.0 0.0 0.0 0.0 0.0 0.0 0.0 0.0 0.0 0.0 0.0 0.0 0.0 0.0 0.0 0.01074492182 0.009857231392 0.01203927598 0.0113783293 0.01106592323 0.01388271215 0.01143108448 0.01231534305 0.01370838878 0.01137492321 0.01212464801 0.01200268746 0.01094839732 0.01136505886 0.01177530796 0.01349464749 0.01061940709 0.01268037514 0.01046564526 0.964424649039 0.01318969998 0.01212523107 0.0 0.0 0.0 0.0 0.0 0.0 0.0 0.0 0.0 0.0 0.0 0.0 0.0 0.0 0.0 0.0 0.0 0.0 0.0 0.0 0.0 0.0 0.0 0.0 0.0 0.0 0.0 0.0 0.0 0.0 0.0 0.0 0.0 0.0 0.0 0.0 0.0 0.0 0.0 0.0
0.0 0.0 0.0 0.0 0.0 0.0 0.0 0.0 0.0 0.0 0.0 0.0 0.0 0.0 0.0 0.0 0.0 0.0 0.0 0.0 0.01128701366 0.01089450026 0.01190745179 0.01179216328 0.01159202807 0.01300238898 0.01195169859 0.01252837471 0.01306304989 0.0117454307 0.01206638877 0.01215977575 0.01144870693 0.01177079621 0.01187938351 0.01257232916 0.01129902596 0.0123838079 0.01128351457 0.01318969998 1.05466114592 0.01209342512 0.0 0.0 0.0 0.0 0.0 0.0 0.0 0.0 0.0 0.0 0.0 0.0 0.0 0.0 0.0 0.0 0.0 0.0 0.0 0.0 0.0 0.0 0.0 0.0 0.0 0.0 0.0 0.0 0.0 0.0 0.0 0.0 0.0 0.0 0.0 0.0 0.0 0.0 0.0 0.0
0.0 0.0 0.0 0.0 0.0 0.0 0.0 0.0 0.0 0.0 0.0 0.0 0.0 0.0 0.0 0.0 0.0 0.0 0.0 0.0 0.01208405714 0.01201770443 0.01209899458 0.01206263207 0.01201728507 0.01175169998 0.01207527368 0.01193861215 0.01182772027 0.012037637 0.01209250357 0.01204780474 0.01210658767 0.01209373411 0.01206207912 0.01209261202 0.01205312909 0.01211976212 0.01215198664 0.01212523107 0.01209342512 1.1058481395 0.0 0.0 0.0 0.0 0.0 0.0 0.0 0.0 0.0 0.0 0.0 0.0 0.0 0.0 0.0 0.0 0.0 0.0 0.0 0.0 0.0 0.0 0.0 0.0 0.0 0.0 0.0 0.0 0.0 0.0 0.0 0.0 0.0 0.0 0.0 0.0 0.0 0.0 0.0 0.0
0.0 0.0 0.0 0.0 0.0 0.0 0.0 0.0 0.0 0.0 0.0 0.0 0.0 0.0 0.0 0.0 0.0 0.0 0.0 0.0 0.0 0.0 0.0 0.0 0.0 0.0 0.0 0.0 0.0 0.0 0.0 0.0 0.0 0.0 0.0 0.0 0.0 0.0 0.0 0.0 0.0 0.0 2.72330582094 0.01445736537 0.01448362482 0.01448790541 0.01404724475 0.01409473462 0.01437471473 0.01331320627 0.01355950073 0.01441709011 0.01429711122 0.01406149654 0.01377973498 0.01411443506 0.0139625377 0.01271757611 0.013781188 0.01375263436 0.01397035207 0.01448727899 0.01390446377 0.01380049659 0.01357188737 0.01326931636 0.0 0.0 0.0 0.0 0.0 0.0 0.0 0.0 0.0 0.0 0.0 0.0 0.0 0.0 0.0 0.0
0.0 0.0 0.0 0.0 0.0 0.0 0.0 0.0 0.0 0.0 0.0 0.0 0.0 0.0 0.0 0.0 0.0 0.0 0.0 0.0 0.0 0.0 0.0 0.0 0.0 0.0 0.0 0.0 0.0 0.0 0.0 0.0 0.0 0.0 0.0 0.0 0.0 0.0 0.0 0.0 0.0 0.0 0.01445736537 1.45719180493 0.01451694515 0.01457137099 0.01368972798 0.01410154458 0.0146794015 0.01287279926 0.01331269311 0.01438578384 0.01424537829 0.01422184331 0.01323044847 0.01406168813 0.01389596412 0.01230409438 0.01379212451 0.01360290436 0.0136322603 0.01516460477 0.01400249349 0.0137127803 0.01345215916 0.01289785963 0.0 0.0 0.0 0.0 0.0 0.0 0.0 0.0 0.0 0.0 0.0 0.0 0.0 0.0 0.0 0.0
0.0 0.0 0.0 0.0 0.0 0.0 0.0 0.0 0.0 0.0 0.0 0.0 0.0 0.0 0.0 0.0 0.0 0.0 0.0 0.0 0.0 0.0 0.0 0.0 0.0 0.0 0.0 0.0 0.0 0.0 0.0 0.0 0.0 0.0 0.0 0.0 0.0 0.0 0.0 0.0 0.0 0.0 0.01448362482 0.01451694515 0.788156310919 0.01458900869 0.01406421468 0.01406646222 0.01451665302 0.01321481363 0.01350229048 0.01456627828 0.01424698998 0.01396549264 0.01382581164 0.01412518868 0.01382484212 0.01251561138 0.01364474619 0.01360982929 0.01413030466 0.0145976707 0.01370903453 0.01354240445 0.01363971966 0.01315927079 0.0 0.0 0.0 0.0 0.0 0.0 0.0 0.0 0.0 0.0 0.0 0.0 0.0 0.0 0.0 0.0
0.0 0.0 0.0 0.0 0.0 0.0 0.0 0.0 0.0 0.0 0.0 0.0 0.0 0.0 0.0 0.0 0.0 0.0 0.0 0.0 0.0 0.0 0.0 0.0 0.0 0.0 0.0 0.0 0.0 0.0 0.0 0.0 0.0 0.0 0.0 0.0 0.0 0.0 0.0 0.0 0.0 0.0 0.01448790541 0.01457137099 0.01458900869 1.07778674592 0.01402860823 0.01411103796 0.01452443084 0.01316110779 0.01351671434 0.01446498332 0.01429713501 0.01407624969 0.01363925159 0.01416674081 0.01392025017 0.01249749499 0.0137483843 0.01369776684 0.01394413092 0.01475295663 0.01385944525 0.01369030101 0.0135818135 0.01313516922 0.0 0.0 0.0 0.0 0.0 0.0 0.0 0.0 0.0 0.0 0.0 0.0 0.0 0.0 0.0 0.0
0.0 0.0 0.0 0.0 0.0 0.0 0.0 0.0 0.0 0.0 0.0 0.0 0.0 0.0 0.0 0.0 0.0 0.0 0.0 0.0 0.0 0.0 0.0 0.0 0.0 0.0 0.0 0.0 0.0 0.0 0.0 0.0 0.0 0.0 0.0 0.0 0.0 0.0 0.0 0.0 0.0 0.0 0.01404724475 0.01368972798 0.01406421468 0.01402860823 1.55528028436 0.01386270836 0.01358305868 0.0144176687 0.01417844358 0.01413819386 0.01410669217 0.01362980681 0.01476956219 0.01410675611 0.01395476809 0.01396950782 0.0137971577 0.01400728115 0.01465053536 0.01307034293 0.01358013118 0.01379432332 0.0139109607 0.01416711413 0.0 0.0 0.0 0.0 0.0 0.0 0.0 0.0 0.0 0.0 0.0 0.0 0.0 0.0 0.0 0.0
0.0 0.0 0.0 0.0 0.0 0.0 0.0 0.0 0.0 0.0 0.0 0.0 0.0 0.0 0.0 0.0 0.0 0.0 0.0 0.0 0.0 0.0 0.0 0.0 0.0 0.0 0.0 0.0 0.0 0.0 0.0 0.0 0.0 0.0 0.0 0.0 0.0 0.0 0.0 0.0 0.0 0.0 0.01409473462 0.01410154458 0.01406646222 0.01411103796 0.01386270836 1.06038867076 0.01414277295 0.01353281872 0.01380708616 0.01405253834 0.01404679158 0.01396770728 0.01369952831 0.01403343867 0.01391290189 0.01321617729 0.01383004325 0.01383496403 0.01383834572 0.01426400329 0.01390316979 0.01382757134 0.01384908506 0.01356113181 0.0 0.0 0.0 0.0 0.0 0.0 0.0 0.0 0.0 0.0 0.0 0.0 0.0 0.0 0.0 0.0
0.0 0.0 0.0 0.0 0.0 0.0 0.0 0.0 0.0 0.0 0.0 0.0 0.0 0.0 0.0 0.0 0.0 0.0 0.0 0.0 0.0 0.0 0.0 0.0 0.0 0.0 0.0 0.0 0.0 0.0 0.0 0.0 0.0 0.0 0.0 0.0 0.0 0.0 0.0 0.0 0.0 0.0 0.01437471473 0.0146794015 0.01451665302 0.01452443084 0.01358305868 0.01414277295 0.978617909571 0.01282318022 0.013389729 0.01434948351 0.01414937981 0.0141910827 0.01315607132 0.01405014002 0.01382027465 0.01226091561 0.01371858328 0.01356526533 0.01358435846 0.01532321821 0.01395457664 0.01363012589 0.01356599553 0.01290369337 0.0 0.0 0.0 0.0 0.0 0.0 0.0 0.0 0.0 0.0 0.0 0.0 0.0 0.0 0.0 0.0
0.0 0.0 0.0 0.0 0.0 0.0 0.0 0.0 0.0 0.0 0.0 0.0 0.0 0.0 0.0 0.0 0.0 0.0 0.0 0.0 0.0 0.0 0.0 0.0 0.0 0.0 0.0 0.0 0.0 0.0 0.0 0.0 0.0 0.0 0.0 0.0 0.0 0.0 0.0 0.0 0.0 0.0 0.01331320627 0.01287279926 0.01321481363 0.01316110779 0.0144176687 0.01353281872 0.01282318022 0.632861674572 0.0144691377 0.01339837839 0.01355479426 0.01336687135 0.01489797705 0.01366105943 0.01383959765 0.01549450455 0.01391366211 0.01414312621 0.01432270677 0.01198812045 0.01358251121 0.0139666293 0.01417291467 0.01500547957 0.0 0.0 0.0 0.0 0.0 0.0 0.0 0.0 0.0 0.0 0.0 0.0 0.0 0.0 0.0 0.0
0.0 0.0 0.0 0.0 0.0 0.0 0.0 0.0 0.0 0.0 0.0 0.0 0.0 0.0 0.0 0.0 0.0 0.0 0.0 0.0 0.0 0.0 0.0 0.0 0.0 0.0 0.0 0.0 0.0 0.0 0.0 0.0 0.0 0.0 0.0 0.0 0.0 0.0 0.0 0.0 0.0 0.0 0.01355950073 0.01331269311 0.01350229048 0.01351671434 0.01417844358 0.01380708616 0.013389729 0.0144691377 1.0501270071 0.01360990916 0.01370603935 0.01361585423 0.01432041011 0.01388357211 0.01386769351 0.01451886578 0.01385824269 0.01405689721 0.01405425456 0.01306966506 0.01370780072 0.01390731908 0.0141808014 0.01441619302 0.0 0.0 0.0 0.0 0.0 0.0 0.0 0.0 0.0 0.0 0.0 0.0 0.0 0.0 0.0 0.0
0.0 0.0 0.0 0.0 0.0 0.0 0.0 0.0 0.0 0.0 0.0 0.0 0.0 0.0 0.0 0.0 0.0 0.0 0.0 0.0 0.0 0.0 0.0 0.0 0.0 0.0 0.0 0.0 0.0 0.0 0.0 0.0 0.0 0.0 0.0 0.0 0.0 0.0 0.0 0.0 0.0 0.0 0.01441709011 0.01438578384 0.01456627828 0.01446498332 0.01413819386 0.01405253834 0.01434948351 0.01339837839 0.01360990916 2.45695068045 0.01421840199 0.01393801929 0.01394637034 0.0141334849 0.0138685548 0.01261959301 0.01370544896 0.01367781018 0.01420067863 0.01425883248 0.0137298204 0.01360138484 0.01367660686 0.01328784037 0.0 0.0 0.0 0.0 0.0 0.0 0.0 0.0 0.0 0.0 0.0 0.0 0.0 0.0 0.0 0.0
0.0 0.0 0.0 0.0 0.0 0.0 0.0 0.0 0.0 0.0 0.0 0.0 0.0 0.0 0.0 0.0 0.0 0.0 0.0 0.0 0.0 0.0 0.0 0.0 0.0 0.0 0.0 0.0 0.0 0.0 0.0 0.0 0.0 0.0 0.0 0.0 0.0 0.0 0.0 0.0 0.0 0.0 0.01429711122 0.01424537829 0.01424698998 0.01429713501 0.01410669217 0.01404679158 0.01414937981 0.01355479426 0.01370603935 0.01421840199 1.73529843384 0.0139915957 0.01387184037 0.01409579944 0.01398752112 0.01311216658 0.0138548338 0.01385911051 0.01397263435 0.01418061553 0.01389901086 0.01386345264 0.013686975 0.01351310303 0.0 0.0 0.0 0.0 0.0 0.0 0.0 0.0 0.0 0.0 0.0 0.0 0.0 0.0 0.0 0.0
0.0 0.0 0.0 0.0 0.0 0.0 0.0 0.0 0.0 0.0 0.0 0.0 0.0 0.0 0.0 0.0 0.0 0.0 0.0 0.0 0.0 0.0 0.0 0.0 0.0 0.0 0.0 0.0 0.0 0.0 0.0 0.0 0.0 0.0 0.0 0.0 0.0 0.0 0.0 0.0 0.0 0.0 0.01406149654 0.01422184331 0.01396549264 0.01407624969 0.01362980681 0.01396770728 0.0141910827 0.01336687135 0.01361585423 0.01393801929 0.0139915957 0.645927598347 0.01338803423 0.01390322626 0.01393026861 0.01332962095 0.01391463937 0.01380870755 0.01353681565 0.01454717794 0.01408132014 0.0139612777 0.01360688318 0.01342956205 0.0 0.0 0.0 0.0 0.0 0.0 0.0 0.0 0.0 0.0 0.0 0.0 0.0 0.0 0.0 0.0
0.0 0.0 0.0 0.0 0.0 0.0 0.0 0.0 0.0 0.0 0.0 0.0 0.0 0.0 0.0 0.0 0.0 0.0 0.0 0.0 0.0 0.0 0.0 0.0 0.0 0.0 0.0 0.0 0.0 0.0 0.0 0.0 0.0 0.0 0.0 0.0 0.0 0.0 0.0 0.0 0.0 0.0 0.01377973498 0.01323044847 0.01382581164 0.01363925159 0.01476956219 0.01369952831 0.01315607132 0.01489797705 0.01432041011 0.01394637034 0.01387184037 0.01338803423 0.54726579153 0.01392046394 0.01387827607 0.01463992009 0.01375968919 0.01403718253 0.01480229264 0.01226045267 0.01343415528 0.0137697528 0.01411628916 0.01463157474 0.0 0.0 0.0 0.0 0.0 0.0 0.0 0.0 0.0 0.0 0.0 0.0 0.0 0.0 0.0 0.0
0.0 0.0 0.0 0.0 0.0 0.0 0.0 0.0 0.0 0.0 0.0 0.0 0.0 0.0 0.0 0.0 0.0 0.0 0.0 0.0 0.0 0.0 0.0 0.0 0.0 0.0 0.0 0.0 0.0 0.0 0.0 0.0 0.0 0.0 0.0 0.0 0.0 0.0 0.0 0.0 0.0 0.0 0.01411443506 0.01406168813 0.01412518868 0.01416674081 0.01410675611 0.01403343867 0.01405014002 0.01366105943 0.01388357211 0.0141334849 0.01409579944 0.01390322626 0.01392046394 0.752313208625 0.01393437185 0.01316755443 0.0138400382 0.01390033346 0.0140432269 0.01404058299 0.01381632521 0.01379490194 0.01384077613 0.01363861993 0.0 0.0 0.0 0.0 0.0 0.0 0.0 0.0 0.0 0.0 0.0 0.0 0.0 0.0 0.0 0.0
0.0 0.0 0.0 0.0 0.0 0.0 0.0 0.0 0.0 0.0 0.0 0.0 0.0 0.0 0.0 0.0 0.0 0.0 0.0 0.0 0.0 0.0 0.0 0.0 0.0 0.0 0.0 0.0 0.0 0.0 0.0 0.0 0.0 0.0 0.0 0.0 0.0 0.0 0.0 0.0 0.0 0.0 0.0139625377 0.01389596412 0.01382484212 0.01392025017 0.01395476809 0.01391290189 0.01382027465 0.01383959765 0.01386769351 0.0138685548 0.01398752112 0.01393026861 0.01387827607 0.01393437185 0.893438374379 0.013811673 0.01394832751 0.01396434521 0.01383074934 0.01379187215 0.01396260932 0.01402429054 0.01377691378 0.01382572938 0.0 0.0 0.0 0.0 0.0 0.0 0.0 0.0 0.0 0.0 0.0 0.0 0.0 0.0 0.0 0.0
0.0 0.0 0.0 0.0 0.0 0.0 0.0 0.0 0.0 0.0 0.0 0.0 0.0 0.0 0.0 0.0 0.0 0.0 0.0 0.0 0.0 0.0 0.0 0.0 0.0 0.0 0.0 0.0 0.0 0.0 0.0 0.0 0.0 0.0 0.0 0.0 0.0 0.0 0.0 0.0 0.0 0.0 0.01271757611 0.01230409438 0.01251561138 0.01249749499 0.01396950782 0.01321617729 0.01226091561 0.01549450455 0.01451886578 0.01261959301 0.01311216658 0.01332962095 0.01463992009 0.01316755443 0.013811673 0.419856728174 0.01406571775 0.01435490881 0.01386775401 0.0115681046 0.01387523729 0.0145271925 0.01427428056 0.01563863936 0.0 0.0 0.0 0.0 0.0 0.0 0.0 0.0 0.0 0.0 0.0 0.0 0.0 0.0 0.0 0.0
0.0 0.0 0.0 0.0 0.0 0.0 0.0 0.0 0.0 0.0 0.0 0.0 0.0 0.0 0.0 0.0 0.0 0.0 0.0 0.0 0.0 0.0 0.0 0.0 0.0 0.0 0.0 0.0 0.0 0.0 0.0 0.0 0.0 0.0 0.0 0.0 0.0 0.0 0.0 0.0 0.0 0.0 0.013781188 0.01379212451 0.01364474619 0.0137483843 0.0137971577 0.01383004325 0.01371858328 0.01391366211 0.01385824269 0.01370544896 0.0138548338 0.01391463937 0.01375968919 0.0138400382 0.01394832751 0.01406571775 0.598469347634 0.01397195735 0.01370766597 0.01372871688 0.01398993229 0.01403804124 0.01377406424 0.01391390272 0.0 0.0 0.0 0.0 0.0 0.0 0.0 0.0 0.0 0.0 0.0 0.0 0.0 0.0 0.0 0.0
0.0 0.0 0.0 0.0 0.0 0.0 0.0 0.0 0.0 0.0 0.0 0.0 0.0 0.0 0.0 0.0 0.0 0.0 0.0 0.0 0.0 0.0 0.0 0.0 0.0 0.0 0.0 0.0 0.0 0.0 0.0 0.0 0.0 0.0 0.0 0.0 0.0 0.0 0.0 0.0 0.0 0.0 0.01375263436 0.01360290436 0.01360982929 0.01369776684 0.01400728115 0.01383496403 0.01356526533 0.01414312621 0.01405689721 0.01367781018 0.01385911051 0.01380870755 0.01403718253 0.01390033346 0.01396434521 0.01435490881 0.01397195735 0.695667547884 0.0138564295 0.01343453625 0.0139139185 0.01406914817 0.01390469575 0.01415364998 0.0 0.0 0.0 0.0 0.0 0.0 0.0 0.0 0.0 0.0 0.0 0.0 0.0 0.0 0.0 0.0
0.0 0.0 0.0 0.0 0.0 0.0 0.0 0.0 0.0 0.0 0.0 0.0 0.0 0.0 0.0 0.0 0.0 0.0 0.0 0.0 0.0 0.0 0.0 0.0 0.0 0.0 0.0 0.0 0.0 0.0 0.0 0.0 0.0 0.0 0.0 0.0 0.0 0.0 0.0 0.0 0.0 0.0 0.01397035207 0.0136322603 0.01413030466 0.01394413092 0.01465053536 0.01383834572 0.01358435846 0.01432270677 0.01405425456 0.01420067863 0.01397263435 0.01353681565 0.01480229264 0.0140432269 0.01383074934 0.01386775401 0.01370766597 0.0138564295 1.13675380954 0.01295843109 0.01345019882 0.01359979664 0.01404363353 0.01410642814 0.0 0.0 0.0 0.0 0.0 0.0 0.0 0.0 0.0 0.0 0.0 0.0 0.0 0.0 0.0 0.0
0.0 0.0 0.0 0.0 0.0 0.0 0.0 0.0 0.0 0.0 0.0 0.0 0.0 0.0 0.0 0.0 0.0 0.0 0.0 0.0 0.0 0.0 0.0 0.0 0.0 0.0 0.0 0.0 0.0 0.0 0.0 0.0 0.0 0.0 0.0 0.0 0.0 0.0 0.0 0.0 0.0 0.0 0.01448727899 0.01516460477 0.0145976707 0.01475295663 0.01307034293 0.01426400329 0.01532321821 0.01198812045 0.01306966506 0.01425883248 0.01418061553 0.01454717794 0.01226045267 0.01404058299 0.01379187215 0.0115681046 0.01372871688 0.01343453625 0.01295843109 3.87832595689 0.01423035453 0.01366125505 0.01330639688 0.01230646191 0.0 0.0 0.0 0.0 0.0 0.0 0.0 0.0 0.0 0.0 0.0 0.0 0.0 0.0 0.0 0.0
0.0 0.0 0.0 0.0 0.0 0.0 0.0 0.0 0.0 0.0 0.0 0.0 0.0 0.0 0.0 0.0 0.0 0.0 0.0 0.0 0.0 0.0 0.0 0.0 0.0 0.0 0.0 0.0 0.0 0.0 0.0 0.0 0.0 0.0 0.0 0.0 0.0 0.0 0.0 0.0 0.0 0.0 0.01390446377 0.01400249349 0.01370903453 0.01385944525 0.01358013118 0.01390316979 0.01395457664 0.01358251121 0.01370780072 0.0137298204 0.01389901086 0.01408132014 0.01343415528 0.01381632521 0.01396260932 0.01387523729 0.01398993229 0.0139139185 0.01345019882 0.01423035453 0.8306247959 0.01412189995 0.01365762961 0.01367089184 0.0 0.0 0.0 0.0 0.0 0.0 0.0 0.0 0.0 0.0 0.0 0.0 0.0 0.0 0.0 0.0
0.0 0.0 0.0 0.0 0.0 0.0 0.0 0.0 0.0 0.0 0.0 0.0 0.0 0.0 0.0 0.0 0.0 0.0 0.0 0.0 0.0 0.0 0.0 0.0 0.0 0.0 0.0 0.0 0.0 0.0 0.0 0.0 0.0 0.0 0.0 0.0 0.0 0.0 0.0 0.0 0.0 0.0 0.01380049659 0.0137127803 0.01354240445 0.01369030101 0.01379432332 0.01382757134 0.01363012589 0.0139666293 0.01390731908 0.01360138484 0.01386345264 0.0139612777 0.0137697528 0.01379490194 0.01402429054 0.0145271925 0.01403804124 0.01406914817 0.01359979664 0.01366125505 0.01412189995 1.71117598139 0.01374392818 0.01401812184 0.0 0.0 0.0 0.0 0.0 0.0 0.0 0.0 0.0 0.0 0.0 0.0 0.0 0.0 0.0 0.0
0.0 0.0 0.0 0.0 0.0 0.0 0.0 0.0 0.0 0.0 0.0 0.0 0.0 0.0 0.0 0.0 0.0 0.0 0.0 0.0 0.0 0.0 0.0 0.0 0.0 0.0 0.0 0.0 0.0 0.0 0.0 0.0 0.0 0.0 0.0 0.0 0.0 0.0 0.0 0.0 0.0 0.0 0.01357188737 0.01345215916 0.01363971966 0.0135818135 0.0139109607 0.01384908506 0.01356599553 0.01417291467 0.0141808014 0.01367660686 0.013686975 0.01360688318 0.01411628916 0.01384077613 0.01377691378 0.01427428056 0.01377406424 0.01390469575 0.01404363353 0.01330639688 0.01365762961 0.01374392818 0.569222522519 0.01423185545 0.0 0.0 0.0 0.0 0.0 0.0 0.0 0.0 0.0 0.0 0.0 0.0 0.0 0.0 0.0 0.0
0.0 0.0 0.0 0.0 0.0 0.0 0.0 0.0 0.0 0.0 0.0 0.0 0.0 0.0 0.0 0.0 0.0 0.0 0.0 0.0 0.0 0.0 0.0 0.0 0.0 0.0 0.0 0.0 0.0 0.0 0.0 0.0 0.0 0.0 0.0 0.0 0.0 0.0 0.0 0.0 0.0 0.0 0.01326931636 0.01289785963 0.01315927079 0.01313516922 0.01416711413 0.01356113181 0.01290369337 0.01500547957 0.01441619302 0.01328784037 0.01351310303 0.01342956205 0.01463157474 0.01363861993 0.01382572938 0.01563863936 0.01391390272 0.01415364998 0.01410642814 0.01230646191 0.01367089184 0.01401812184 0.01423185545 0.479808159704 0.0 0.0 0.0 0.0 0.0 0.0 0.0 0.0 0.0 0.0 0.0 0.0 0.0 0.0 0.0 0.0
0.0 0.0 0.0 0.0 0.0 0.0 0.0 0.0 0.0 0.0 0.0 0.0 0.0 0.0 0.0 0.0 0.0 0.0 0.0 0.0 0.0 0.0 0.0 0.0 0.0 0.0 0.0 0.0 0.0 0.0 0.0 0.0 0.0 0.0 0.0 0.0 0.0 0.0 0.0 0.0 0.0 0.0 0.0 0.0 0.0 0.0 0.0 0.0 0.0 0.0 0.0 0.0 0.0 0.0 0.0 0.0 0.0 0.0 0.0 0.0 0.0 0.0 0.0 0.0 0.0 0.0 2.1867348282 0.02281399663 0.02171151978 0.02041497424 0.0206706555 0.01947870929 0.01965407824 0.02275934517 0.02128435028 0.01942129198 0.0218943642 0.01789770493 0.01726075792 0.02003384232 0.02396342474 0.02033768074
0.0 0.0 0.0 0.0 0.0 0.0 0.0 0.0 0.0 0.0 0.0 0.0 0.0 0.0 0.0 0.0 0.0 0.0 0.0 0.0 0.0 0.0 0.0 0.0 0.0 0.0 0.0 0.0 0.0 0.0 0.0 0.0 0.0 0.0 0.0 0.0 0.0 0.0 0.0 0.0 0.0 0.0 0.0 0.0 0.0 0.0 0.0 0.0 0.0 0.0 0.0 0.0 0.0 0.0 0.0 0.0 0.0 0.0 0.0 0.0 0.0 0.0 0.0 0.0 0.0 0.0 0.02281399663 1.65478428998 0.02216886126 0.02052998908 0.02093475669 0.01940568885 0.01966516033 0.02350697515 0.02162304918 0.01931953584 0.02246777574 0.01751960649 0.01694192169 0.02014494522 0.02532655236 0.02050093151
0.0 0.0 0.0 0.0 0.0 0.0 0.0 0.0 0.0 0.0 0.0 0.0 0.0 0.0 0.0 0.0 0.0 0.0 0.0 0.0 0.0 0.0 0.0 0.0 0.0 0.0 0.0 0.0 0.0 0.0 0.0 0.0 0.0 0.0 0.0 0.0 0.0 0.0 0.0 0.0 0.0 0.0 0.0 0.0 0.0 0.0 0.0 0.0 0.0 0.0 0.0 0.0 0.0 0.0 0.0 0.0 0.0 0.0 0.0 0.0 0.0 0.0 0.0 0.0 0.0 0.0 0.02171151978 0.02216886126 0.471404649694 0.02042102729 0.02055945288 0.01969498539 0.01972805025 0.02223070495 0.02094406579 0.01954863807 0.02141824707 0.01820753003 0.0174656319 0.01988548753 0.02305393288 0.02022525367
0.0 0.0 0.0 0.0 0.0 0.0 0.0 0.0 0.0 0.0 0.0 0.0 0.0 0.0 0.0 0.0 0.0 0.0 0.0 0.0 0.0 0.0 0.0 0.0 0.0 0.0 0.0 0.0 0.0 0.0 0.0 0.0 0.0 0.0 0.0 0.0 0.0 0.0 0.0 0.0 0.0 0.0 0.0 0.0 0.0 0.0 0.0 0.0 0.0 0.0 0.0 0.0 0.0 0.0 0.0 0.0 0.0 0.0 0.0 0.0 0.0 0.0 0.0 0.0 0.0 0.0 0.02041497424 0.02052998908 0.02042102729 0.529652686038 0.02018304058 0.0200881077 0.0198676818 0.02066184688 0.02019846947 0.01980772068 0.02029365002 0.01904171748 0.01801238141 0.01968661005 0.02069171102 0.0199781879
0.0 0.0 0.0 0.0 0.0 0.0 0.0 0.0 0.0 0.0 0.0 0.0 0.0 0.0 0.0 0.0 0.0 0.0 0.0 0.0 0.0 0.0 0.0 0.0 0.0 0.0 0.0 0.0 0.0 0.0 0.0 0.0 0.0 0.0 0.0 0.0 0.0 0.0 0.0 0.0 0.0 0.0 0.0 0.0 0.0 0.0 0.0 0.0 0.0 0.0 0.0 0.0 0.0 0.0 0.0 0.0 0.0 0.0 0.0 0.0 0.0 0.0 0.0 0.0 0.0 0.0 0.0206706555 0.02093475669 0.02055945288 0.02018304058 0.578887161784 0.01978399251 0.0197579683 0.02092209233 0.02032505248 0.01970143695 0.02059210934 0.01883979911 0.01793375227 0.01978208572 0.02137383339 0.02005148511
0.0 0.0 0.0 0.0 0.0 0.0 0.0 0.0 0.0 0.0 0.0 0.0 0.0 0.0 0.0 0.0 0.0 0.0 0.0 0.0 0.0 0.0 0.0 0.0 0.0 0.0 0.0 0.0 0.0 0.0 0.0 0.0 0.0 0.0 0.0 0.0 0.0 0.0 0.0 0.0 0.0 0.0 0.0 0.0 0.0 0.0 0.0 0.0 0.0 0.0 0.0 0.0 0.0 0.0 0.0 0.0 0.0 0.0 0.0 0.0 0.0 0.0 0.0 0.0 0.0 0.0 0.01947870929 0.01940568885 0.01969498539 0.0200881077 0.01978399251 0.523652853507 0.01989798668 0.01962467678 0.01960180446 0.01984366282 0.01944761901 0.01952982404 0.01850120722 0.0193956656 0.01921822848 0.01966269866
0.0 0.0 0.0 0.0 0.0 0.0 0.0 0.0 0.0 0.0 0.0 0.0 0.0 0.0 0.0 0.0 0.0 0.0 0.0 0.0 0.0 0.0 0.0 0.0 0.0 0.0 0.0 0.0 0.0 0.0 0.0 0.0 0.0 0.0 0.0 0.0 0.0 0.0 0.0 0.0 0.0 0.0 0.0 0.0 0.0 0.0 0.0 0.0 0.0 0.0 0.0 0.0 0.0 0.0 0.0 0.0 0.0 0.0 0.0 0.0 0.0 0.0 0.0 0.0 0.0 0.0 0.01965407824 0.01966516033 0.01972805025 0.0198676818 0.0197579683 0.01989798668 0.295641082626 0.01975218998 0.0196195277 0.01975686005 0.01961931091 0.01948844006 0.01851809827 0.01945382788 0.01965793694 0.01963920242
