76 76
0.652856274966 0.01622452905 0.01626094922 0.01638048911 0.01636849482 0.01627089933 0.01625098553 0.01627333548 0.01633200181 0.01609266683 0.01628548126 0.01633791105 0.01625891238 0.01622645576 0.0 0.0 0.0 0.0 0.0 0.0 0.0 0.0 0.0 0.0 0.0 0.0 0.0 0.0 0.0 0.0 0.0 0.0 0.0 0.0 0.0 0.0 0.0 0.0 0.0 0.0 0.0 0.0 0.0 0.0 0.0 0.0 0.0 0.0 0.0 0.0 0.0 0.0 0.0 0.0 0.0 0.0 0.0 0.0 0.0 0.0 0.0 0.0 0.0 0.0 0.0 0.0 0.0 0.0 0.0 0.0 0.0 0.0 0.0 0.0 0.0 0.0
0.01622452905 0.769162975512 0.01632817914 0.01629438532 0.01631119047 0.01627016873 0.01621362794 0.0163103943 0.01629249345 0.01622969616 0.01623480055 0.01628406708 0.01627424487 0.01611760535 0.0 0.0 0.0 0.0 0.0 0.0 0.0 0.0 0.0 0.0 0.0 0.0 0.0 0.0 0.0 0.0 0.0 0.0 0.0 0.0 0.0 0.0 0.0 0.0 0.0 0.0 0.0 0.0 0.0 0.0 0.0 0.0 0.0 0.0 0.0 0.0 0.0 0.0 0.0 0.0 0.0 0.0 0.0 0.0 0.0 0.0 0.0 0.0 0.0 0.0 0.0 0.0 0.0 0.0 0.0 0.0 0.0 0.0 0.0 0.0 0.0 0.0
0.01626094922 0.01632817914 0.807677968611 0.01641525843 0.01649829403 0.01647110302 0.01609295091 0.01646069155 0.01647400923 0.01652862003 0.01625933235 0.01631234433 0.01627075523 0.01601032141 0.0 0.0 0.0 0.0 0.0 0.0 0.0 0.0 0.0 0.0 0.0 0.0 0.0 0.0 0.0 0.0 0.0 0.0 0.0 0.0 0.0 0.0 0.0 0.0 0.0 0.0 0.0 0.0 0.0 0.0 0.0 0.0 0.0 0.0 0.0 0.0 0.0 0.0 0.0 0.0 0.0 0.0 0.0 0.0 0.0 0.0 0.0 0.0 0.0 0.0 0.0 0.0 0.0 0.0 0.0 0.0 0.0 0.0 0.0 0.0 0.0 0.0
0.01638048911 0.01629438532 0.01641525843 0.518538447296 0.01669579205 0.01656889879 0.01648771565 0.01648371692 0.0165025698 0.01621247498 0.01653187359 0.01661022607 0.01634060905 0.01652097721 0.0 0.0 0.0 0.0 0.0 0.0 0.0 0.0 0.0 0.0 0.0 0.0 0.0 0.0 0.0 0.0 0.0 0.0 0.0 0.0 0.0 0.0 0.0 0.0 0.0 0.0 0.0 0.0 0.0 0.0 0.0 0.0 0.0 0.0 0.0 0.0 0.0 0.0 0.0 0.0 0.0 0.0 0.0 0.0 0.0 0.0 0.0 0.0 0.0 0.0 0.0 0.0 0.0 0.0 0.0 0.0 0.0 0.0 0.0 0.0 0.0 0.0
0.01636849482 0.01631119047 0.01649829403 0.01669579205 0.376006759449 0.01684602752 0.01605982603 0.01670562939 0.0168342252 0.01687365896 0.01630930602 0.01647919825 0.01634531417 0.01599318623 0.0 0.0 0.0 0.0 0.0 0.0 0.0 0.0 0.0 0.0 0.0 0.0 0.0 0.0 0.0 0.0 0.0 0.0 0.0 0.0 0.0 0.0 0.0 0.0 0.0 0.0 0.0 0.0 0.0 0.0 0.0 0.0 0.0 0.0 0.0 0.0 0.0 0.0 0.0 0.0 0.0 0.0 0.0 0.0 0.0 0.0 0.0 0.0 0.0 0.0 0.0 0.0 0.0 0.0 0.0 0.0 0.0 0.0 0.0 0.0 0.0 0.0
0.01627089933 0.01627016873 0.01647110302 0.01656889879 0.01684602752 1.04050247026 0.01603297483 0.01673729172 0.01681021304 0.01709660223 0.01616422207 0.01641346429 0.01630298736 0.01582269145 0.0 0.0 0.0 0.0 0.0 0.0 0.0 0.0 0.0 0.0 0.0 0.0 0.0 0.0 0.0 0.0 0.0 0.0 0.0 0.0 0.0 0.0 0.0 0.0 0.0 0.0 0.0 0.0 0.0 0.0 0.0 0.0 0.0 0.0 0.0 0.0 0.0 0.0 0.0 0.0 0.0 0.0 0.0 0.0 0.0 0.0 0.0 0.0 0.0 0.0 0.0 0.0 0.0 0.0 0.0 0.0 0.0 0.0 0.0 0.0 0.0 0.0
0.01625098553 0.01621362794 0.01609295091 0.01648771565 0.01605982603 0.01603297483 0.502685782908 0.01602475993 0.01563886878 0.01469598693 0.01676542045 0.01691318661 0.01620053573 0.01755522423 0.0 0.0 0.0 0.0 0.0 0.0 0.0 0.0 0.0 0.0 0.0 0.0 0.0 0.0 0.0 0.0 0.0 0.0 0.0 0.0 0.0 0.0 0.0 0.0 0.0 0.0 0.0 0.0 0.0 0.0 0.0 0.0 0.0 0.0 0.0 0.0 0.0 0.0 0.0 0.0 0.0 0.0 0.0 0.0 0.0 0.0 0.0 0.0 0.0 0.0 0.0 0.0 0.0 0.0 0.0 0.0 0.0 0.0 0.0 0.0 0.0 0.0
0.01627333548 0.0163103943 0.01646069155 0.01648371692 0.01670562939 0.01673729172 0.01602475993 0.827859409484 0.01669401733 0.01691740371 0.01620974303 0.01637668552 0.01630876501 0.0158577078 0.0 0.0 0.0 0.0 0.0 0.0 0.0 0.0 0.0 0.0 0.0 0.0 0.0 0.0 0.0 0.0 0.0 0.0 0.0 0.0 0.0 0.0 0.0 0.0 0.0 0.0 0.0 0.0 0.0 0.0 0.0 0.0 0.0 0.0 0.0 0.0 0.0 0.0 0.0 0.0 0.0 0.0 0.0 0.0 0.0 0.0 0.0 0.0 0.0 0.0 0.0 0.0 0.0 0.0 0.0 0.0 0.0 0.0 0.0 0.0 0.0 0.0
0.01633200181 0.01629249345 0.01647400923 0.0165025698 0.0168342252 0.01681021304 0.01563886878 0.01669401733 0.720884291042 0.01718240192 0.01609523026 0.01624294181 0.01627334446 0.01555638576 0.0 0.0 0.0 0.0 0.0 0.0 0.0 0.0 0.0 0.0 0.0 0.0 0.0 0.0 0.0 0.0 0.0 0.0 0.0 0.0 0.0 0.0 0.0 0.0 0.0 0.0 0.0 0.0 0.0 0.0 0.0 0.0 0.0 0.0 0.0 0.0 0.0 0.0 0.0 0.0 0.0 0.0 0.0 0.0 0.0 0.0 0.0 0.0 0.0 0.0 0.0 0.0 0.0 0.0 0.0 0.0 0.0 0.0 0.0 0.0 0.0 0.0
0.01609266683 0.01622969616 0.01652862003 0.01621247498 0.01687365896 0.01709660223 0.01469598693 0.01691740371 0.01718240192 1.38623214611 0.01561159593 0.01580509295 0.01622255622 0.01462803845 0.0 0.0 0.0 0.0 0.0 0.0 0.0 0.0 0.0 0.0 0.0 0.0 0.0 0.0 0.0 0.0 0.0 0.0 0.0 0.0 0.0 0.0 0.0 0.0 0.0 0.0 0.0 0.0 0.0 0.0 0.0 0.0 0.0 0.0 0.0 0.0 0.0 0.0 0.0 0.0 0.0 0.0 0.0 0.0 0.0 0.0 0.0 0.0 0.0 0.0 0.0 0.0 0.0 0.0 0.0 0.0 0.0 0.0 0.0 0.0 0.0 0.0
0.01628548126 0.01623480055 0.01625933235 0.01653187359 0.01630930602 0.01616422207 0.01676542045 0.01620974303 0.01609523026 0.01561159593 0.757616135146 0.01658377404 0.01624519963 0.0167730586 0.0 0.0 0.0 0.0 0.0 0.0 0.0 0.0 0.0 0.0 0.0 0.0 0.0 0.0 0.0 0.0 0.0 0.0 0.0 0.0 0.0 0.0 0.0 0.0 0.0 0.0 0.0 0.0 0.0 0.0 0.0 0.0 0.0 0.0 0.0 0.0 0.0 0.0 0.0 0.0 0.0 0.0 0.0 0.0 0.0 0.0 0.0 0.0 0.0 0.0 0.0 0.0 0.0 0.0 0.0 0.0 0.0 0.0 0.0 0.0 0.0 0.0
0.01633791105 0.01628406708 0.01631234433 0.01661022607 0.01647919825 0.01641346429 0.01691318661 0.01637668552 0.01624294181 0.01580509295 0.01658377404 0.748540062851 0.01630969118 0.01675981657 0.0 0.0 0.0 0.0 0.0 0.0 0.0 0.0 0.0 0.0 0.0 0.0 0.0 0.0 0.0 0.0 0.0 0.0 0.0 0.0 0.0 0.0 0.0 0.0 0.0 0.0 0.0 0.0 0.0 0.0 0.0 0.0 0.0 0.0 0.0 0.0 0.0 0.0 0.0 0.0 0.0 0.0 0.0 0.0 0.0 0.0 0.0 0.0 0.0 0.0 0.0 0.0 0.0 0.0 0.0 0.0 0.0 0.0 0.0 0.0 0.0 0.0
0.01625891238 0.01627424487 0.01627075523 0.01634060905 0.01634531417 0.01630298736 0.01620053573 0.01630876501 0.01627334446 0.01622255622 0.01624519963 0.01630969118 0.61438378187 0.01622540826 0.0 0.0 0.0 0.0 0.0 0.0 0.0 0.0 0.0 0.0 0.0 0.0 0.0 0.0 0.0 0.0 0.0 0.0 0.0 0.0 0.0 0.0 0.0 0.0 0.0 0.0 0.0 0.0 0.0 0.0 0.0 0.0 0.0 0.0 0.0 0.0 0.0 0.0 0.0 0.0 0.0 0.0 0.0 0.0 0.0 0.0 0.0 0.0 0.0 0.0 0.0 0.0 0.0 0.0 0.0 0.0 0.0 0.0 0.0 0.0 0.0 0.0
0.01622645576 0.01611760535 0.01601032141 0.01652097721 0.01599318623 0.01582269145 0.01755522423 0.0158577078 0.01555638576 0.01462803845 0.0167730586 0.01675981657 0.01622540826 0.388875392924 0.0 0.0 0.0 0.0 0.0 0.0 0.0 0.0 0.0 0.0 0.0 0.0 0.0 0.0 0.0 0.0 0.0 0.0 0.0 0.0 0.0 0.0 0.0 0.0 0.0 0.0 0.0 0.0 0.0 0.0 0.0 0.0 0.0 0.0 0.0 0.0 0.0 0.0 0.0 0.0 0.0 0.0 0.0 0.0 0.0 0.0 0.0 0.0 0.0 0.0 0.0 0.0 0.0 0.0 0.0 0.0 0.0 0.0 0.0 0.0 0.0 0.0
0.0 0.0 0.0 0.0 0.0 0.0 0.0 0.0 0.0 0.0 0.0 0.0 0.0 0.0 1.53922312022 0.01253039052 0.01258658726 0.01255427389 0.01251148671 0.01253485105 0.01260473131 0.01258349465 0.01234663165 0.01256293715 0.0124285005 0.01270410124 0.01243179715 0.01252832829 0.01258020226 0.01259808999 0.0123142492 0.01264906492 0.01252136641 0.01258135124 0.01246096301 0.01250249898 0.01257164419 0.01255949846 0.01259684018 0.01237339662 0.0 0.0 0.0 0.0 0.0 0.0 0.0 0.0 0.0 0.0 0.0 0.0 0.0 0.0 0.0 0.0 0.0 0.0 0.0 0.0 0.0 0.0 0.0 0.0 0.0 0.0 0.0 0.0 0.0 0.0 0.0 0.0 0.0 0.0 0.0 0.0
0.0 0.0 0.0 0.0 0.0 0.0 0.0 0.0 0.0 0.0 0.0 0.0 0.0 0.0 0.01253039052 1.51739451343 0.012654716 0.0126927132 0.01278048882 0.01209122927 0.01279751735 0.01223731835 0.01155380238 0.01220122498 0.01176710821 0.01275417257 0.01199585107 0.01259389905 0.01288095704 0.01251757307 0.01147003905 0.01268215798 0.01207214833 0.01257404928 0.01227549141 0.01219097286 0.01239089636 0.01214466463 0.01261492872 0.01159295217 0.0 0.0 0.0 0.0 0.0 0.0 0.0 0.0 0.0 0.0 0.0 0.0 0.0 0.0 0.0 0.0 0.0 0.0 0.0 0.0 0.0 0.0 0.0 0.0 0.0 0.0 0.0 0.0 0.0 0.0 0.0 0.0 0.0 0.0 0.0 0.0
0.0 0.0 0.0 0.0 0.0 0.0 0.0 0.0 0.0 0.0 0.0 0.0 0.0 0.0 0.01258658726 0.012654716 1.24831304125 0.01265412676 0.01271890486 0.01223227585 0.01278980533 0.01236464611 0.01179142139 0.0123023754 0.01198756242 0.01280199953 0.01203520047 0.01252666229 0.01283379695 0.01253954591 0.01170919529 0.0126720435 0.01219601211 0.0126277796 0.0122840201 0.01230369468 0.01238027353 0.01229673079 0.01262234789 0.01182671265 0.0 0.0 0.0 0.0 0.0 0.0 0.0 0.0 0.0 0.0 0.0 0.0 0.0 0.0 0.0 0.0 0.0 0.0 0.0 0.0 0.0 0.0 0.0 0.0 0.0 0.0 0.0 0.0 0.0 0.0 0.0 0.0 0.0 0.0 0.0 0.0
0.0 0.0 0.0 0.0 0.0 0.0 0.0 0.0 0.0 0.0 0.0 0.0 0.0 0.0 0.01255427389 0.0126927132 0.01265412676 1.49049345388 0.0126436571 0.0122068923 0.01236525685 0.01232885892 0.01179660884 0.01235864416 0.01197211386 0.01268868904 0.01205413606 0.01254404877 0.01272438873 0.01258652544 0.01167956551 0.01266342829 0.01221023988 0.01257722641 0.01229825907 0.01235935756 0.0124112647 0.01230595593 0.0125695297 0.01181900517 0.0 0.0 0.0 0.0 0.0 0.0 0.0 0.0 0.0 0.0 0.0 0.0 0.0 0.0 0.0 0.0 0.0 0.0 0.0 0.0 0.0 0.0 0.0 0.0 0.0 0.0 0.0 0.0 0.0 0.0 0.0 0.0 0.0 0.0 0.0 0.0
0.0 0.0 0.0 0.0 0.0 0.0 0.0 0.0 0.0 0.0 0.0 0.0 0.0 0.0 0.01251148671 0.01278048882 0.01271890486 0.0126436571 0.838668751452 0.01197170862 0.01303133173 0.01218607253 0.01140291653 0.01209871102 0.0116418665 0.01288041887 0.01176310379 0.01248731012 0.01304755037 0.01245570196 0.01127671832 0.01266142254 0.01194301731 0.01261040919 0.01211546118 0.01221272858 0.01224318019 0.01208812827 0.01261812189 0.01141738697 0.0 0.0 0.0 0.0 0.0 0.0 0.0 0.0 0.0 0.0 0.0 0.0 0.0 0.0 0.0 0.0 0.0 0.0 0.0 0.0 0.0 0.0 0.0 0.0 0.0 0.0 0.0 0.0 0.0 0.0 0.0 0.0 0.0 0.0 0.0 0.0
0.0 0.0 0.0 0.0 0.0 0.0 0.0 0.0 0.0 0.0 0.0 0.0 0.0 0.0 0.01253485105 0.01209122927 0.01223227585 0.0122068923 0.01197170862 0.842577943354 0.01218763571 0.01296876103 0.01372745506 0.01302930738 0.01347144674 0.01226173438 0.01329349598 0.01244351366 0.01189210042 0.01256358212 0.01383700144 0.01243554957 0.0131823399 0.01240219383 0.01282157141 0.01290941964 0.01285980812 0.01306788594 0.01245168059 0.01374186149 0.0 0.0 0.0 0.0 0.0 0.0 0.0 0.0 0.0 0.0 0.0 0.0 0.0 0.0 0.0 0.0 0.0 0.0 0.0 0.0 0.0 0.0 0.0 0.0 0.0 0.0 0.0 0.0 0.0 0.0 0.0 0.0 0.0 0.0 0.0 0.0
0.0 0.0 0.0 0.0 0.0 0.0 0.0 0.0 0.0 0.0 0.0 0.0 0.0 0.0 0.01260473131 0.01279751735 0.01278980533 0.01236525685 0.01303133173 0.01218763571 1.06747778164 0.01235558697 0.01150427787 0.01220888996 0.01173647798 0.01314203969 0.01182964526 0.01247997917 0.0131791722 0.01255180521 0.01136180362 0.01281942214 0.01204633338 0.01270324693 0.01209810523 0.01232332504 0.01235880232 0.01222065026 0.01278196363 0.01151608952 0.0 0.0 0.0 0.0 0.0 0.0 0.0 0.0 0.0 0.0 0.0 0.0 0.0 0.0 0.0 0.0 0.0 0.0 0.0 0.0 0.0 0.0 0.0 0.0 0.0 0.0 0.0 0.0 0.0 0.0 0.0 0.0 0.0 0.0 0.0 0.0
0.0 0.0 0.0 0.0 0.0 0.0 0.0 0.0 0.0 0.0 0.0 0.0 0.0 0.0 0.01258349465 0.01223731835 0.01236464611 0.01232885892 0.01218607253 0.01296876103 0.01235558697 0.815796572094 0.013264612 0.01287494056 0.01313141244 0.0125204029 0.01302295097 0.01245724509 0.01219244229 0.01260631147 0.01332983703 0.0125371761 0.01299022881 0.01249651283 0.01266942569 0.01277261474 0.01277724552 0.01294073473 0.01256619405 0.01328715964 0.0 0.0 0.0 0.0 0.0 0.0 0.0 0.0 0.0 0.0 0.0 0.0 0.0 0.0 0.0 0.0 0.0 0.0 0.0 0.0 0.0 0.0 0.0 0.0 0.0 0.0 0.0 0.0 0.0 0.0 0.0 0.0 0.0 0.0 0.0 0.0
0.0 0.0 0.0 0.0 0.0 0.0 0.0 0.0 0.0 0.0 0.0 0.0 0.0 0.0 0.01234663165 0.01155380238 0.01179142139 0.01179660884 0.01140291653 0.01372745506 0.01150427787 0.013264612 0.942297318566 0.01337008287 0.01457296268 0.01171055152 0.0141815244 0.01225502438 0.01118221952 0.01243840374 0.01554821083 0.01204731286 0.01379932525 0.01212632261 0.01313248917 0.01325159264 0.01302355391 0.01349759225 0.01219963105 0.01519445106 0.0 0.0 0.0 0.0 0.0 0.0 0.0 0.0 0.0 0.0 0.0 0.0 0.0 0.0 0.0 0.0 0.0 0.0 0.0 0.0 0.0 0.0 0.0 0.0 0.0 0.0 0.0 0.0 0.0 0.0 0.0 0.0 0.0 0.0 0.0 0.0
0.0 0.0 0.0 0.0 0.0 0.0 0.0 0.0 0.0 0.0 0.0 0.0 0.0 0.0 0.01256293715 0.01220122498 0.0123023754 0.01235864416 0.01209871102 0.01302930738 0.01220888996 0.01287494056 0.01337008287 1.44806563 0.01319854501 0.01235195726 0.01309199609 0.01246516848 0.01204132159 0.01258398311 0.01342213459 0.01248224155 0.01301607726 0.01244407587 0.01273413253 0.01278449647 0.01279648515 0.0129432941 0.01247296466 0.01338926757 0.0 0.0 0.0 0.0 0.0 0.0 0.0 0.0 0.0 0.0 0.0 0.0 0.0 0.0 0.0 0.0 0.0 0.0 0.0 0.0 0.0 0.0 0.0 0.0 0.0 0.0 0.0 0.0 0.0 0.0 0.0 0.0 0.0 0.0 0.0 0.0
0.0 0.0 0.0 0.0 0.0 0.0 0.0 0.0 0.0 0.0 0.0 0.0 0.0 0.0 0.0124285005 0.01176710821 0.01198756242 0.01197211386 0.0116418665 0.01347144674 0.01173647798 0.01313141244 0.01457296268 0.01319854501 0.69091033374 0.01193578209 0.01377719713 0.0123392111 0.01148639541 0.01249464769 0.01480086676 0.01219168287 0.01352287186 0.01224724089 0.01299487384 0.01306177191 0.01291979402 0.01330011849 0.01229551537 0.01453060328 0.0 0.0 0.0 0.0 0.0 0.0 0.0 0.0 0.0 0.0 0.0 0.0 0.0 0.0 0.0 0.0 0.0 0.0 0.0 0.0 0.0 0.0 0.0 0.0 0.0 0.0 0.0 0.0 0.0 0.0 0.0 0.0 0.0 0.0 0.0 0.0
0.0 0.0 0.0 0.0 0.0 0.0 0.0 0.0 0.0 0.0 0.0 0.0 0.0 0.0 0.01270410124 0.01275417257 0.01280199953 0.01268868904 0.01288041887 0.01226173438 0.01314203969 0.0125204029 0.01171055152 0.01235195726 0.01193578209 0.569424763388 0.01199322507 0.01253329003 0.01313894759 0.01266185103 0.0116092537 0.01290725755 0.01224052865 0.01276538546 0.01220295173 0.01239954567 0.01248261163 0.01240092923 0.01287601937 0.01176066764 0.0 0.0 0.0 0.0 0.0 0.0 0.0 0.0 0.0 0.0 0.0 0.0 0.0 0.0 0.0 0.0 0.0 0.0 0.0 0.0 0.0 0.0 0.0 0.0 0.0 0.0 0.0 0.0 0.0 0.0 0.0 0.0 0.0 0.0 0.0 0.0
0.0 0.0 0.0 0.0 0.0 0.0 0.0 0.0 0.0 0.0 0.0 0.0 0.0 0.0 0.01243179715 0.01199585107 0.01203520047 0.01205413606 0.01176310379 0.01329349598 0.01182964526 0.01302295097 0.0141815244 0.01309199609 0.01377719713 0.01199322507 0.73721944624 0.01239560599 0.01160947672 0.01249275231 0.01433418402 0.01224175848 0.01334802884 0.01226088811 0.01294100392 0.01290635099 0.01292392029 0.01315297929 0.01233879769 0.01413538994 0.0 0.0 0.0 0.0 0.0 0.0 0.0 0.0 0.0 0.0 0.0 0.0 0.0 0.0 0.0 0.0 0.0 0.0 0.0 0.0 0.0 0.0 0.0 0.0 0.0 0.0 0.0 0.0 0.0 0.0 0.0 0.0 0.0 0.0 0.0 0.0
0.0 0.0 0.0 0.0 0.0 0.0 0.0 0.0 0.0 0.0 0.0 0.0 0.0 0.0 0.01252832829 0.01259389905 0.01252666229 0.01254404877 0.01248731012 0.01244351366 0.01247997917 0.01245724509 0.01225502438 0.01246516848 0.0123392111 0.01253329003 0.01239560599 1.23496748656 0.01250343293 0.01253077479 0.01224204553 0.01254866697 0.01242579019 0.01250997559 0.01246867514 0.01239104646 0.01250897795 0.01244268628 0.01251591726 0.01229380145 0.0 0.0 0.0 0.0 0.0 0.0 0.0 0.0 0.0 0.0 0.0 0.0 0.0 0.0 0.0 0.0 0.0 0.0 0.0 0.0 0.0 0.0 0.0 0.0 0.0 0.0 0.0 0.0 0.0 0.0 0.0 0.0 0.0 0.0 0.0 0.0
0.0 0.0 0.0 0.0 0.0 0.0 0.0 0.0 0.0 0.0 0.0 0.0 0.0 0.0 0.01258020226 0.01288095704 0.01283379695 0.01272438873 0.01304755037 0.01189210042 0.0131791722 0.01219244229 0.01118221952 0.01204132159 0.01148639541 0.01313894759 0.01160947672 0.01250343293 0.783458565996 0.01251738641 0.01103822003 0.01280464277 0.01186973681 0.01270748384 0.01203559025 0.01217303975 0.01222872822 0.01205729547 0.01276315402 0.0112261485 0.0 0.0 0.0 0.0 0.0 0.0 0.0 0.0 0.0 0.0 0.0 0.0 0.0 0.0 0.0 0.0 0.0 0.0 0.0 0.0 0.0 0.0 0.0 0.0 0.0 0.0 0.0 0.0 0.0 0.0 0.0 0.0 0.0 0.0 0.0 0.0
0.0 0.0 0.0 0.0 0.0 0.0 0.0 0.0 0.0 0.0 0.0 0.0 0.0 0.0 0.01259808999 0.01251757307 0.01253954591 0.01258652544 0.01245570196 0.01256358212 0.01255180521 0.01260631147 0.01243840374 0.01258398311 0.01249464769 0.01266185103 0.01249275231 0.01253077479 0.01251738641 0.691259026364 0.01241074087 0.01262917214 0.0125659488 0.01256874394 0.01246582453 0.01252024048 0.01260138807 0.01259640013 0.01259815301 0.01246506916 0.0 0.0 0.0 0.0 0.0 0.0 0.0 0.0 0.0 0.0 0.0 0.0 0.0 0.0 0.0 0.0 0.0 0.0 0.0 0.0 0.0 0.0 0.0 0.0 0.0 0.0 0.0 0.0 0.0 0.0 0.0 0.0 0.0 0.0 0.0 0.0
0.0 0.0 0.0 0.0 0.0 0.0 0.0 0.0 0.0 0.0 0.0 0.0 0.0 0.0 0.0123142492 0.01147003905 0.01170919529 0.01167956551 0.01127671832 0.01383700144 0.01136180362 0.01332983703 0.01554821083 0.01342213459 0.01480086676 0.0116092537 0.01433418402 0.01224204553 0.01103822003 0.01241074087 1.63098465667 0.01199235601 0.01392898021 0.01207909912 0.01322554713 0.01328163453 0.01304636566 0.01356636663 0.0121553179 0.01550279303 0.0 0.0 0.0 0.0 0.0 0.0 0.0 0.0 0.0 0.0 0.0 0.0 0.0 0.0 0.0 0.0 0.0 0.0 0.0 0.0 0.0 0.0 0.0 0.0 0.0 0.0 0.0 0.0 0.0 0.0 0.0 0.0 0.0 0.0 0.0 0.0
0.0 0.0 0.0 0.0 0.0 0.0 0.0 0.0 0.0 0.0 0.0 0.0 0.0 0.0 0.01264906492 0.01268215798 0.0126720435 0.01266342829 0.01266142254 0.01243554957 0.01281942214 0.0125371761 0.01204731286 0.01248224155 0.01219168287 0.01290725755 0.01224175848 0.01254866697 0.01280464277 0.01262917214 0.01199235601 1.01867681216 0.01238985084 0.01265608864 0.0123624668 0.01245232034 0.01255409022 0.01247461369 0.01272404515 0.0121056501 0.0 0.0 0.0 0.0 0.0 0.0 0.0 0.0 0.0 0.0 0.0 0.0 0.0 0.0 0.0 0.0 0.0 0.0 0.0 0.0 0.0 0.0 0.0 0.0 0.0 0.0 0.0 0.0 0.0 0.0 0.0 0.0 0.0 0.0 0.0 0.0
0.0 0.0 0.0 0.0 0.0 0.0 0.0 0.0 0.0 0.0 0.0 0.0 0.0 0.0 0.01252136641 0.01207214833 0.01219601211 0.01221023988 0.01194301731 0.0131823399 0.01204633338 0.01299022881 0.01379932525 0.01301607726 0.01352287186 0.01224052865 0.01334802884 0.01242579019 0.01186973681 0.0125659488 0.01392898021 0.01238985084 0.59924149425 0.0123870859 0.01282516095 0.01286550734 0.01284916556 0.01308327693 0.01244263897 0.01379884965 0.0 0.0 0.0 0.0 0.0 0.0 0.0 0.0 0.0 0.0 0.0 0.0 0.0 0.0 0.0 0.0 0.0 0.0 0.0 0.0 0.0 0.0 0.0 0.0 0.0 0.0 0.0 0.0 0.0 0.0 0.0 0.0 0.0 0.0 0.0 0.0
0.0 0.0 0.0 0.0 0.0 0.0 0.0 0.0 0.0 0.0 0.0 0.0 0.0 0.0 0.01258135124 0.01257404928 0.0126277796 0.01257722641 0.01261040919 0.01240219383 0.01270324693 0.01249651283 0.01212632261 0.01244407587 0.01224724089 0.01276538546 0.01226088811 0.01250997559 0.01270748384 0.01256874394 0.01207909912 0.01265608864 0.0123870859 1.33292514659 0.01236368194 0.01243188316 0.01248419468 0.01245606961 0.01261728807 0.01216604386 0.0 0.0 0.0 0.0 0.0 0.0 0.0 0.0 0.0 0.0 0.0 0.0 0.0 0.0 0.0 0.0 0.0 0.0 0.0 0.0 0.0 0.0 0.0 0.0 0.0 0.0 0.0 0.0 0.0 0.0 0.0 0.0 0.0 0.0 0.0 0.0
0.0 0.0 0.0 0.0 0.0 0.0 0.0 0.0 0.0 0.0 0.0 0.0 0.0 0.0 0.01246096301 0.01227549141 0.0122840201 0.01229825907 0.01211546118 0.01282157141 0.01209810523 0.01266942569 0.01313248917 0.01273413253 0.01299487384 0.01220295173 0.01294100392 0.01246867514 0.01203559025 0.01246582453 0.01322554713 0.0123624668 0.01282516095 0.01236368194 0.811038943518 0.01257705951 0.01265087765 0.01272029085 0.0123712538 0.01313469617 0.0 0.0 0.0 0.0 0.0 0.0 0.0 0.0 0.0 0.0 0.0 0.0 0.0 0.0 0.0 0.0 0.0 0.0 0.0 0.0 0.0 0.0 0.0 0.0 0.0 0.0 0.0 0.0 0.0 0.0 0.0 0.0 0.0 0.0 0.0 0.0
0.0 0.0 0.0 0.0 0.0 0.0 0.0 0.0 0.0 0.0 0.0 0.0 0.0 0.0 0.01250249898 0.01219097286 0.01230369468 0.01235935756 0.01221272858 0.01290941964 0.01232332504 0.01277261474 0.01325159264 0.01278449647 0.01306177191 0.01239954567 0.01290635099 0.01239104646 0.01217303975 0.01252024048 0.01328163453 0.01245232034 0.01286550734 0.01243188316 0.01257705951 2.69625362515 0.0126628401 0.0128376549 0.01245199897 0.01323508831 0.0 0.0 0.0 0.0 0.0 0.0 0.0 0.0 0.0 0.0 0.0 0.0 0.0 0.0 0.0 0.0 0.0 0.0 0.0 0.0 0.0 0.0 0.0 0.0 0.0 0.0 0.0 0.0 0.0 0.0 0.0 0.0 0.0 0.0 0.0 0.0
0.0 0.0 0.0 0.0 0.0 0.0 0.0 0.0 0.0 0.0 0.0 0.0 0.0 0.0 0.01257164419 0.01239089636 0.01238027353 0.0124112647 0.01224318019 0.01285980812 0.01235880232 0.01277724552 0.01302355391 0.01279648515 0.01291979402 0.01248261163 0.01292392029 0.01250897795 0.01222872822 0.01260138807 0.01304636566 0.01255409022 0.01284916556 0.01248419468 0.01265087765 0.0126628401 1.21213691675 0.01281287866 0.01255586608 0.01303141966 0.0 0.0 0.0 0.0 0.0 0.0 0.0 0.0 0.0 0.0 0.0 0.0 0.0 0.0 0.0 0.0 0.0 0.0 0.0 0.0 0.0 0.0 0.0 0.0 0.0 0.0 0.0 0.0 0.0 0.0 0.0 0.0 0.0 0.0 0.0 0.0
0.0 0.0 0.0 0.0 0.0 0.0 0.0 0.0 0.0 0.0 0.0 0.0 0.0 0.0 0.01255949846 0.01214466463 0.01229673079 0.01230595593 0.01208812827 0.01306788594 0.01222065026 0.01294073473 0.01349759225 0.0129432941 0.01330011849 0.01240092923 0.01315297929 0.01244268628 0.01205729547 0.01259640013 0.01356636663 0.01247461369 0.01308327693 0.01245606961 0.01272029085 0.0128376549 0.01281287866 0.537171705341 0.01251129241 0.01349973056 0.0 0.0 0.0 0.0 0.0 0.0 0.0 0.0 0.0 0.0 0.0 0.0 0.0 0.0 0.0 0.0 0.0 0.0 0.0 0.0 0.0 0.0 0.0 0.0 0.0 0.0 0.0 0.0 0.0 0.0 0.0 0.0 0.0 0.0 0.0 0.0
0.0 0.0 0.0 0.0 0.0 0.0 0.0 0.0 0.0 0.0 0.0 0.0 0.0 0.0 0.01259684018 0.01261492872 0.01262234789 0.0125695297 0.01261812189 0.01245168059 0.01278196363 0.01256619405 0.01219963105 0.01247296466 0.01229551537 0.01287601937 0.01233879769 0.01251591726 0.01276315402 0.01259815301 0.0121553179 0.01272404515 0.01244263897 0.01261728807 0.0123712538 0.01245199897 0.01255586608 0.01251129241 1.8895251402 0.01225748682 0.0 0.0 0.0 0.0 0.0 0.0 0.0 0.0 0.0 0.0 0.0 0.0 0.0 0.0 0.0 0.0 0.0 0.0 0.0 0.0 0.0 0.0 0.0 0.0 0.0 0.0 0.0 0.0 0.0 0.0 0.0 0.0 0.0 0.0 0.0 0.0
0.0 0.0 0.0 0.0 0.0 0.0 0.0 0.0 0.0 0.0 0.0 0.0 0.0 0.0 0.01237339662 0.01159295217 0.01182671265 0.01181900517 0.01141738697 0.01374186149 0.01151608952 0.01328715964 0.01519445106 0.01338926757 0.01453060328 0.01176066764 0.01413538994 0.01229380145 0.0112261485 0.01246506916 0.01550279303 0.0121056501 0.01379884965 0.01216604386 0.01313469617 0.01323508831 0.01303141966 0.01349973056 0.01225748682 2.15930489338 0.0 0.0 0.0 0.0 0.0 0.0 0.0 0.0 0.0 0.0 0.0 0.0 0.0 0.0 0.0 0.0 0.0 0.0 0.0 0.0 0.0 0.0 0.0 0.0 0.0 0.0 0.0 0.0 0.0 0.0 0.0 0.0 0.0 0.0 0.0 0.0
0.0 0.0 0.0 0.0 0.0 0.0 0.0 0.0 0.0 0.0 0.0 0.0 0.0 0.0 0.0 0.0 0.0 0.0 0.0 0.0 0.0 0.0 0.0 0.0 0.0 0.0 0.0 0.0 0.0 0.0 0.0 0.0 0.0 0.0 0.0 0.0 0.0 0.0 0.0 0.0 0.807811532344 0.009558435631 0.009556208068 0.009557508327 0.009412957979 0.009527345644 0.009201395215 0.00919285536 0.009429415561 0.009590718226 0.009339013864 0.009553249943 0.00948948858 0.009413329458 0.00955919712 0.009101576402 0.009552643133 0.009520871888 0.009374865478 0.00949067367 0.009416702777 0.009612633699 0.009509044598 0.009445251402 0.0 0.0 0.0 0.0 0.0 0.0 0.0 0.0 0.0 0.0 0.0 0.0
0.0 0.0 0.0 0.0 0.0 0.0 0.0 0.0 0.0 0.0 0.0 0.0 0.0 0.0 0.0 0.0 0.0 0.0 0.0 0.0 0.0 0.0 0.0 0.0 0.0 0.0 0.0 0.0 0.0 0.0 0.0 0.0 0.0 0.0 0.0 0.0 0.0 0.0 0.0 0.0 0.009558435631 0.289316212264 0.01017126266 0.009978019091 0.009211468837 0.009523415226 0.00878522401 0.008763593402 0.009346529865 0.01015564006 0.009045376588 0.009738474203 0.009446057587 0.009235701377 0.009754523773 0.008601815186 0.009515621745 0.009533119481 0.009121381848 0.009475301098 0.009300241066 0.009984496677 0.009451741412 0.009365457374 0.0 0.0 0.0 0.0 0.0 0.0 0.0 0.0 0.0 0.0 0.0 0.0
0.0 0.0 0.0 0.0 0.0 0.0 0.0 0.0 0.0 0.0 0.0 0.0 0.0 0.0 0.0 0.0 0.0 0.0 0.0 0.0 0.0 0.0 0.0 0.0 0.0 0.0 0.0 0.0 0.0 0.0 0.0 0.0 0.0 0.0 0.0 0.0 0.0 0.0 0.0 0.0 0.009556208068 0.01017126266 0.857185051133 0.01071914166 0.008788288287 0.009542563232 0.00795889925 0.007939199868 0.0092155651 0.01109101135 0.008516681486 0.01001822704 0.00936358637 0.008911966391 0.009973943712 0.00766053795 0.009421559016 0.009539390373 0.008650299987 0.00945038585 0.009118745932 0.01046343516 0.009300774397 0.009242371829 0.0 0.0 0.0 0.0 0.0 0.0 0.0 0.0 0.0 0.0 0.0 0.0
0.0 0.0 0.0 0.0 0.0 0.0 0.0 0.0 0.0 0.0 0.0 0.0 0.0 0.0 0.0 0.0 0.0 0.0 0.0 0.0 0.0 0.0 0.0 0.0 0.0 0.0 0.0 0.0 0.0 0.0 0.0 0.0 0.0 0.0 0.0 0.0 0.0 0.0 0.0 0.0 0.009557508327 0.009978019091 0.01071914166 0.552479131307 0.009075862995 0.009554457662 0.00851430666 0.008478209758 0.009312347064 0.01052734765 0.008848209749 0.009893865843 0.009408200678 0.009120448527 0.009852197045 0.008272411307 0.009500356729 0.009545508333 0.008950575045 0.009449469424 0.009217433841 0.0102010041 0.009424803211 0.009327326416 0.0 0.0 0.0 0.0 0.0 0.0 0.0 0.0 0.0 0.0 0.0 0.0
0.0 0.0 0.0 0.0 0.0 0.0 0.0 0.0 0.0 0.0 0.0 0.0 0.0 0.0 0.0 0.0 0.0 0.0 0.0 0.0 0.0 0.0 0.0 0.0 0.0 0.0 0.0 0.0 0.0 0.0 0.0 0.0 0.0 0.0 0.0 0.0 0.0 0.0 0.0 0.0 0.009412957979 0.009211468837 0.008788288287 0.009075862995 0.438331972113 0.009531495306 0.009878351109 0.009869974254 0.00954873441 0.008906202207 0.009729777608 0.009330242974 0.009476295561 0.009599295411 0.009261764612 0.009887931866 0.009552469095 0.009445482052 0.009681912058 0.009438823397 0.009494450498 0.009138991652 0.009562890141 0.009535526054 0.0 0.0 0.0 0.0 0.0 0.0 0.0 0.0 0.0 0.0 0.0 0.0
0.0 0.0 0.0 0.0 0.0 0.0 0.0 0.0 0.0 0.0 0.0 0.0 0.0 0.0 0.0 0.0 0.0 0.0 0.0 0.0 0.0 0.0 0.0 0.0 0.0 0.0 0.0 0.0 0.0 0.0 0.0 0.0 0.0 0.0 0.0 0.0 0.0 0.0 0.0 0.0 0.009527345644 0.009523415226 0.009542563232 0.009554457662 0.009531495306 1.05146652608 0.009314613931 0.009278163103 0.00957051198 0.009520816793 0.009457210429 0.009607260681 0.009510133383 0.009462238666 0.009497400421 0.009145570706 0.009646703895 0.009564186236 0.009422581123 0.009511956147 0.009417173586 0.009553899353 0.009577295684 0.009546324972 0.0 0.0 0.0 0.0 0.0 0.0 0.0 0.0 0.0 0.0 0.0 0.0
0.0 0.0 0.0 0.0 0.0 0.0 0.0 0.0 0.0 0.0 0.0 0.0 0.0 0.0 0.0 0.0 0.0 0.0 0.0 0.0 0.0 0.0 0.0 0.0 0.0 0.0 0.0 0.0 0.0 0.0 0.0 0.0 0.0 0.0 0.0 0.0 0.0 0.0 0.0 0.0 0.009201395215 0.00878522401 0.00795889925 0.00851430666 0.009878351109 0.009314613931 1.76148108957 0.0107908898 0.009608623884 0.008080134912 0.01014057659 0.009008619364 0.009396510237 0.009783214332 0.008902097623 0.01103023224 0.009448614643 0.009294491012 0.01003399255 0.009266783657 0.009538850462 0.00857500395 0.0095776651 0.009549571602 0.0 0.0 0.0 0.0 0.0 0.0 0.0 0.0 0.0 0.0 0.0 0.0
0.0 0.0 0.0 0.0 0.0 0.0 0.0 0.0 0.0 0.0 0.0 0.0 0.0 0.0 0.0 0.0 0.0 0.0 0.0 0.0 0.0 0.0 0.0 0.0 0.0 0.0 0.0 0.0 0.0 0.0 0.0 0.0 0.0 0.0 0.0 0.0 0.0 0.0 0.0 0.0 0.00919285536 0.008763593402 0.007939199868 0.008478209758 0.009869974254 0.009278163103 0.0107908898 0.645790012103 0.009586472619 0.008065491142 0.01014961331 0.008974283337 0.009382407463 0.009765951812 0.008883849124 0.01105477909 0.009425941317 0.009265953072 0.01002801135 0.00928136496 0.00953282288 0.008554669693 0.009549989872 0.009537103738 0.0 0.0 0.0 0.0 0.0 0.0 0.0 0.0 0.0 0.0 0.0 0.0
0.0 0.0 0.0 0.0 0.0 0.0 0.0 0.0 0.0 0.0 0.0 0.0 0.0 0.0 0.0 0.0 0.0 0.0 0.0 0.0 0.0 0.0 0.0 0.0 0.0 0.0 0.0 0.0 0.0 0.0 0.0 0.0 0.0 0.0 0.0 0.0 0.0 0.0 0.0 0.0 0.009429415561 0.009346529865 0.0092155651 0.009312347064 0.00954873441 0.00957051198 0.009608623884 0.009586472619 0.678427168433 0.009206006552 0.009566065585 0.009425212254 0.009458753387 0.009503417591 0.0093538464 0.009562834853 0.009531357572 0.009465068521 0.009527806058 0.009434109546 0.009441547814 0.009317119714 0.009520361399 0.009502781532 0.0 0.0 0.0 0.0 0.0 0.0 0.0 0.0 0.0 0.0 0.0 0.0
0.0 0.0 0.0 0.0 0.0 0.0 0.0 0.0 0.0 0.0 0.0 0.0 0.0 0.0 0.0 0.0 0.0 0.0 0.0 0.0 0.0 0.0 0.0 0.0 0.0 0.0 0.0 0.0 0.0 0.0 0.0 0.0 0.0 0.0 0.0 0.0 0.0 0.0 0.0 0.0 0.009590718226 0.01015564006 0.01109101135 0.01052734765 0.008906202207 0.009520816793 0.008080134912 0.008065491142 0.009206006552 0.524612838495 0.008583889594 0.009972901673 0.00938813984 0.008958177462 0.01000477496 0.007804774029 0.009418573384 0.009539550387 0.008724820299 0.009475771441 0.009163059004 0.01047282962 0.009309915215 0.009233930281 0.0 0.0 0.0 0.0 0.0 0.0 0.0 0.0 0.0 0.0 0.0 0.0
0.0 0.0 0.0 0.0 0.0 0.0 0.0 0.0 0.0 0.0 0.0 0.0 0.0 0.0 0.0 0.0 0.0 0.0 0.0 0.0 0.0 0.0 0.0 0.0 0.0 0.0 0.0 0.0 0.0 0.0 0.0 0.0 0.0 0.0 0.0 0.0 0.0 0.0 0.0 0.0 0.009339013864 0.009045376588 0.008516681486 0.008848209749 0.009729777608 0.009457210429 0.01014057659 0.01014961331 0.009566065585 0.008583889594 0.766593449104 0.009184947775 0.009438261153 0.009657231782 0.009128686184 0.01023401418 0.009520117103 0.009377164279 0.009798649564 0.009399464236 0.009508952499 0.008922485885 0.009547006314 0.009540446633 0.0 0.0 0.0 0.0 0.0 0.0 0.0 0.0 0.0 0.0 0.0 0.0
0.0 0.0 0.0 0.0 0.0 0.0 0.0 0.0 0.0 0.0 0.0 0.0 0.0 0.0 0.0 0.0 0.0 0.0 0.0 0.0 0.0 0.0 0.0 0.0 0.0 0.0 0.0 0.0 0.0 0.0 0.0 0.0 0.0 0.0 0.0 0.0 0.0 0.0 0.0 0.0 0.009553249943 0.009738474203 0.01001822704 0.009893865843 0.009330242974 0.009607260681 0.009008619364 0.008974283337 0.009425212254 0.009972901673 0.009184947775 0.474595917679 0.009478288153 0.009325255491 0.009676972369 0.008823504669 0.009588283194 0.00955899812 0.009243989239 0.009489146894 0.009339929201 0.009878886815 0.009531091705 0.009426775789 0.0 0.0 0.0 0.0 0.0 0.0 0.0 0.0 0.0 0.0 0.0 0.0
0.0 0.0 0.0 0.0 0.0 0.0 0.0 0.0 0.0 0.0 0.0 0.0 0.0 0.0 0.0 0.0 0.0 0.0 0.0 0.0 0.0 0.0 0.0 0.0 0.0 0.0 0.0 0.0 0.0 0.0 0.0 0.0 0.0 0.0 0.0 0.0 0.0 0.0 0.0 0.0 0.00948948858 0.009446057587 0.00936358637 0.009408200678 0.009476295561 0.009510133383 0.009396510237 0.009382407463 0.009458753387 0.00938813984 0.009438261153 0.009478288153 0.451402334949 0.00946978174 0.009454204191 0.009330327481 0.009522875538 0.009498078491 0.009459188155 0.009469422637 0.009453797345 0.009450863299 0.009500338849 0.009467205198 0.0 0.0 0.0 0.0 0.0 0.0 0.0 0.0 0.0 0.0 0.0 0.0
0.0 0.0 0.0 0.0 0.0 0.0 0.0 0.0 0.0 0.0 0.0 0.0 0.0 0.0 0.0 0.0 0.0 0.0 0.0 0.0 0.0 0.0 0.0 0.0 0.0 0.0 0.0 0.0 0.0 0.0 0.0 0.0 0.0 0.0 0.0 0.0 0.0 0.0 0.0 0.0 0.009413329458 0.009235701377 0.008911966391 0.009120448527 0.009599295411 0.009462238666 0.009783214332 0.009765951812 0.009503417591 0.008958177462 0.009657231782 0.009325255491 0.00946978174 0.987263492307 0.009279559463 0.009797825006 0.009506542308 0.009440813605 0.009637640384 0.009417435525 0.009497940533 0.009167139696 0.009524046243 0.009500736901 0.0 0.0 0.0 0.0 0.0 0.0 0.0 0.0 0.0 0.0 0.0 0.0
0.0 0.0 0.0 0.0 0.0 0.0 0.0 0.0 0.0 0.0 0.0 0.0 0.0 0.0 0.0 0.0 0.0 0.0 0.0 0.0 0.0 0.0 0.0 0.0 0.0 0.0 0.0 0.0 0.0 0.0 0.0 0.0 0.0 0.0 0.0 0.0 0.0 0.0 0.0 0.0 0.00955919712 0.009754523773 0.009973943712 0.009852197045 0.009261764612 0.009497400421 0.008902097623 0.008883849124 0.0093538464 0.01000477496 0.009128686184 0.009676972369 0.009454204191 0.009279559463 1.51819412433 0.008741757862 0.00953676581 0.009525900249 0.009193754917 0.009486935804 0.009321443804 0.009908552334 0.009478385563 0.009382035444 0.0 0.0 0.0 0.0 0.0 0.0 0.0 0.0 0.0 0.0 0.0 0.0
0.0 0.0 0.0 0.0 0.0 0.0 0.0 0.0 0.0 0.0 0.0 0.0 0.0 0.0 0.0 0.0 0.0 0.0 0.0 0.0 0.0 0.0 0.0 0.0 0.0 0.0 0.0 0.0 0.0 0.0 0.0 0.0 0.0 0.0 0.0 0.0 0.0 0.0 0.0 0.0 0.009101576402 0.008601815186 0.00766053795 0.008272411307 0.009887931866 0.009145570706 0.01103023224 0.01105477909 0.009562834853 0.007804774029 0.01023401418 0.008823504669 0.009330327481 0.009797825006 0.008741757862 0.442276084933 0.009315330634 0.00918108104 0.01010367162 0.009207799655 0.009548315787 0.008340253973 0.009486681437 0.009503641835 0.0 0.0 0.0 0.0 0.0 0.0 0.0 0.0 0.0 0.0 0.0 0.0
0.0 0.0 0.0 0.0 0.0 0.0 0.0 0.0 0.0 0.0 0.0 0.0 0.0 0.0 0.0 0.0 0.0 0.0 0.0 0.0 0.0 0.0 0.0 0.0 0.0 0.0 0.0 0.0 0.0 0.0 0.0 0.0 0.0 0.0 0.0 0.0 0.0 0.0 0.0 0.0 0.009552643133 0.009515621745 0.009421559016 0.009500356729 0.009552469095 0.009646703895 0.009448614643 0.009425941317 0.009531357572 0.009418573384 0.009520117103 0.009588283194 0.009522875538 0.009506542308 0.00953676581 0.009315330634 0.360280584134 0.009563154025 0.009513987738 0.009514600142 0.009429047796 0.009567499846 0.00964788676 0.009536278238 0.0 0.0 0.0 0.0 0.0 0.0 0.0 0.0 0.0 0.0 0.0 0.0
0.0 0.0 0.0 0.0 0.0 0.0 0.0 0.0 0.0 0.0 0.0 0.0 0.0 0.0 0.0 0.0 0.0 0.0 0.0 0.0 0.0 0.0 0.0 0.0 0.0 0.0 0.0 0.0 0.0 0.0 0.0 0.0 0.0 0.0 0.0 0.0 0.0 0.0 0.0 0.0 0.009520871888 0.009533119481 0.009539390373 0.009545508333 0.009445482052 0.009564186236 0.009294491012 0.009265953072 0.009465068521 0.009539550387 0.009377164279 0.00955899812 0.009498078491 0.009440813605 0.009525900249 0.00918108104 0.009563154025 0.854278548042 0.009407413615 0.009475176618 0.009426423255 0.009572857637 0.009529162549 0.009473053689 0.0 0.0 0.0 0.0 0.0 0.0 0.0 0.0 0.0 0.0 0.0 0.0
0.0 0.0 0.0 0.0 0.0 0.0 0.0 0.0 0.0 0.0 0.0 0.0 0.0 0.0 0.0 0.0 0.0 0.0 0.0 0.0 0.0 0.0 0.0 0.0 0.0 0.0 0.0 0.0 0.0 0.0 0.0 0.0 0.0 0.0 0.0 0.0 0.0 0.0 0.0 0.0 0.009374865478 0.009121381848 0.008650299987 0.008950575045 0.009681912058 0.009422581123 0.01003399255 0.01002801135 0.009527806058 0.008724820299 0.009798649564 0.009243989239 0.009459188155 0.009637640384 0.009193754917 0.01010367162 0.009513987738 0.009407413615 0.840262469163 0.00940257534 0.009513137912 0.009022728039 0.009547633156 0.009514315375 0.0 0.0 0.0 0.0 0.0 0.0 0.0 0.0 0.0 0.0 0.0 0.0
0.0 0.0 0.0 0.0 0.0 0.0 0.0 0.0 0.0 0.0 0.0 0.0 0.0 0.0 0.0 0.0 0.0 0.0 0.0 0.0 0.0 0.0 0.0 0.0 0.0 0.0 0.0 0.0 0.0 0.0 0.0 0.0 0.0 0.0 0.0 0.0 0.0 0.0 0.0 0.0 0.00949067367 0.009475301098 0.00945038585 0.009449469424 0.009438823397 0.009511956147 0.009266783657 0.00928136496 0.009434109546 0.009475771441 0.009399464236 0.009489146894 0.009469422637 0.009417435525 0.009486935804 0.009207799655 0.009514600142 0.009475176618 0.00940257534 0.629961380426 0.009423953656 0.009504336765 0.009467690955 0.009450573582 0.0 0.0 0.0 0.0 0.0 0.0 0.0 0.0 0.0 0.0 0.0 0.0
0.0 0.0 0.0 0.0 0.0 0.0 0.0 0.0 0.0 0.0 0.0 0.0 0.0 0.0 0.0 0.0 0.0 0.0 0.0 0.0 0.0 0.0 0.0 0.0 0.0 0.0 0.0 0.0 0.0 0.0 0.0 0.0 0.0 0.0 0.0 0.0 0.0 0.0 0.0 0.0 0.009416702777 0.009300241066 0.009118745932 0.009217433841 0.009494450498 0.009417173586 0.009538850462 0.00953282288 0.009441547814 0.009163059004 0.009508952499 0.009339929201 0.009453797345 0.009497940533 0.009321443804 0.009548315787 0.009429047796 0.009426423255 0.009513137912 0.009423953656 0.625914226665 0.00924555413 0.009431323218 0.009447620222 0.0 0.0 0.0 0.0 0.0 0.0 0.0 0.0 0.0 0.0 0.0 0.0
0.0 0.0 0.0 0.0 0.0 0.0 0.0 0.0 0.0 0.0 0.0 0.0 0.0 0.0 0.0 0.0 0.0 0.0 0.0 0.0 0.0 0.0 0.0 0.0 0.0 0.0 0.0 0.0 0.0 0.0 0.0 0.0 0.0 0.0 0.0 0.0 0.0 0.0 0.0 0.0 0.009612633699 0.009984496677 0.01046343516 0.0102010041 0.009138991652 0.009553899353 0.00857500395 0.008554669693 0.009317119714 0.01047282962 0.008922485885 0.009878886815 0.009450863299 0.009167139696 0.009908552334 0.008340253973 0.009567499846 0.009572857637 0.009022728039 0.009504336765 0.00924555413 0.4349756415 0.009483351044 0.009343708434 0.0 0.0 0.0 0.0 0.0 0.0 0.0 0.0 0.0 0.0 0.0 0.0
0.0 0.0 0.0 0.0 0.0 0.0 0.0 0.0 0.0 0.0 0.0 0.0 0.0 0.0 0.0 0.0 0.0 0.0 0.0 0.0 0.0 0.0 0.0 0.0 0.0 0.0 0.0 0.0 0.0 0.0 0.0 0.0 0.0 0.0 0.0 0.0 0.0 0.0 0.0 0.0 0.009509044598 0.009451741412 0.009300774397 0.009424803211 0.009562890141 0.009577295684 0.0095776651 0.009549989872 0.009520361399 0.009309915215 0.009547006314 0.009531091705 0.009500338849 0.009524046243 0.009478385563 0.009486681437 0.00964788676 0.009529162549 0.009547633156 0.009467690955 0.009431323218 0.009483351044 0.495192367284 0.009517936907 0.0 0.0 0.0 0.0 0.0 0.0 0.0 0.0 0.0 0.0 0.0 0.0
0.0 0.0 0.0 0.0 0.0 0.0 0.0 0.0 0.0 0.0 0.0 0.0 0.0 0.0 0.0 0.0 0.0 0.0 0.0 0.0 0.0 0.0 0.0 0.0 0.0 0.0 0.0 0.0 0.0 0.0 0.0 0.0 0.0 0.0 0.0 0.0 0.0 0.0 0.0 0.0 0.009445251402 0.009365457374 0.009242371829 0.009327326416 0.009535526054 0.009546324972 0.009549571602 0.009537103738 0.009502781532 0.009233930281 0.009540446633 0.009426775789 0.009467205198 0.009500736901 0.009382035444 0.009503641835 0.009536278238 0.009473053689 0.009514315375 0.009450573582 0.009447620222 0.009343708434 0.009517936907 0.867923408659 0.0 0.0 0.0 0.0 0.0 0.0 0.0 0.0 0.0 0.0 0.0 0.0
0.0 0.0 0.0 0.0 0.0 0.0 0.0 0.0 0.0 0.0 0.0 0.0 0.0 0.0 0.0 0.0 0.0 0.0 0.0 0.0 0.0 0.0 0.0 0.0 0.0 0.0 0.0 0.0 0.0 0.0 0.0 0.0 0.0 0.0 0.0 0.0 0.0 0.0 0.0 0.0 0.0 0.0 0.0 0.0 0.0 0.0 0.0 0.0 0.0 0.0 0.0 0.0 0.0 0.0 0.0 0.0 0.0 0.0 0.0 0.0 0.0 0.0 0.0 0.0 0.798959853723 0.02021753512 0.02074444228 0.02127941455 0.02104133376 0.02059438534 0.0218557121 0.02108730408 0.02135077107 0.02145017491 0.02100514537 0.02108314364
0.0 0.0 0.0 0.0 0.0 0.0 0.0 0.0 0.0 0.0 0.0 0.0 0.0 0.0 0.0 0.0 0.0 0.0 0.0 0.0 0.0 0.0 0.0 0.0 0.0 0.0 0.0 0.0 0.0 0.0 0.0 0.0 0.0 0.0 0.0 0.0 0.0 0.0 0.0 0.0 0.0 0.0 0.0 0.0 0.0 0.0 0.0 0.0 0.0 0.0 0.0 0.0 0.0 0.0 0.0 0.0 0.0 0.0 0.0 0.0 0.0 0.0 0.0 0.0 0.02021753512 0.821364648162 0.02041506136 0.01965762701 0.01977733129 0.02091916358 0.01845602945 0.0196871345 0.01949089665 0.01960855269 0.01992644202 0.02060010559
0.0 0.0 0.0 0.0 0.0 0.0 0.0 0.0 0.0 0.0 0.0 0.0 0.0 0.0 0.0 0.0 0.0 0.0 0.0 0.0 0.0 0.0 0.0 0.0 0.0 0.0 0.0 0.0 0.0 0.0 0.0 0.0 0.0 0.0 0.0 0.0 0.0 0.0 0.0 0.0 0.0 0.0 0.0 0.0 0.0 0.0 0.0 0.0 0.0 0.0 0.0 0.0 0.0 0.0 0.0 0.0 0.0 0.0 0.0 0.0 0.0 0.0 0.0 0.0 0.02074444228 0.02041506136 0.787067958488 0.02075741319 0.0206843069 0.02060725496 0.02079158989 0.0207015083 0.02077022589 0.02082351005 0.02070256125 0.02080279036
0.0 0.0 0.0 0.0 0.0 0.0 0.0 0.0 0.0 0.0 0.0 0.0 0.0 0.0 0.0 0.0 0.0 0.0 0.0 0.0 0.0 0.0 0.0 0.0 0.0 0.0 0.0 0.0 0.0 0.0 0.0 0.0 0.0 0.0 0.0 0.0 0.0 0.0 0.0 0.0 0.0 0.0 0.0 0.0 0.0 0.0 0.0 0.0 0.0 0.0 0.0 0.0 0.0 0.0 0.0 0.0 0.0 0.0 0.0 0.0 0.0 0.0 0.0 0.0 0.02127941455 0.01965762701 0.02075741319 0.82214334769 0.02158824385 0.02022252845 0.02352953063 0.02166501835 0.02213939232 0.02215660145 0.02142760324 0.02102506857
0.0 0.0 0.0 0.0 0.0 0.0 0.0 0.0 0.0 0.0 0.0 0.0 0.0 0.0 0.0 0.0 0.0 0.0 0.0 0.0 0.0 0.0 0.0 0.0 0.0 0.0 0.0 0.0 0.0 0.0 0.0 0.0 0.0 0.0 0.0 0.0 0.0 0.0 0.0 0.0 0.0 0.0 0.0 0.0 0.0 0.0 0.0 0.0 0.0 0.0 0.0 0.0 0.0 0.0 0.0 0.0 0.0 0.0 0.0 0.0 0.0 0.0 0.0 0.0 0.02104133376 0.01977733129 0.0206843069 0.02158824385 1.02612020639 0.02023323495 0.02267576927 0.02139443123 0.02173962515 0.02173460854 0.02122840386 0.02086670708
0.0 0.0 0.0 0.0 0.0 0.0 0.0 0.0 0.0 0.0 0.0 0.0 0.0 0.0 0.0 0.0 0.0 0.0 0.0 0.0 0.0 0.0 0.0 0.0 0.0 0.0 0.0 0.0 0.0 0.0 0.0 0.0 0.0 0.0 0.0 0.0 0.0 0.0 0.0 0.0 0.0 0.0 0.0 0.0 0.0 0.0 0.0 0.0 0.0 0.0 0.0 0.0 0.0 0.0 0.0 0.0 0.0 0.0 0.0 0.0 0.0 0.0 0.0 0.0 0.02059438534 0.02091916358 0.02060725496 0.02022252845 0.02023323495 0.534063830238 0.01952484913 0.02016064645 0.02012861111 0.02026562326 0.02033501025 0.02092022527
0.0 0.0 0.0 0.0 0.0 0.0 0.0 0.0 0.0 0.0 0.0 0.0 0.0 0.0 0.0 0.0 0.0 0.0 0.0 0.0 0.0 0.0 0.0 0.0 0.0 0.0 0.0 0.0 0.0 0.0 0.0 0.0 0.0 0.0 0.0 0.0 0.0 0.0 0.0 0.0 0.0 0.0 0.0 0.0 0.0 0.0 0.0 0.0 0.0 0.0 0.0 0.0 0.0 0.0 0.0 0.0 0.0 0.0 0.0 0.0 0.0 0.0 0.0 0.0 0.0218557121 0.01845602945 0.02079158989 0.02352953063 0.02267576927 0.01952484913 1.75279215206 0.02266150711 0.02410542502 0.02392583419 0.02238100485 0.02094388718
0.0 0.0 0.0 0.0 0.0 0.0 0.0 0.0 0.0 0.0 0.0 0.0 0.0 0.0 0.0 0.0 0.0 0.0 0.0 0.0 0.0 0.0 0.0 0.0 0.0 0.0 0.0 0.0 0.0 0.0 0.0 0.0 0.0 0.0 0.0 0.0 0.0 0.0 0.0 0.0 0.0 0.0 0.0 0.0 0.0 0.0 0.0 0.0 0.0 0.0 0.0 0.0 0.0 0.0 0.0 0.0 0.0 0.0 0.0 0.0 0.0 0.0 0.0 0.0 0.02108730408 0.0196871345 0.0207015083 0.02166501835 0.02139443123 0.02016064645 0.02266150711 6.81371913949 0.0218488294 0.02177938273 0.02125370875 0.02079284766
0.0 0.0 0.0 0.0 0.0 0.0 0.0 0.0 0.0 0.0 0.0 0.0 0.0 0.0 0.0 0.0 0.0 0.0 0.0 0.0 0.0 0.0 0.0 0.0 0.0 0.0 0.0 0.0 0.0 0.0 0.0 0.0 0.0 0.0 0.0 0.0 0.0 0.0 0.0 0.0 0.0 0.0 0.0 0.0 0.0 0.0 0.0 0.0 0.0 0.0 0.0 0.0 0.0 0.0 0.0 0.0 0.0 0.0 0.0 0.0 0.0 0.0 0.0 0.0 0.02135077107 0.01949089665 0.02077022589 0.02213939232 0.02173962515 0.02012861111 0.02410542502 0.0218488294 3.81862312373 0.0223717374 0.02157299266 0.02103939265
0.0 0.0 0.0 0.0 0.0 0.0 0.0 0.0 0.0 0.0 0.0 0.0 0.0 0.0 0.0 0.0 0.0 0.0 0.0 0.0 0.0 0.0 0.0 0.0 0.0 0.0 0.0 0.0 0.0 0.0 0.0 0.0 0.0 0.0 0.0 0.0 0.0 0.0 0.0 0.0 0.0 0.0 0.0 0.0 0.0 0.0 0.0 0.0 0.0 0.0 0.0 0.0 0.0 0.0 0.0 0.0 0.0 0.0 0.0 0.0 0.0 0.0 0.0 0.0 0.02145017491 0.01960855269 0.02082351005 0.02215660145 0.02173460854 0.02026562326 0.02392583419 0.02177938273 0.0223717374 2.71511328427 0.02158975346 0.0212154637
0.0 0.0 0.0 0.0 0.0 0.0 0.0 0.0 0.0 0.0 0.0 0.0 0.0 0.0 0.0 0.0 0.0 0.0 0.0 0.0 0.0 0.0 0.0 0.0 0.0 0.0 0.0 0.0 0.0 0.0 0.0 0.0 0.0 0.0 0.0 0.0 0.0 0.0 0.0 0.0 0.0 0.0 0.0 0.0 0.0 0.0 0.0 0.0 0.0 0.0 0.0 0.0 0.0 0.0 0.0 0.0 0.0 0.0 0.0 0.0 0.0 0.0 0.0 0.0 0.02100514537 0.01992644202 0.02070256125 0.02142760324 0.02122840386 0.02033501025 0.02238100485 0.02125370875 0.02157299266 0.02158975346 0.752449064386 0.02089235472
0.0 0.0 0.0 0.0 0.0 0.0 0.0 0.0 0.0 0.0 0.0 0.0 0.0 0.0 0.0 0.0 0.0 0.0 0.0 0.0 0.0 0.0 0.0 0.0 0.0 0.0 0.0 0.0 0.0 0.0 0.0 0.0 0.0 0.0 0.0 0.0 0.0 0.0 0.0 0.0 0.0 0.0 0.0 0.0 0.0 0.0 0.0 0.0 0.0 0.0 0.0 0.0 0.0 0.0 0.0 0.0 0.0 0.0 0.0 0.0 0.0 0.0 0.0 0.0 0.02108314364 0.02060010559 0.02080279036 0.02102506857 0.02086670708 0.02092022527 0.02094388718 0.02079284766 0.02103939265 0.0212154637 0.02089235472 1.63604436692
