70 70
0.626631705997 0.01326742942 0.01310765189 0.01303175774 0.01305947791 0.01305060976 0.01310768753 0.01239358322 0.0131112823 0.01315600913 0.01283499247 0.01320547838 0.01224772033 0.01277013368 0.0 0.0 0.0 0.0 0.0 0.0 0.0 0.0 0.0 0.0 0.0 0.0 0.0 0.0 0.0 0.0 0.0 0.0 0.0 0.0 0.0 0.0 0.0 0.0 0.0 0.0 0.0 0.0 0.0 0.0 0.0 0.0 0.0 0.0 0.0 0.0 0.0 0.0 0.0 0.0 0.0 0.0 0.0 0.0 0.0 0.0 0.0 0.0 0.0 0.0 0.0 0.0 0.0 0.0 0.0 0.0
0.01326742942 3.18200951157 0.01332478254 0.01337563304 0.01346781564 0.01289968239 0.01387557735 0.01080286036 0.01365190269 0.01418818583 0.01257275608 0.01447316354 0.01061305246 0.01199187269 0.0 0.0 0.0 0.0 0.0 0.0 0.0 0.0 0.0 0.0 0.0 0.0 0.0 0.0 0.0 0.0 0.0 0.0 0.0 0.0 0.0 0.0 0.0 0.0 0.0 0.0 0.0 0.0 0.0 0.0 0.0 0.0 0.0 0.0 0.0 0.0 0.0 0.0 0.0 0.0 0.0 0.0 0.0 0.0 0.0 0.0 0.0 0.0 0.0 0.0 0.0 0.0 0.0 0.0 0.0 0.0
0.01310765189 0.01332478254 0.401833167229 0.0129815189 0.01311135079 0.01314524142 0.01311830545 0.01239292201 0.01311930937 0.01319749581 0.01273777754 0.01320812891 0.01221562448 0.01284536308 0.0 0.0 0.0 0.0 0.0 0.0 0.0 0.0 0.0 0.0 0.0 0.0 0.0 0.0 0.0 0.0 0.0 0.0 0.0 0.0 0.0 0.0 0.0 0.0 0.0 0.0 0.0 0.0 0.0 0.0 0.0 0.0 0.0 0.0 0.0 0.0 0.0 0.0 0.0 0.0 0.0 0.0 0.0 0.0 0.0 0.0 0.0 0.0 0.0 0.0 0.0 0.0 0.0 0.0 0.0 0.0
0.01303175774 0.01337563304 0.0129815189 0.365583512547 0.01305972066 0.01278643427 0.01323011374 0.01218882164 0.0131317101 0.01324614683 0.0129275256 0.01332746475 0.0121656455 0.01257446401 0.0 0.0 0.0 0.0 0.0 0.0 0.0 0.0 0.0 0.0 0.0 0.0 0.0 0.0 0.0 0.0 0.0 0.0 0.0 0.0 0.0 0.0 0.0 0.0 0.0 0.0 0.0 0.0 0.0 0.0 0.0 0.0 0.0 0.0 0.0 0.0 0.0 0.0 0.0 0.0 0.0 0.0 0.0 0.0 0.0 0.0 0.0 0.0 0.0 0.0 0.0 0.0 0.0 0.0 0.0 0.0
0.01305947791 0.01346781564 0.01311135079 0.01305972066 0.431394710584 0.01292514048 0.0132618362 0.01215167491 0.01317862729 0.01331979007 0.01277596923 0.01336070058 0.01201751901 0.01265180593 0.0 0.0 0.0 0.0 0.0 0.0 0.0 0.0 0.0 0.0 0.0 0.0 0.0 0.0 0.0 0.0 0.0 0.0 0.0 0.0 0.0 0.0 0.0 0.0 0.0 0.0 0.0 0.0 0.0 0.0 0.0 0.0 0.0 0.0 0.0 0.0 0.0 0.0 0.0 0.0 0.0 0.0 0.0 0.0 0.0 0.0 0.0 0.0 0.0 0.0 0.0 0.0 0.0 0.0 0.0 0.0
0.01305060976 0.01289968239 0.01314524142 0.01278643427 0.01292514048 1.58800778009 0.01281863213 0.01290420859 0.01293672548 0.01289851686 0.01269531286 0.01281963992 0.01271524521 0.01318372756 0.0 0.0 0.0 0.0 0.0 0.0 0.0 0.0 0.0 0.0 0.0 0.0 0.0 0.0 0.0 0.0 0.0 0.0 0.0 0.0 0.0 0.0 0.0 0.0 0.0 0.0 0.0 0.0 0.0 0.0 0.0 0.0 0.0 0.0 0.0 0.0 0.0 0.0 0.0 0.0 0.0 0.0 0.0 0.0 0.0 0.0 0.0 0.0 0.0 0.0 0.0 0.0 0.0 0.0 0.0 0.0
0.01310768753 0.01387557735 0.01311830545 0.01323011374 0.0132618362 0.01281863213 0.409702649701 0.011739469 0.01332128048 0.01356568692 0.01281383879 0.0136805287 0.01164869682 0.01242015223 0.0 0.0 0.0 0.0 0.0 0.0 0.0 0.0 0.0 0.0 0.0 0.0 0.0 0.0 0.0 0.0 0.0 0.0 0.0 0.0 0.0 0.0 0.0 0.0 0.0 0.0 0.0 0.0 0.0 0.0 0.0 0.0 0.0 0.0 0.0 0.0 0.0 0.0 0.0 0.0 0.0 0.0 0.0 0.0 0.0 0.0 0.0 0.0 0.0 0.0 0.0 0.0 0.0 0.0 0.0 0.0
0.01239358322 0.01080286036 0.01239292201 0.01218882164 0.01215167491 0.01290420859 0.011739469 0.406599461913 0.01201636187 0.01158264897 0.01291572222 0.01136134316 0.01511534541 0.01363858611 0.0 0.0 0.0 0.0 0.0 0.0 0.0 0.0 0.0 0.0 0.0 0.0 0.0 0.0 0.0 0.0 0.0 0.0 0.0 0.0 0.0 0.0 0.0 0.0 0.0 0.0 0.0 0.0 0.0 0.0 0.0 0.0 0.0 0.0 0.0 0.0 0.0 0.0 0.0 0.0 0.0 0.0 0.0 0.0 0.0 0.0 0.0 0.0 0.0 0.0 0.0 0.0 0.0 0.0 0.0 0.0
0.0131112823 0.01365190269 0.01311930937 0.0131317101 0.01317862729 0.01293672548 0.01332128048 0.01201636187 0.363614853561 0.01340291865 0.01279736119 0.01348903209 0.01189029718 0.01258512835 0.0 0.0 0.0 0.0 0.0 0.0 0.0 0.0 0.0 0.0 0.0 0.0 0.0 0.0 0.0 0.0 0.0 0.0 0.0 0.0 0.0 0.0 0.0 0.0 0.0 0.0 0.0 0.0 0.0 0.0 0.0 0.0 0.0 0.0 0.0 0.0 0.0 0.0 0.0 0.0 0.0 0.0 0.0 0.0 0.0 0.0 0.0 0.0 0.0 0.0 0.0 0.0 0.0 0.0 0.0 0.0
0.01315600913 0.01418818583 0.01319749581 0.01324614683 0.01331979007 0.01289851686 0.01356568692 0.01158264897 0.01340291865 0.678974105343 0.0127314431 0.01384684959 0.01144418646 0.01236855439 0.0 0.0 0.0 0.0 0.0 0.0 0.0 0.0 0.0 0.0 0.0 0.0 0.0 0.0 0.0 0.0 0.0 0.0 0.0 0.0 0.0 0.0 0.0 0.0 0.0 0.0 0.0 0.0 0.0 0.0 0.0 0.0 0.0 0.0 0.0 0.0 0.0 0.0 0.0 0.0 0.0 0.0 0.0 0.0 0.0 0.0 0.0 0.0 0.0 0.0 0.0 0.0 0.0 0.0 0.0 0.0
0.01283499247 0.01257275608 0.01273777754 0.0129275256 0.01277596923 0.01269531286 0.01281383879 0.01291572222 0.01279736119 0.0127314431 0.443085641313 0.01274539265 0.01301733497 0.01279542631 0.0 0.0 0.0 0.0 0.0 0.0 0.0 0.0 0.0 0.0 0.0 0.0 0.0 0.0 0.0 0.0 0.0 0.0 0.0 0.0 0.0 0.0 0.0 0.0 0.0 0.0 0.0 0.0 0.0 0.0 0.0 0.0 0.0 0.0 0.0 0.0 0.0 0.0 0.0 0.0 0.0 0.0 0.0 0.0 0.0 0.0 0.0 0.0 0.0 0.0 0.0 0.0 0.0 0.0 0.0 0.0
0.01320547838 0.01447316354 0.01320812891 0.01332746475 0.01336070058 0.01281963992 0.0136805287 0.01136134316 0.01348903209 0.01384684959 0.01274539265 0.308286111201 0.01122296782 0.01222251648 0.0 0.0 0.0 0.0 0.0 0.0 0.0 0.0 0.0 0.0 0.0 0.0 0.0 0.0 0.0 0.0 0.0 0.0 0.0 0.0 0.0 0.0 0.0 0.0 0.0 0.0 0.0 0.0 0.0 0.0 0.0 0.0 0.0 0.0 0.0 0.0 0.0 0.0 0.0 0.0 0.0 0.0 0.0 0.0 0.0 0.0 0.0 0.0 0.0 0.0 0.0 0.0 0.0 0.0 0.0 0.0
0.01224772033 0.01061305246 0.01221562448 0.0121656455 0.01201751901 0.01271524521 0.01164869682 0.01511534541 0.01189029718 0.01144418646 0.01301733497 0.01122296782 0.168256165656 0.01359249704 0.0 0.0 0.0 0.0 0.0 0.0 0.0 0.0 0.0 0.0 0.0 0.0 0.0 0.0 0.0 0.0 0.0 0.0 0.0 0.0 0.0 0.0 0.0 0.0 0.0 0.0 0.0 0.0 0.0 0.0 0.0 0.0 0.0 0.0 0.0 0.0 0.0 0.0 0.0 0.0 0.0 0.0 0.0 0.0 0.0 0.0 0.0 0.0 0.0 0.0 0.0 0.0 0.0 0.0 0.0 0.0
0.01277013368 0.01199187269 0.01284536308 0.01257446401 0.01265180593 0.01318372756 0.01242015223 0.01363858611 0.01258512835 0.01236855439 0.01279542631 0.01222251648 0.01359249704 0.341312903909 0.0 0.0 0.0 0.0 0.0 0.0 0.0 0.0 0.0 0.0 0.0 0.0 0.0 0.0 0.0 0.0 0.0 0.0 0.0 0.0 0.0 0.0 0.0 0.0 0.0 0.0 0.0 0.0 0.0 0.0 0.0 0.0 0.0 0.0 0.0 0.0 0.0 0.0 0.0 0.0 0.0 0.0 0.0 0.0 0.0 0.0 0.0 0.0 0.0 0.0 0.0 0.0 0.0 0.0 0.0 0.0
0.0 0.0 0.0 0.0 0.0 0.0 0.0 0.0 0.0 0.0 0.0 0.0 0.0 0.0 0.239387782373 0.005786633278 0.006464341783 0.006167775604 0.005976097703 0.006575120547 0.006611348072 0.006440700479 0.006116062248 0.00601156741 0.006573640118 0.006039288552 0.006423314999 0.006545006748 0.006522898762 0.006164612434 0.006689068611 0.006727792128 0.006449113117 0.00586326408 0.005817711723 0.005696306041 0.005956690158 0.005656426095 0.0 0.0 0.0 0.0 0.0 0.0 0.0 0.0 0.0 0.0 0.0 0.0 0.0 0.0 0.0 0.0 0.0 0.0 0.0 0.0 0.0 0.0 0.0 0.0 0.0 0.0 0.0 0.0 0.0 0.0 0.0 0.0
0.0 0.0 0.0 0.0 0.0 0.0 0.0 0.0 0.0 0.0 0.0 0.0 0.0 0.0 0.005786633278 0.249715309358 0.005646129329 0.005934363936 0.006208211381 0.005505639204 0.005462527788 0.005659627772 0.006055572827 0.006087911618 0.00550702047 0.006069716166 0.005687937331 0.005558958384 0.005490099102 0.005988053863 0.00538238865 0.005311883953 0.005639793434 0.006282332947 0.006303197319 0.006279431428 0.005958282058 0.006337039213 0.0 0.0 0.0 0.0 0.0 0.0 0.0 0.0 0.0 0.0 0.0 0.0 0.0 0.0 0.0 0.0 0.0 0.0 0.0 0.0 0.0 0.0 0.0 0.0 0.0 0.0 0.0 0.0 0.0 0.0 0.0 0.0
0.0 0.0 0.0 0.0 0.0 0.0 0.0 0.0 0.0 0.0 0.0 0.0 0.0 0.0 0.006464341783 0.005646129329 0.27759805993 0.006213975012 0.005906826048 0.006861249783 0.006937799903 0.006619367031 0.006116424163 0.005968782206 0.0068446003 0.006005734426 0.006584416192 0.006791011255 0.006764034241 0.006174804267 0.007037245789 0.007087293332 0.006623869499 0.00575937386 0.005703862076 0.005542944069 0.005888582763 0.00550143213 0.0 0.0 0.0 0.0 0.0 0.0 0.0 0.0 0.0 0.0 0.0 0.0 0.0 0.0 0.0 0.0 0.0 0.0 0.0 0.0 0.0 0.0 0.0 0.0 0.0 0.0 0.0 0.0 0.0 0.0 0.0 0.0
0.0 0.0 0.0 0.0 0.0 0.0 0.0 0.0 0.0 0.0 0.0 0.0 0.0 0.0 0.006167775604 0.005934363936 0.006213975012 0.263820549538 0.006048547101 0.006271950789 0.006294282521 0.006209952828 0.006106168965 0.006032244644 0.006246346951 0.006079311994 0.006207576581 0.006244745007 0.006190862128 0.006109302186 0.006248112868 0.006267931306 0.006189115373 0.005971262067 0.00597045778 0.005906558442 0.006000192604 0.005890113273 0.0 0.0 0.0 0.0 0.0 0.0 0.0 0.0 0.0 0.0 0.0 0.0 0.0 0.0 0.0 0.0 0.0 0.0 0.0 0.0 0.0 0.0 0.0 0.0 0.0 0.0 0.0 0.0 0.0 0.0 0.0 0.0
0.0 0.0 0.0 0.0 0.0 0.0 0.0 0.0 0.0 0.0 0.0 0.0 0.0 0.0 0.005976097703 0.006208211381 0.005906826048 0.006048547101 1.29424433791 0.005847060607 0.005823307922 0.005915605209 0.006087403488 0.006077780691 0.005844456835 0.006102247764 0.005932350652 0.005867840548 0.005823138006 0.006055630315 0.005819028639 0.005733863891 0.005908692451 0.006140231324 0.006156348285 0.006152080686 0.00605303441 0.006168850368 0.0 0.0 0.0 0.0 0.0 0.0 0.0 0.0 0.0 0.0 0.0 0.0 0.0 0.0 0.0 0.0 0.0 0.0 0.0 0.0 0.0 0.0 0.0 0.0 0.0 0.0 0.0 0.0 0.0 0.0 0.0 0.0
0.0 0.0 0.0 0.0 0.0 0.0 0.0 0.0 0.0 0.0 0.0 0.0 0.0 0.0 0.006575120547 0.005505639204 0.006861249783 0.006271950789 0.005847060607 0.308157943222 0.007337135011 0.006809450699 0.006124943715 0.005908993515 0.007157626393 0.005971363186 0.006757549286 0.007074803442 0.007023043182 0.006183270404 0.007437116944 0.007524476192 0.006812256414 0.005642297681 0.005579686303 0.005364598156 0.005785747011 0.005327960908 0.0 0.0 0.0 0.0 0.0 0.0 0.0 0.0 0.0 0.0 0.0 0.0 0.0 0.0 0.0 0.0 0.0 0.0 0.0 0.0 0.0 0.0 0.0 0.0 0.0 0.0 0.0 0.0 0.0 0.0 0.0 0.0
0.0 0.0 0.0 0.0 0.0 0.0 0.0 0.0 0.0 0.0 0.0 0.0 0.0 0.0 0.006611348072 0.005462527788 0.006937799903 0.006294282521 0.005823307922 0.007337135011 0.420703359181 0.006878611054 0.006130554715 0.005882563461 0.00727765535 0.005954048296 0.006818842776 0.007185496784 0.007119399536 0.00618427851 0.007635092747 0.007731173082 0.006876101925 0.005597453199 0.005531767504 0.005289338767 0.005719995697 0.005257633386 0.0 0.0 0.0 0.0 0.0 0.0 0.0 0.0 0.0 0.0 0.0 0.0 0.0 0.0 0.0 0.0 0.0 0.0 0.0 0.0 0.0 0.0 0.0 0.0 0.0 0.0 0.0 0.0 0.0 0.0 0.0 0.0
0.0 0.0 0.0 0.0 0.0 0.0 0.0 0.0 0.0 0.0 0.0 0.0 0.0 0.0 0.006440700479 0.005659627772 0.006619367031 0.006209952828 0.005915605209 0.006809450699 0.006878611054 0.61816224337 0.006116689074 0.005986626054 0.006795408961 0.006012587279 0.006557824985 0.006744865402 0.006731459995 0.006172961814 0.006993511613 0.007015511272 0.006594001422 0.005778611616 0.005725556985 0.005579476966 0.005919251094 0.005534056302 0.0 0.0 0.0 0.0 0.0 0.0 0.0 0.0 0.0 0.0 0.0 0.0 0.0 0.0 0.0 0.0 0.0 0.0 0.0 0.0 0.0 0.0 0.0 0.0 0.0 0.0 0.0 0.0 0.0 0.0 0.0 0.0
0.0 0.0 0.0 0.0 0.0 0.0 0.0 0.0 0.0 0.0 0.0 0.0 0.0 0.0 0.006116062248 0.006055572827 0.006116424163 0.006106168965 0.006087403488 0.006124943715 0.006130554715 0.006116689074 0.139821626832 0.00605087927 0.006118339303 0.006086020923 0.006118568816 0.006121921174 0.006078694803 0.006095100872 0.006088826584 0.00609997995 0.006106224687 0.006033495901 0.006028864301 0.005964766257 0.006004350703 0.00596168685 0.0 0.0 0.0 0.0 0.0 0.0 0.0 0.0 0.0 0.0 0.0 0.0 0.0 0.0 0.0 0.0 0.0 0.0 0.0 0.0 0.0 0.0 0.0 0.0 0.0 0.0 0.0 0.0 0.0 0.0 0.0 0.0
0.0 0.0 0.0 0.0 0.0 0.0 0.0 0.0 0.0 0.0 0.0 0.0 0.0 0.0 0.00601156741 0.006087911618 0.005968782206 0.006032244644 0.006077780691 0.005908993515 0.005882563461 0.005986626054 0.00605087927 0.226327480584 0.005925900573 0.006083936482 0.00598490303 0.005933448091 0.005972060201 0.006063640172 0.005877993644 0.005872555821 0.005986202243 0.006121846337 0.006126973438 0.006180292246 0.006165236327 0.006152676798 0.0 0.0 0.0 0.0 0.0 0.0 0.0 0.0 0.0 0.0 0.0 0.0 0.0 0.0 0.0 0.0 0.0 0.0 0.0 0.0 0.0 0.0 0.0 0.0 0.0 0.0 0.0 0.0 0.0 0.0 0.0 0.0
0.0 0.0 0.0 0.0 0.0 0.0 0.0 0.0 0.0 0.0 0.0 0.0 0.0 0.0 0.006573640118 0.00550702047 0.0068446003 0.006246346951 0.005844456835 0.007157626393 0.00727765535 0.006795408961 0.006118339303 0.005925900573 0.329384729787 0.005975791713 0.006743923176 0.007045378525 0.00705014362 0.006183110383 0.007429201836 0.007522009918 0.006813998459 0.005656859921 0.005587819555 0.005394850373 0.005839084929 0.005351754399 0.0 0.0 0.0 0.0 0.0 0.0 0.0 0.0 0.0 0.0 0.0 0.0 0.0 0.0 0.0 0.0 0.0 0.0 0.0 0.0 0.0 0.0 0.0 0.0 0.0 0.0 0.0 0.0 0.0 0.0 0.0 0.0
0.0 0.0 0.0 0.0 0.0 0.0 0.0 0.0 0.0 0.0 0.0 0.0 0.0 0.0 0.006039288552 0.006069716166 0.006005734426 0.006079311994 0.006102247764 0.005971363186 0.005954048296 0.006012587279 0.006086020923 0.006083936482 0.005975791713 0.157261230723 0.006022113381 0.005980898734 0.005983273054 0.006070489289 0.005929435003 0.005916686995 0.006016890517 0.006088961115 0.006101155812 0.00612410066 0.006145516195 0.006114363034 0.0 0.0 0.0 0.0 0.0 0.0 0.0 0.0 0.0 0.0 0.0 0.0 0.0 0.0 0.0 0.0 0.0 0.0 0.0 0.0 0.0 0.0 0.0 0.0 0.0 0.0 0.0 0.0 0.0 0.0 0.0 0.0
0.0 0.0 0.0 0.0 0.0 0.0 0.0 0.0 0.0 0.0 0.0 0.0 0.0 0.0 0.006423314999 0.005687937331 0.006584416192 0.006207576581 0.005932350652 0.006757549286 0.006818842776 0.006557824985 0.006118568816 0.00598490303 0.006743923176 0.006022113381 0.418995704947 0.006698815171 0.006677516892 0.006170602561 0.006905526047 0.00694501407 0.006559073293 0.005794607857 0.005745778086 0.005600658387 0.005922123116 0.005558969617 0.0 0.0 0.0 0.0 0.0 0.0 0.0 0.0 0.0 0.0 0.0 0.0 0.0 0.0 0.0 0.0 0.0 0.0 0.0 0.0 0.0 0.0 0.0 0.0 0.0 0.0 0.0 0.0 0.0 0.0 0.0 0.0
0.0 0.0 0.0 0.0 0.0 0.0 0.0 0.0 0.0 0.0 0.0 0.0 0.0 0.0 0.006545006748 0.005558958384 0.006791011255 0.006244745007 0.005867840548 0.007074803442 0.007185496784 0.006744865402 0.006121921174 0.005933448091 0.007045378525 0.005980898734 0.006698815171 0.384464842562 0.00693397326 0.006186280287 0.007287255353 0.007379220505 0.006750401799 0.005685372568 0.005620807944 0.005422606546 0.005820162046 0.005382570785 0.0 0.0 0.0 0.0 0.0 0.0 0.0 0.0 0.0 0.0 0.0 0.0 0.0 0.0 0.0 0.0 0.0 0.0 0.0 0.0 0.0 0.0 0.0 0.0 0.0 0.0 0.0 0.0 0.0 0.0 0.0 0.0
0.0 0.0 0.0 0.0 0.0 0.0 0.0 0.0 0.0 0.0 0.0 0.0 0.0 0.0 0.006522898762 0.005490099102 0.006764034241 0.006190862128 0.005823138006 0.007023043182 0.007119399536 0.006731459995 0.006078694803 0.005972060201 0.00705014362 0.005983273054 0.006677516892 0.00693397326 0.335414117575 0.006162487699 0.007438436013 0.007624192586 0.006797096736 0.005697072568 0.005623222382 0.005507823018 0.006021280371 0.005442189823 0.0 0.0 0.0 0.0 0.0 0.0 0.0 0.0 0.0 0.0 0.0 0.0 0.0 0.0 0.0 0.0 0.0 0.0 0.0 0.0 0.0 0.0 0.0 0.0 0.0 0.0 0.0 0.0 0.0 0.0 0.0 0.0
0.0 0.0 0.0 0.0 0.0 0.0 0.0 0.0 0.0 0.0 0.0 0.0 0.0 0.0 0.006164612434 0.005988053863 0.006174804267 0.006109302186 0.006055630315 0.006183270404 0.00618427851 0.006172961814 0.006095100872 0.006063640172 0.006183110383 0.006070489289 0.006170602561 0.006186280287 0.006162487699 0.517448721166 0.006183525013 0.006195177044 0.006166290184 0.00601072861 0.005994817424 0.005940812916 0.006025115045 0.005910793975 0.0 0.0 0.0 0.0 0.0 0.0 0.0 0.0 0.0 0.0 0.0 0.0 0.0 0.0 0.0 0.0 0.0 0.0 0.0 0.0 0.0 0.0 0.0 0.0 0.0 0.0 0.0 0.0 0.0 0.0 0.0 0.0
0.0 0.0 0.0 0.0 0.0 0.0 0.0 0.0 0.0 0.0 0.0 0.0 0.0 0.0 0.006689068611 0.00538238865 0.007037245789 0.006248112868 0.005819028639 0.007437116944 0.007635092747 0.006993511613 0.006088826584 0.005877993644 0.007429201836 0.005929435003 0.006905526047 0.007287255353 0.007438436013 0.006183525013 34.2227393022 0.008149823882 0.007049983568 0.005573124665 0.005481126235 0.005271020029 0.005803675195 0.005206859146 0.0 0.0 0.0 0.0 0.0 0.0 0.0 0.0 0.0 0.0 0.0 0.0 0.0 0.0 0.0 0.0 0.0 0.0 0.0 0.0 0.0 0.0 0.0 0.0 0.0 0.0 0.0 0.0 0.0 0.0 0.0 0.0
0.0 0.0 0.0 0.0 0.0 0.0 0.0 0.0 0.0 0.0 0.0 0.0 0.0 0.0 0.006727792128 0.005311883953 0.007087293332 0.006267931306 0.005733863891 0.007524476192 0.007731173082 0.007015511272 0.00609997995 0.005872555821 0.007522009918 0.005916686995 0.00694501407 0.007379220505 0.007624192586 0.006195177044 0.008149823882 2.56984980857 0.007088758689 0.005514573187 0.005418410853 0.005179970664 0.005748099904 0.00513117873 0.0 0.0 0.0 0.0 0.0 0.0 0.0 0.0 0.0 0.0 0.0 0.0 0.0 0.0 0.0 0.0 0.0 0.0 0.0 0.0 0.0 0.0 0.0 0.0 0.0 0.0 0.0 0.0 0.0 0.0 0.0 0.0
0.0 0.0 0.0 0.0 0.0 0.0 0.0 0.0 0.0 0.0 0.0 0.0 0.0 0.0 0.006449113117 0.005639793434 0.006623869499 0.006189115373 0.005908692451 0.006812256414 0.006876101925 0.006594001422 0.006106224687 0.005986202243 0.006813998459 0.006016890517 0.006559073293 0.006750401799 0.006797096736 0.006166290184 0.007049983568 0.007088758689 0.554440887532 0.005777498942 0.005721062848 0.005599442169 0.005979162641 0.005551860655 0.0 0.0 0.0 0.0 0.0 0.0 0.0 0.0 0.0 0.0 0.0 0.0 0.0 0.0 0.0 0.0 0.0 0.0 0.0 0.0 0.0 0.0 0.0 0.0 0.0 0.0 0.0 0.0 0.0 0.0 0.0 0.0
0.0 0.0 0.0 0.0 0.0 0.0 0.0 0.0 0.0 0.0 0.0 0.0 0.0 0.0 0.00586326408 0.006282332947 0.00575937386 0.005971262067 0.006140231324 0.005642297681 0.005597453199 0.005778611616 0.006033495901 0.006121846337 0.005656859921 0.006088961115 0.005794607857 0.005685372568 0.005697072568 0.00601072861 0.005573124665 0.005514573187 0.005777498942 0.286631918029 0.006247648125 0.006325918795 0.006152718009 0.006335885367 0.0 0.0 0.0 0.0 0.0 0.0 0.0 0.0 0.0 0.0 0.0 0.0 0.0 0.0 0.0 0.0 0.0 0.0 0.0 0.0 0.0 0.0 0.0 0.0 0.0 0.0 0.0 0.0 0.0 0.0 0.0 0.0
0.0 0.0 0.0 0.0 0.0 0.0 0.0 0.0 0.0 0.0 0.0 0.0 0.0 0.0 0.005817711723 0.006303197319 0.005703862076 0.00597045778 0.006156348285 0.005579686303 0.005531767504 0.005725556985 0.006028864301 0.006126973438 0.005587819555 0.006101155812 0.005745778086 0.005620807944 0.005623222382 0.005994817424 0.005481126235 0.005418410853 0.005721062848 0.006247648125 0.17635491456 0.006388319632 0.006173298009 0.00640262844 0.0 0.0 0.0 0.0 0.0 0.0 0.0 0.0 0.0 0.0 0.0 0.0 0.0 0.0 0.0 0.0 0.0 0.0 0.0 0.0 0.0 0.0 0.0 0.0 0.0 0.0 0.0 0.0 0.0 0.0 0.0 0.0
0.0 0.0 0.0 0.0 0.0 0.0 0.0 0.0 0.0 0.0 0.0 0.0 0.0 0.0 0.005696306041 0.006279431428 0.005542944069 0.005906558442 0.006152080686 0.005364598156 0.005289338767 0.005579476966 0.005964766257 0.006180292246 0.005394850373 0.00612410066 0.005600658387 0.005422606546 0.005507823018 0.005940812916 0.005271020029 0.005179970664 0.005599442169 0.006325918795 0.006388319632 0.265120930487 0.006460277174 0.006725077192 0.0 0.0 0.0 0.0 0.0 0.0 0.0 0.0 0.0 0.0 0.0 0.0 0.0 0.0 0.0 0.0 0.0 0.0 0.0 0.0 0.0 0.0 0.0 0.0 0.0 0.0 0.0 0.0 0.0 0.0 0.0 0.0
0.0 0.0 0.0 0.0 0.0 0.0 0.0 0.0 0.0 0.0 0.0 0.0 0.0 0.0 0.005956690158 0.005958282058 0.005888582763 0.006000192604 0.00605303441 0.005785747011 0.005719995697 0.005919251094 0.006004350703 0.006165236327 0.005839084929 0.006145516195 0.005922123116 0.005820162046 0.006021280371 0.006025115045 0.005803675195 0.005748099904 0.005979162641 0.006152718009 0.006173298009 0.006460277174 0.425731288703 0.006412966078 0.0 0.0 0.0 0.0 0.0 0.0 0.0 0.0 0.0 0.0 0.0 0.0 0.0 0.0 0.0 0.0 0.0 0.0 0.0 0.0 0.0 0.0 0.0 0.0 0.0 0.0 0.0 0.0 0.0 0.0 0.0 0.0
0.0 0.0 0.0 0.0 0.0 0.0 0.0 0.0 0.0 0.0 0.0 0.0 0.0 0.0 0.005656426095 0.006337039213 0.00550143213 0.005890113273 0.006168850368 0.005327960908 0.005257633386 0.005534056302 0.00596168685 0.006152676798 0.005351754399 0.006114363034 0.005558969617 0.005382570785 0.005442189823 0.005910793975 0.005206859146 0.00513117873 0.005551860655 0.006335885367 0.00640262844 0.006725077192 0.006412966078 0.317463578973 0.0 0.0 0.0 0.0 0.0 0.0 0.0 0.0 0.0 0.0 0.0 0.0 0.0 0.0 0.0 0.0 0.0 0.0 0.0 0.0 0.0 0.0 0.0 0.0 0.0 0.0 0.0 0.0 0.0 0.0 0.0 0.0
0.0 0.0 0.0 0.0 0.0 0.0 0.0 0.0 0.0 0.0 0.0 0.0 0.0 0.0 0.0 0.0 0.0 0.0 0.0 0.0 0.0 0.0 0.0 0.0 0.0 0.0 0.0 0.0 0.0 0.0 0.0 0.0 0.0 0.0 0.0 0.0 0.0 0.0 0.225059685381 0.006060773423 0.006114130032 0.006185740983 0.006181789403 0.00623679202 0.005953257075 0.006074644857 0.005873546325 0.006116732581 0.006021263016 0.006190745479 0.006210870658 0.006218598494 0.006104308372 0.006236965424 0.00617639671 0.006174330725 0.006150024888 0.006135867726 0.006173186485 0.006021121704 0.0 0.0 0.0 0.0 0.0 0.0 0.0 0.0 0.0 0.0
0.0 0.0 0.0 0.0 0.0 0.0 0.0 0.0 0.0 0.0 0.0 0.0 0.0 0.0 0.0 0.0 0.0 0.0 0.0 0.0 0.0 0.0 0.0 0.0 0.0 0.0 0.0 0.0 0.0 0.0 0.0 0.0 0.0 0.0 0.0 0.0 0.0 0.0 0.006060773423 0.238941313128 0.006139967651 0.00620596324 0.006251956379 0.006295887397 0.005860345442 0.006045293411 0.005805589569 0.006152565426 0.005970746467 0.006229975315 0.006297332101 0.006209255079 0.006123414551 0.006299224977 0.006204591933 0.006242292291 0.006083376033 0.005985190683 0.006207315564 0.006005264287 0.0 0.0 0.0 0.0 0.0 0.0 0.0 0.0 0.0 0.0
0.0 0.0 0.0 0.0 0.0 0.0 0.0 0.0 0.0 0.0 0.0 0.0 0.0 0.0 0.0 0.0 0.0 0.0 0.0 0.0 0.0 0.0 0.0 0.0 0.0 0.0 0.0 0.0 0.0 0.0 0.0 0.0 0.0 0.0 0.0 0.0 0.0 0.0 0.006114130032 0.006139967651 0.265070665554 0.006382824687 0.006428331413 0.006532012883 0.005829535667 0.006085965371 0.00573167378 0.006241886341 0.005990087307 0.006415685241 0.006510782798 0.006404567603 0.006206712893 0.006522254344 0.006343443537 0.006408608835 0.006214954655 0.006099575926 0.006367355407 0.006014162689 0.0 0.0 0.0 0.0 0.0 0.0 0.0 0.0 0.0 0.0
0.0 0.0 0.0 0.0 0.0 0.0 0.0 0.0 0.0 0.0 0.0 0.0 0.0 0.0 0.0 0.0 0.0 0.0 0.0 0.0 0.0 0.0 0.0 0.0 0.0 0.0 0.0 0.0 0.0 0.0 0.0 0.0 0.0 0.0 0.0 0.0 0.0 0.0 0.006185740983 0.00620596324 0.006382824687 0.319596142156 0.006871398045 0.007236805233 0.005706712969 0.006138353206 0.005537855002 0.006413750478 0.005978244895 0.006874377505 0.007123144556 0.006992583204 0.006354432715 0.007206324285 0.006662970983 0.006799526694 0.0064789176 0.006283770343 0.006757452815 0.006005451923 0.0 0.0 0.0 0.0 0.0 0.0 0.0 0.0 0.0 0.0
0.0 0.0 0.0 0.0 0.0 0.0 0.0 0.0 0.0 0.0 0.0 0.0 0.0 0.0 0.0 0.0 0.0 0.0 0.0 0.0 0.0 0.0 0.0 0.0 0.0 0.0 0.0 0.0 0.0 0.0 0.0 0.0 0.0 0.0 0.0 0.0 0.0 0.0 0.006181789403 0.006251956379 0.006428331413 0.006871398045 0.405517787935 0.007287563042 0.005648066983 0.006139699652 0.005480993992 0.006466662273 0.005957078881 0.006937154527 0.007203353625 0.00698044697 0.00639559999 0.007247557354 0.006718353934 0.006883763105 0.006469060563 0.006215495563 0.006805603546 0.006001233275 0.0 0.0 0.0 0.0 0.0 0.0 0.0 0.0 0.0 0.0
0.0 0.0 0.0 0.0 0.0 0.0 0.0 0.0 0.0 0.0 0.0 0.0 0.0 0.0 0.0 0.0 0.0 0.0 0.0 0.0 0.0 0.0 0.0 0.0 0.0 0.0 0.0 0.0 0.0 0.0 0.0 0.0 0.0 0.0 0.0 0.0 0.0 0.0 0.00623679202 0.006295887397 0.006532012883 0.007236805233 0.007287563042 1.44152470933 0.005540399164 0.006187733429 0.005324609417 0.006565349575 0.005916859861 0.007304823595 0.007804009791 0.007832309415 0.006476159044 0.008132541088 0.006947575772 0.007141228486 0.006660645728 0.006355693707 0.007143293882 0.005978227301 0.0 0.0 0.0 0.0 0.0 0.0 0.0 0.0 0.0 0.0
0.0 0.0 0.0 0.0 0.0 0.0 0.0 0.0 0.0 0.0 0.0 0.0 0.0 0.0 0.0 0.0 0.0 0.0 0.0 0.0 0.0 0.0 0.0 0.0 0.0 0.0 0.0 0.0 0.0 0.0 0.0 0.0 0.0 0.0 0.0 0.0 0.0 0.0 0.005953257075 0.005860345442 0.005829535667 0.005706712969 0.005648066983 0.005540399164 0.17653781829 0.005960482229 0.006203642774 0.005813565814 0.00605293706 0.005672560682 0.005562330642 0.00566128171 0.005848412146 0.005543190029 0.00573569135 0.005670566189 0.005896758695 0.006032518167 0.005714139563 0.006014564198 0.0 0.0 0.0 0.0 0.0 0.0 0.0 0.0 0.0 0.0
0.0 0.0 0.0 0.0 0.0 0.0 0.0 0.0 0.0 0.0 0.0 0.0 0.0 0.0 0.0 0.0 0.0 0.0 0.0 0.0 0.0 0.0 0.0 0.0 0.0 0.0 0.0 0.0 0.0 0.0 0.0 0.0 0.0 0.0 0.0 0.0 0.0 0.0 0.006074644857 0.006045293411 0.006085965371 0.006138353206 0.006139699652 0.006187733429 0.005960482229 0.215557825957 0.005890800185 0.006093502082 0.006020179802 0.006143911545 0.006154803014 0.006173598781 0.006085161247 0.006169253847 0.006121846893 0.006131677364 0.006124646663 0.00611021162 0.006135869849 0.006032774095 0.0 0.0 0.0 0.0 0.0 0.0 0.0 0.0 0.0 0.0
0.0 0.0 0.0 0.0 0.0 0.0 0.0 0.0 0.0 0.0 0.0 0.0 0.0 0.0 0.0 0.0 0.0 0.0 0.0 0.0 0.0 0.0 0.0 0.0 0.0 0.0 0.0 0.0 0.0 0.0 0.0 0.0 0.0 0.0 0.0 0.0 0.0 0.0 0.005873546325 0.005805589569 0.00573167378 0.005537855002 0.005480993992 0.005324609417 0.006203642774 0.005890800185 0.345787983003 0.005707828767 0.006007491542 0.005499103833 0.005366869978 0.005470592495 0.005750105661 0.005338130214 0.005595935628 0.005512983554 0.005757564602 0.005903980572 0.005555437453 0.005969146982 0.0 0.0 0.0 0.0 0.0 0.0 0.0 0.0 0.0 0.0
0.0 0.0 0.0 0.0 0.0 0.0 0.0 0.0 0.0 0.0 0.0 0.0 0.0 0.0 0.0 0.0 0.0 0.0 0.0 0.0 0.0 0.0 0.0 0.0 0.0 0.0 0.0 0.0 0.0 0.0 0.0 0.0 0.0 0.0 0.0 0.0 0.0 0.0 0.006116732581 0.006152565426 0.006241886341 0.006413750478 0.006466662273 0.006565349575 0.005813565814 0.006093502082 0.005707828767 0.209186049658 0.005998512469 0.006447424554 0.006551126997 0.006426963838 0.00623391604 0.00655964846 0.006371691956 0.00644914326 0.006239752634 0.006109024817 0.006404032264 0.006027823651 0.0 0.0 0.0 0.0 0.0 0.0 0.0 0.0 0.0 0.0
0.0 0.0 0.0 0.0 0.0 0.0 0.0 0.0 0.0 0.0 0.0 0.0 0.0 0.0 0.0 0.0 0.0 0.0 0.0 0.0 0.0 0.0 0.0 0.0 0.0 0.0 0.0 0.0 0.0 0.0 0.0 0.0 0.0 0.0 0.0 0.0 0.0 0.0 0.006021263016 0.005970746467 0.005990087307 0.005978244895 0.005957078881 0.005916859861 0.00605293706 0.006020179802 0.006007491542 0.005998512469 0.182660732319 0.005965815523 0.005926643788 0.005956169205 0.00600779305 0.005918187836 0.005977606886 0.005966153872 0.006050422773 0.006089743791 0.005984456014 0.00604034464 0.0 0.0 0.0 0.0 0.0 0.0 0.0 0.0 0.0 0.0
0.0 0.0 0.0 0.0 0.0 0.0 0.0 0.0 0.0 0.0 0.0 0.0 0.0 0.0 0.0 0.0 0.0 0.0 0.0 0.0 0.0 0.0 0.0 0.0 0.0 0.0 0.0 0.0 0.0 0.0 0.0 0.0 0.0 0.0 0.0 0.0 0.0 0.0 0.006190745479 0.006229975315 0.006415685241 0.006874377505 0.006937154527 0.007304823595 0.005672560682 0.006143911545 0.005499103833 0.006447424554 0.005965815523 0.409681919936 0.00719525705 0.007019732949 0.006383058487 0.007263489161 0.006706121035 0.006861947641 0.006482619928 0.006258661368 0.006800491953 0.00599683304 0.0 0.0 0.0 0.0 0.0 0.0 0.0 0.0 0.0 0.0
0.0 0.0 0.0 0.0 0.0 0.0 0.0 0.0 0.0 0.0 0.0 0.0 0.0 0.0 0.0 0.0 0.0 0.0 0.0 0.0 0.0 0.0 0.0 0.0 0.0 0.0 0.0 0.0 0.0 0.0 0.0 0.0 0.0 0.0 0.0 0.0 0.0 0.0 0.006210870658 0.006297332101 0.006510782798 0.007123144556 0.007203353625 0.007804009791 0.005562330642 0.006154803014 0.005366869978 0.006551126997 0.005926643788 0.00719525705 0.41079310612 0.007410698707 0.006461005345 0.007762000415 0.006894137231 0.007092546071 0.00658192662 0.006274875116 0.007035774258 0.005983635097 0.0 0.0 0.0 0.0 0.0 0.0 0.0 0.0 0.0 0.0
0.0 0.0 0.0 0.0 0.0 0.0 0.0 0.0 0.0 0.0 0.0 0.0 0.0 0.0 0.0 0.0 0.0 0.0 0.0 0.0 0.0 0.0 0.0 0.0 0.0 0.0 0.0 0.0 0.0 0.0 0.0 0.0 0.0 0.0 0.0 0.0 0.0 0.0 0.006218598494 0.006209255079 0.006404567603 0.006992583204 0.00698044697 0.007832309415 0.00566128171 0.006173598781 0.005470592495 0.006426963838 0.005956169205 0.007019732949 0.007410698707 0.433542153396 0.006364637074 0.007758476562 0.006742536976 0.00685955927 0.006586676421 0.006393966311 0.006918381116 0.005994124042 0.0 0.0 0.0 0.0 0.0 0.0 0.0 0.0 0.0 0.0
0.0 0.0 0.0 0.0 0.0 0.0 0.0 0.0 0.0 0.0 0.0 0.0 0.0 0.0 0.0 0.0 0.0 0.0 0.0 0.0 0.0 0.0 0.0 0.0 0.0 0.0 0.0 0.0 0.0 0.0 0.0 0.0 0.0 0.0 0.0 0.0 0.0 0.0 0.006104308372 0.006123414551 0.006206712893 0.006354432715 0.00639559999 0.006476159044 0.005848412146 0.006085161247 0.005750105661 0.00623391604 0.00600779305 0.006383058487 0.006461005345 0.006364637074 0.636941633562 0.0064660215 0.006314653518 0.006381432772 0.006215991777 0.006112121703 0.006345914794 0.006026980369 0.0 0.0 0.0 0.0 0.0 0.0 0.0 0.0 0.0 0.0
0.0 0.0 0.0 0.0 0.0 0.0 0.0 0.0 0.0 0.0 0.0 0.0 0.0 0.0 0.0 0.0 0.0 0.0 0.0 0.0 0.0 0.0 0.0 0.0 0.0 0.0 0.0 0.0 0.0 0.0 0.0 0.0 0.0 0.0 0.0 0.0 0.0 0.0 0.006236965424 0.006299224977 0.006522254344 0.007206324285 0.007247557354 0.008132541088 0.005543190029 0.006169253847 0.005338130214 0.00655964846 0.005918187836 0.007263489161 0.007762000415 0.007758476562 0.0064660215 2.08036008963 0.006944165016 0.007122387557 0.006640202556 0.0063418844 0.007124880962 0.005982048492 0.0 0.0 0.0 0.0 0.0 0.0 0.0 0.0 0.0 0.0
0.0 0.0 0.0 0.0 0.0 0.0 0.0 0.0 0.0 0.0 0.0 0.0 0.0 0.0 0.0 0.0 0.0 0.0 0.0 0.0 0.0 0.0 0.0 0.0 0.0 0.0 0.0 0.0 0.0 0.0 0.0 0.0 0.0 0.0 0.0 0.0 0.0 0.0 0.00617639671 0.006204591933 0.006343443537 0.006662970983 0.006718353934 0.006947575772 0.00573569135 0.006121846893 0.005595935628 0.006371691956 0.005977606886 0.006706121035 0.006894137231 0.006742536976 0.006314653518 0.006944165016 0.429628832771 0.006671902235 0.006374333925 0.006195229747 0.006616984807 0.006008343131 0.0 0.0 0.0 0.0 0.0 0.0 0.0 0.0 0.0 0.0
0.0 0.0 0.0 0.0 0.0 0.0 0.0 0.0 0.0 0.0 0.0 0.0 0.0 0.0 0.0 0.0 0.0 0.0 0.0 0.0 0.0 0.0 0.0 0.0 0.0 0.0 0.0 0.0 0.0 0.0 0.0 0.0 0.0 0.0 0.0 0.0 0.0 0.0 0.006174330725 0.006242292291 0.006408608835 0.006799526694 0.006883763105 0.007141228486 0.005670566189 0.006131677364 0.005512983554 0.00644914326 0.005966153872 0.006861947641 0.007092546071 0.00685955927 0.006381432772 0.007122387557 0.006671902235 0.289938784968 0.006430055472 0.006192889067 0.006746552386 0.006009087374 0.0 0.0 0.0 0.0 0.0 0.0 0.0 0.0 0.0 0.0
0.0 0.0 0.0 0.0 0.0 0.0 0.0 0.0 0.0 0.0 0.0 0.0 0.0 0.0 0.0 0.0 0.0 0.0 0.0 0.0 0.0 0.0 0.0 0.0 0.0 0.0 0.0 0.0 0.0 0.0 0.0 0.0 0.0 0.0 0.0 0.0 0.0 0.0 0.006150024888 0.006083376033 0.006214954655 0.0064789176 0.006469060563 0.006660645728 0.005896758695 0.006124646663 0.005757564602 0.006239752634 0.006050422773 0.006482619928 0.00658192662 0.006586676421 0.006215991777 0.006640202556 0.006374333925 0.006430055472 0.293469344428 0.006331292022 0.006438371979 0.006054650704 0.0 0.0 0.0 0.0 0.0 0.0 0.0 0.0 0.0 0.0
0.0 0.0 0.0 0.0 0.0 0.0 0.0 0.0 0.0 0.0 0.0 0.0 0.0 0.0 0.0 0.0 0.0 0.0 0.0 0.0 0.0 0.0 0.0 0.0 0.0 0.0 0.0 0.0 0.0 0.0 0.0 0.0 0.0 0.0 0.0 0.0 0.0 0.0 0.006135867726 0.005985190683 0.006099575926 0.006283770343 0.006215495563 0.006355693707 0.006032518167 0.00611021162 0.005903980572 0.006109024817 0.006089743791 0.006258661368 0.006274875116 0.006393966311 0.006112121703 0.0063418844 0.006195229747 0.006192889067 0.006331292022 0.23803919406 0.00624549854 0.006058029586 0.0 0.0 0.0 0.0 0.0 0.0 0.0 0.0 0.0 0.0
0.0 0.0 0.0 0.0 0.0 0.0 0.0 0.0 0.0 0.0 0.0 0.0 0.0 0.0 0.0 0.0 0.0 0.0 0.0 0.0 0.0 0.0 0.0 0.0 0.0 0.0 0.0 0.0 0.0 0.0 0.0 0.0 0.0 0.0 0.0 0.0 0.0 0.0 0.006173186485 0.006207315564 0.006367355407 0.006757452815 0.006805603546 0.007143293882 0.005714139563 0.006135869849 0.005555437453 0.006404032264 0.005984456014 0.006800491953 0.007035774258 0.006918381116 0.006345914794 0.007124880962 0.006616984807 0.006746552386 0.006438371979 0.00624549854 0.503125709076 0.006020513686 0.0 0.0 0.0 0.0 0.0 0.0 0.0 0.0 0.0 0.0
0.0 0.0 0.0 0.0 0.0 0.0 0.0 0.0 0.0 0.0 0.0 0.0 0.0 0.0 0.0 0.0 0.0 0.0 0.0 0.0 0.0 0.0 0.0 0.0 0.0 0.0 0.0 0.0 0.0 0.0 0.0 0.0 0.0 0.0 0.0 0.0 0.0 0.0 0.006021121704 0.006005264287 0.006014162689 0.006005451923 0.006001233275 0.005978227301 0.006014564198 0.006032774095 0.005969146982 0.006027823651 0.00604034464 0.00599683304 0.005983635097 0.005994124042 0.006026980369 0.005982048492 0.006008343131 0.006009087374 0.006054650704 0.006058029586 0.006020513686 0.257916320005 0.0 0.0 0.0 0.0 0.0 0.0 0.0 0.0 0.0 0.0
0.0 0.0 0.0 0.0 0.0 0.0 0.0 0.0 0.0 0.0 0.0 0.0 0.0 0.0 0.0 0.0 0.0 0.0 0.0 0.0 0.0 0.0 0.0 0.0 0.0 0.0 0.0 0.0 0.0 0.0 0.0 0.0 0.0 0.0 0.0 0.0 0.0 0.0 0.0 0.0 0.0 0.0 0.0 0.0 0.0 0.0 0.0 0.0 0.0 0.0 0.0 0.0 0.0 0.0 0.0 0.0 0.0 0.0 0.0 0.0 0.101205721973 0.008458457886 0.008404500736 0.008709894852 0.008683993365 0.008647869009 0.00826570924 0.008587041227 0.008257824324 0.008476448862
0.0 0.0 0.0 0.0 0.0 0.0 0.0 0.0 0.0 0.0 0.0 0.0 0.0 0.0 0.0 0.0 0.0 0.0 0.0 0.0 0.0 0.0 0.0 0.0 0.0 0.0 0.0 0.0 0.0 0.0 0.0 0.0 0.0 0.0 0.0 0.0 0.0 0.0 0.0 0.0 0.0 0.0 0.0 0.0 0.0 0.0 0.0 0.0 0.0 0.0 0.0 0.0 0.0 0.0 0.0 0.0 0.0 0.0 0.0 0.0 0.008458457886 0.273054200525 0.009914266165 0.009101300073 0.008949822372 0.009111663585 0.01024502176 0.008887941473 0.01030735296 0.009753824597
0.0 0.0 0.0 0.0 0.0 0.0 0.0 0.0 0.0 0.0 0.0 0.0 0.0 0.0 0.0 0.0 0.0 0.0 0.0 0.0 0.0 0.0 0.0 0.0 0.0 0.0 0.0 0.0 0.0 0.0 0.0 0.0 0.0 0.0 0.0 0.0 0.0 0.0 0.0 0.0 0.0 0.0 0.0 0.0 0.0 0.0 0.0 0.0 0.0 0.0 0.0 0.0 0.0 0.0 0.0 0.0 0.0 0.0 0.0 0.0 0.008404500736 0.009914266165 0.195453470294 0.009261181601 0.009000765553 0.009218430827 0.0107489075 0.008878021588 0.01086235385 0.01009664909
0.0 0.0 0.0 0.0 0.0 0.0 0.0 0.0 0.0 0.0 0.0 0.0 0.0 0.0 0.0 0.0 0.0 0.0 0.0 0.0 0.0 0.0 0.0 0.0 0.0 0.0 0.0 0.0 0.0 0.0 0.0 0.0 0.0 0.0 0.0 0.0 0.0 0.0 0.0 0.0 0.0 0.0 0.0 0.0 0.0 0.0 0.0 0.0 0.0 0.0 0.0 0.0 0.0 0.0 0.0 0.0 0.0 0.0 0.0 0.0 0.008709894852 0.009101300073 0.009261181601 0.121570046568 0.008942015241 0.009074534365 0.009216300979 0.00862467419 0.009311319926 0.009324540492
0.0 0.0 0.0 0.0 0.0 0.0 0.0 0.0 0.0 0.0 0.0 0.0 0.0 0.0 0.0 0.0 0.0 0.0 0.0 0.0 0.0 0.0 0.0 0.0 0.0 0.0 0.0 0.0 0.0 0.0 0.0 0.0 0.0 0.0 0.0 0.0 0.0 0.0 0.0 0.0 0.0 0.0 0.0 0.0 0.0 0.0 0.0 0.0 0.0 0.0 0.0 0.0 0.0 0.0 0.0 0.0 0.0 0.0 0.0 0.0 0.008683993365 0.008949822372 0.009000765553 0.008942015241 0.135744819959 0.008905011868 0.008988944635 0.008703895196 0.009017286459 0.009017180775
0.0 0.0 0.0 0.0 0.0 0.0 0.0 0.0 0.0 0.0 0.0 0.0 0.0 0.0 0.0 0.0 0.0 0.0 0.0 0.0 0.0 0.0 0.0 0.0 0.0 0.0 0.0 0.0 0.0 0.0 0.0 0.0 0.0 0.0 0.0 0.0 0.0 0.0 0.0 0.0 0.0 0.0 0.0 0.0 0.0 0.0 0.0 0.0 0.0 0.0 0.0 0.0 0.0 0.0 0.0 0.0 0.0 0.0 0.0 0.0 0.008647869009 0.009111663585 0.009218430827 0.009074534365 0.008905011868 0.14367216662 0.00924201305 0.008699144451 0.00930294289 0.0092383176
0.0 0.0 0.0 0.0 0.0 0.0 0.0 0.0 0.0 0.0 0.0 0.0 0.0 0.0 0.0 0.0 0.0 0.0 0.0 0.0 0.0 0.0 0.0 0.0 0.0 0.0 0.0 0.0 0.0 0.0 0.0 0.0 0.0 0.0 0.0 0.0 0.0 0.0 0.0 0.0 0.0 0.0 0.0 0.0 0.0 0.0 0.0 0.0 0.0 0.0 0.0 0.0 0.0 0.0 0.0 0.0 0.0 0.0 0.0 0.0 0.00826570924 0.01024502176 0.0107489075 0.009216300979 0.008988944635 0.00924201305 0.366843399199 0.008968772133 0.01161001298 0.01038841872
0.0 0.0 0.0 0.0 0.0 0.0 0.0 0.0 0.0 0.0 0.0 0.0 0.0 0.0 0.0 0.0 0.0 0.0 0.0 0.0 0.0 0.0 0.0 0.0 0.0 0.0 0.0 0.0 0.0 0.0 0.0 0.0 0.0 0.0 0.0 0.0 0.0 0.0 0.0 0.0 0.0 0.0 0.0 0.0 0.0 0.0 0.0 0.0 0.0 0.0 0.0 0.0 0.0 0.0 0.0 0.0 0.0 0.0 0.0 0.0 0.008587041227 0.008887941473 0.008878021588 0.00862467419 0.008703895196 0.008699144451 0.008968772133 0.18830980448 0.008946551673 0.008816599586
0.0 0.0 0.0 0.0 0.0 0.0 0.0 0.0 0.0 0.0 0.0 0.0 0.0 0.0 0.0 0.0 0.0 0.0 0.0 0.0 0.0 0.0 0.0 0.0 0.0 0.0 0.0 0.0 0.0 0.0 0.0 0.0 0.0 0.0 0.0 0.0 0.0 0.0 0.0 0.0 0.0 0.0 0.0 0.0 0.0 0.0 0.0 0.0 0.0 0.0 0.0 0.0 0.0 0.0 0.0 0.0 0.0 0.0 0.0 0.0 0.008257824324 0.01030735296 0.01086235385 0.009311319926 0.009017286459 0.00930294289 0.01161001298 0.008946551673 0.366873842976 0.0105198547
0.0 0.0 0.0 0.0 0.0 0.0 0.0 0.0 0.0 0.0 0.0 0.0 0.0 0.0 0.0 0.0 0.0 0.0 0.0 0.0 0.0 0.0 0.0 0.0 0.0 0.0 0.0 0.0 0.0 0.0 0.0 0.0 0.0 0.0 0.0 0.0 0.0 0.0 0.0 0.0 0.0 0.0 0.0 0.0 0.0 0.0 0.0 0.0 0.0 0.0 0.0 0.0 0.0 0.0 0.0 0.0 0.0 0.0 0.0 0.0 0.008476448862 0.009753824597 0.01009664909 0.009324540492 0.009017180775 0.0092383176 0.01038841872 0.008816599586 0.0105198547 0.314363281622
