68 68
0.653122559454 0.01541510051 0.01526683376 0.0152723203 0.01534881348 0.01533321503 0.01464918747 0.01540200625 0.01532866584 0.01487520564 0.01537144325 0.01442820677 0.01515808596 0.0 0.0 0.0 0.0 0.0 0.0 0.0 0.0 0.0 0.0 0.0 0.0 0.0 0.0 0.0 0.0 0.0 0.0 0.0 0.0 0.0 0.0 0.0 0.0 0.0 0.0 0.0 0.0 0.0 0.0 0.0 0.0 0.0 0.0 0.0 0.0 0.0 0.0 0.0 0.0 0.0 0.0 0.0 0.0 0.0 0.0 0.0 0.0 0.0 0.0 0.0 0.0 0.0 0.0 0.0
0.01541510051 0.535354073172 0.01541066162 0.0154578335 0.01532420901 0.01561651874 0.01404242072 0.01565795376 0.01577120485 0.01469896185 0.01575848164 0.01380389218 0.0149180249 0.0 0.0 0.0 0.0 0.0 0.0 0.0 0.0 0.0 0.0 0.0 0.0 0.0 0.0 0.0 0.0 0.0 0.0 0.0 0.0 0.0 0.0 0.0 0.0 0.0 0.0 0.0 0.0 0.0 0.0 0.0 0.0 0.0 0.0 0.0 0.0 0.0 0.0 0.0 0.0 0.0 0.0 0.0 0.0 0.0 0.0 0.0 0.0 0.0 0.0 0.0 0.0 0.0 0.0 0.0
0.01526683376 0.01541066162 0.387013559709 0.01530010904 0.01516446204 0.01541397442 0.01442512363 0.01540833188 0.0154864174 0.01488993095 0.01547283635 0.01431267811 0.01498625534 0.0 0.0 0.0 0.0 0.0 0.0 0.0 0.0 0.0 0.0 0.0 0.0 0.0 0.0 0.0 0.0 0.0 0.0 0.0 0.0 0.0 0.0 0.0 0.0 0.0 0.0 0.0 0.0 0.0 0.0 0.0 0.0 0.0 0.0 0.0 0.0 0.0 0.0 0.0 0.0 0.0 0.0 0.0 0.0 0.0 0.0 0.0 0.0 0.0 0.0 0.0 0.0 0.0 0.0 0.0
0.0152723203 0.0154578335 0.01530010904 0.421561226394 0.01527760821 0.01550991433 0.01437838536 0.01545841146 0.01559294128 0.014878362 0.01556825482 0.01421911211 0.0149872889 0.0 0.0 0.0 0.0 0.0 0.0 0.0 0.0 0.0 0.0 0.0 0.0 0.0 0.0 0.0 0.0 0.0 0.0 0.0 0.0 0.0 0.0 0.0 0.0 0.0 0.0 0.0 0.0 0.0 0.0 0.0 0.0 0.0 0.0 0.0 0.0 0.0 0.0 0.0 0.0 0.0 0.0 0.0 0.0 0.0 0.0 0.0 0.0 0.0 0.0 0.0 0.0 0.0 0.0 0.0
0.01534881348 0.01532420901 0.01516446204 0.01527760821 1.41979479202 0.01514450991 0.01509391324 0.01522785498 0.01516761807 0.01491892601 0.01517034755 0.0147990547 0.01544077605 0.0 0.0 0.0 0.0 0.0 0.0 0.0 0.0 0.0 0.0 0.0 0.0 0.0 0.0 0.0 0.0 0.0 0.0 0.0 0.0 0.0 0.0 0.0 0.0 0.0 0.0 0.0 0.0 0.0 0.0 0.0 0.0 0.0 0.0 0.0 0.0 0.0 0.0 0.0 0.0 0.0 0.0 0.0 0.0 0.0 0.0 0.0 0.0 0.0 0.0 0.0 0.0 0.0 0.0 0.0
0.01533321503 0.01561651874 0.01541397442 0.01550991433 0.01514450991 0.596767805019 0.01388627667 0.0156949221 0.01588452578 0.01471456498 0.01584502961 0.01373213202 0.01477546111 0.0 0.0 0.0 0.0 0.0 0.0 0.0 0.0 0.0 0.0 0.0 0.0 0.0 0.0 0.0 0.0 0.0 0.0 0.0 0.0 0.0 0.0 0.0 0.0 0.0 0.0 0.0 0.0 0.0 0.0 0.0 0.0 0.0 0.0 0.0 0.0 0.0 0.0 0.0 0.0 0.0 0.0 0.0 0.0 0.0 0.0 0.0 0.0 0.0 0.0 0.0 0.0 0.0 0.0 0.0
0.01464918747 0.01404242072 0.01442512363 0.01437838536 0.01509391324 0.01388627667 0.605339022 0.013834381 0.01342279926 0.01591264947 0.01348147197 0.0180076121 0.01584595841 0.0 0.0 0.0 0.0 0.0 0.0 0.0 0.0 0.0 0.0 0.0 0.0 0.0 0.0 0.0 0.0 0.0 0.0 0.0 0.0 0.0 0.0 0.0 0.0 0.0 0.0 0.0 0.0 0.0 0.0 0.0 0.0 0.0 0.0 0.0 0.0 0.0 0.0 0.0 0.0 0.0 0.0 0.0 0.0 0.0 0.0 0.0 0.0 0.0 0.0 0.0 0.0 0.0 0.0 0.0
0.01540200625 0.01565795376 0.01540833188 0.01545841146 0.01522785498 0.0156949221 0.013834381 0.486548927892 0.01593686009 0.01460823451 0.01591381354 0.01363071019 0.01478694388 0.0 0.0 0.0 0.0 0.0 0.0 0.0 0.0 0.0 0.0 0.0 0.0 0.0 0.0 0.0 0.0 0.0 0.0 0.0 0.0 0.0 0.0 0.0 0.0 0.0 0.0 0.0 0.0 0.0 0.0 0.0 0.0 0.0 0.0 0.0 0.0 0.0 0.0 0.0 0.0 0.0 0.0 0.0 0.0 0.0 0.0 0.0 0.0 0.0 0.0 0.0 0.0 0.0 0.0 0.0
0.01532866584 0.01577120485 0.0154864174 0.01559294128 0.01516761807 0.01588452578 0.01342279926 0.01593686009 0.859477296232 0.01451357362 0.01617120007 0.01324638704 0.01459737287 0.0 0.0 0.0 0.0 0.0 0.0 0.0 0.0 0.0 0.0 0.0 0.0 0.0 0.0 0.0 0.0 0.0 0.0 0.0 0.0 0.0 0.0 0.0 0.0 0.0 0.0 0.0 0.0 0.0 0.0 0.0 0.0 0.0 0.0 0.0 0.0 0.0 0.0 0.0 0.0 0.0 0.0 0.0 0.0 0.0 0.0 0.0 0.0 0.0 0.0 0.0 0.0 0.0 0.0 0.0
0.01487520564 0.01469896185 0.01488993095 0.014878362 0.01491892601 0.01471456498 0.01591264947 0.01460823451 0.01451357362 0.429892174933 0.01452619253 0.01607207634 0.0152727584 0.0 0.0 0.0 0.0 0.0 0.0 0.0 0.0 0.0 0.0 0.0 0.0 0.0 0.0 0.0 0.0 0.0 0.0 0.0 0.0 0.0 0.0 0.0 0.0 0.0 0.0 0.0 0.0 0.0 0.0 0.0 0.0 0.0 0.0 0.0 0.0 0.0 0.0 0.0 0.0 0.0 0.0 0.0 0.0 0.0 0.0 0.0 0.0 0.0 0.0 0.0 0.0 0.0 0.0 0.0
0.01537144325 0.01575848164 0.01547283635 0.01556825482 0.01517034755 0.01584502961 0.01348147197 0.01591381354 0.01617120007 0.01452619253 0.365998605766 0.01329949625 0.01462606688 0.0 0.0 0.0 0.0 0.0 0.0 0.0 0.0 0.0 0.0 0.0 0.0 0.0 0.0 0.0 0.0 0.0 0.0 0.0 0.0 0.0 0.0 0.0 0.0 0.0 0.0 0.0 0.0 0.0 0.0 0.0 0.0 0.0 0.0 0.0 0.0 0.0 0.0 0.0 0.0 0.0 0.0 0.0 0.0 0.0 0.0 0.0 0.0 0.0 0.0 0.0 0.0 0.0 0.0 0.0
0.01442820677 0.01380389218 0.01431267811 0.01421911211 0.0147990547 0.01373213202 0.0180076121 0.01363071019 0.01324638704 0.01607207634 0.01329949625 0.170277425584 0.01569435526 0.0 0.0 0.0 0.0 0.0 0.0 0.0 0.0 0.0 0.0 0.0 0.0 0.0 0.0 0.0 0.0 0.0 0.0 0.0 0.0 0.0 0.0 0.0 0.0 0.0 0.0 0.0 0.0 0.0 0.0 0.0 0.0 0.0 0.0 0.0 0.0 0.0 0.0 0.0 0.0 0.0 0.0 0.0 0.0 0.0 0.0 0.0 0.0 0.0 0.0 0.0 0.0 0.0 0.0 0.0
0.01515808596 0.0149180249 0.01498625534 0.0149872889 0.01544077605 0.01477546111 0.01584595841 0.01478694388 0.01459737287 0.0152727584 0.01462606688 0.01569435526 0.389099306139 0.0 0.0 0.0 0.0 0.0 0.0 0.0 0.0 0.0 0.0 0.0 0.0 0.0 0.0 0.0 0.0 0.0 0.0 0.0 0.0 0.0 0.0 0.0 0.0 0.0 0.0 0.0 0.0 0.0 0.0 0.0 0.0 0.0 0.0 0.0 0.0 0.0 0.0 0.0 0.0 0.0 0.0 0.0 0.0 0.0 0.0 0.0 0.0 0.0 0.0 0.0 0.0 0.0 0.0 0.0
0.0 0.0 0.0 0.0 0.0 0.0 0.0 0.0 0.0 0.0 0.0 0.0 0.0 0.15500901686 0.007200509758 0.007566945835 0.008176606935 0.006959793359 0.00698158646 0.007247176185 0.007948368493 0.007971633454 0.007012490907 0.007947247131 0.007268912889 0.007050344611 0.006899895878 0.00775948551 0.006753171756 0.006771422389 0.007147178039 0.008363521081 0.008243861612 0.008276100324 0.007889949691 0.008403314702 0.0 0.0 0.0 0.0 0.0 0.0 0.0 0.0 0.0 0.0 0.0 0.0 0.0 0.0 0.0 0.0 0.0 0.0 0.0 0.0 0.0 0.0 0.0 0.0 0.0 0.0 0.0 0.0 0.0 0.0 0.0 0.0
0.0 0.0 0.0 0.0 0.0 0.0 0.0 0.0 0.0 0.0 0.0 0.0 0.0 0.007200509758 0.357802085282 0.008185385361 0.007521142022 0.008898366467 0.008867762587 0.008543564984 0.0077534203 0.007757937845 0.008820032457 0.007755802508 0.008513927059 0.008781818916 0.008935645251 0.007970405248 0.00917234201 0.009098048943 0.008649345078 0.007332093511 0.007455231783 0.007403372782 0.007783743806 0.007284911586 0.0 0.0 0.0 0.0 0.0 0.0 0.0 0.0 0.0 0.0 0.0 0.0 0.0 0.0 0.0 0.0 0.0 0.0 0.0 0.0 0.0 0.0 0.0 0.0 0.0 0.0 0.0 0.0 0.0 0.0 0.0 0.0
0.0 0.0 0.0 0.0 0.0 0.0 0.0 0.0 0.0 0.0 0.0 0.0 0.0 0.007566945835 0.008185385361 0.428034850476 0.007741829834 0.008298896144 0.008290223247 0.008167400791 0.007835908703 0.007813412558 0.008246882425 0.007855171277 0.008170147738 0.008251222946 0.00821134077 0.007966159219 0.008367961057 0.008288683928 0.008184643109 0.007612895809 0.007708642253 0.007629060981 0.007782496389 0.007575274704 0.0 0.0 0.0 0.0 0.0 0.0 0.0 0.0 0.0 0.0 0.0 0.0 0.0 0.0 0.0 0.0 0.0 0.0 0.0 0.0 0.0 0.0 0.0 0.0 0.0 0.0 0.0 0.0 0.0 0.0 0.0 0.0
0.0 0.0 0.0 0.0 0.0 0.0 0.0 0.0 0.0 0.0 0.0 0.0 0.0 0.008176606935 0.007521142022 0.007741829834 1.70086192665 0.007397927828 0.007414230518 0.007543387702 0.007941274664 0.00791193538 0.007423916619 0.007944261333 0.00757094903 0.007441227015 0.007327853608 0.007815542332 0.007080659913 0.007276295751 0.007498079619 0.008118146805 0.008083046187 0.008067455443 0.007904652868 0.008141525881 0.0 0.0 0.0 0.0 0.0 0.0 0.0 0.0 0.0 0.0 0.0 0.0 0.0 0.0 0.0 0.0 0.0 0.0 0.0 0.0 0.0 0.0 0.0 0.0 0.0 0.0 0.0 0.0 0.0 0.0 0.0 0.0
0.0 0.0 0.0 0.0 0.0 0.0 0.0 0.0 0.0 0.0 0.0 0.0 0.0 0.006959793359 0.008898366467 0.008298896144 0.007397927828 0.420285306581 0.009356743181 0.008798473831 0.007691022359 0.00767490356 0.009243260304 0.007689181181 0.008757804142 0.009184232225 0.009398694457 0.007965706768 0.009743549651 0.009630970388 0.008957353969 0.00710788433 0.007279240404 0.007188985383 0.007684795862 0.007055879357 0.0 0.0 0.0 0.0 0.0 0.0 0.0 0.0 0.0 0.0 0.0 0.0 0.0 0.0 0.0 0.0 0.0 0.0 0.0 0.0 0.0 0.0 0.0 0.0 0.0 0.0 0.0 0.0 0.0 0.0 0.0 0.0
0.0 0.0 0.0 0.0 0.0 0.0 0.0 0.0 0.0 0.0 0.0 0.0 0.0 0.00698158646 0.008867762587 0.008290223247 0.007414230518 0.009356743181 0.543620586996 0.008771542341 0.007699525818 0.007668430954 0.00921581934 0.007697233401 0.008735606817 0.0091541337 0.009376903027 0.007959284099 0.009733527112 0.009629850615 0.008931762873 0.007121238336 0.00729249195 0.007198648414 0.007681787754 0.007071450253 0.0 0.0 0.0 0.0 0.0 0.0 0.0 0.0 0.0 0.0 0.0 0.0 0.0 0.0 0.0 0.0 0.0 0.0 0.0 0.0 0.0 0.0 0.0 0.0 0.0 0.0 0.0 0.0 0.0 0.0 0.0 0.0
0.0 0.0 0.0 0.0 0.0 0.0 0.0 0.0 0.0 0.0 0.0 0.0 0.0 0.007247176185 0.008543564984 0.008167400791 0.007543387702 0.008798473831 0.008771542341 0.886673078144 0.007771052514 0.007772022944 0.00872347633 0.00776154851 0.008466657099 0.008692037253 0.00883837907 0.007975004425 0.008969112098 0.008957935194 0.008583317559 0.007378883248 0.007492609334 0.007452043655 0.007801194491 0.007321445844 0.0 0.0 0.0 0.0 0.0 0.0 0.0 0.0 0.0 0.0 0.0 0.0 0.0 0.0 0.0 0.0 0.0 0.0 0.0 0.0 0.0 0.0 0.0 0.0 0.0 0.0 0.0 0.0 0.0 0.0 0.0 0.0
0.0 0.0 0.0 0.0 0.0 0.0 0.0 0.0 0.0 0.0 0.0 0.0 0.0 0.007948368493 0.0077534203 0.007835908703 0.007941274664 0.007691022359 0.007699525818 0.007771052514 0.189017709666 0.007891244686 0.007714875814 0.007922599094 0.007783283082 0.007714854618 0.007675360709 0.007870742801 0.007615201569 0.007625962425 0.00775483535 0.007954799986 0.007951829733 0.007961016172 0.007939060764 0.007957113556 0.0 0.0 0.0 0.0 0.0 0.0 0.0 0.0 0.0 0.0 0.0 0.0 0.0 0.0 0.0 0.0 0.0 0.0 0.0 0.0 0.0 0.0 0.0 0.0 0.0 0.0 0.0 0.0 0.0 0.0 0.0 0.0
0.0 0.0 0.0 0.0 0.0 0.0 0.0 0.0 0.0 0.0 0.0 0.0 0.0 0.007971633454 0.007757937845 0.007813412558 0.00791193538 0.00767490356 0.007668430954 0.007772022944 0.007891244686 0.352778728938 0.007698562719 0.007887022586 0.007767504025 0.007712622493 0.007689165823 0.007881135038 0.00762834589 0.007664328892 0.007747094602 0.007989425059 0.007960653725 0.007994891006 0.007939903859 0.00797698984 0.0 0.0 0.0 0.0 0.0 0.0 0.0 0.0 0.0 0.0 0.0 0.0 0.0 0.0 0.0 0.0 0.0 0.0 0.0 0.0 0.0 0.0 0.0 0.0 0.0 0.0 0.0 0.0 0.0 0.0 0.0 0.0
0.0 0.0 0.0 0.0 0.0 0.0 0.0 0.0 0.0 0.0 0.0 0.0 0.0 0.007012490907 0.008820032457 0.008246882425 0.007423916619 0.009243260304 0.00921581934 0.00872347633 0.007714875814 0.007698562719 0.478157589342 0.007717543539 0.008693926338 0.009076456766 0.009307125076 0.007960513837 0.009579573817 0.009570563583 0.008893012271 0.007168813763 0.00732030288 0.007257831301 0.007751747824 0.007127843872 0.0 0.0 0.0 0.0 0.0 0.0 0.0 0.0 0.0 0.0 0.0 0.0 0.0 0.0 0.0 0.0 0.0 0.0 0.0 0.0 0.0 0.0 0.0 0.0 0.0 0.0 0.0 0.0 0.0 0.0 0.0 0.0
0.0 0.0 0.0 0.0 0.0 0.0 0.0 0.0 0.0 0.0 0.0 0.0 0.0 0.007947247131 0.007755802508 0.007855171277 0.007944261333 0.007689181181 0.007697233401 0.00776154851 0.007922599094 0.007887022586 0.007717543539 0.172547411834 0.007786769529 0.007718579212 0.007638502565 0.007879727165 0.007594936055 0.00761660188 0.007752511256 0.007944327501 0.00794547052 0.007958359231 0.007945052621 0.007977829791 0.0 0.0 0.0 0.0 0.0 0.0 0.0 0.0 0.0 0.0 0.0 0.0 0.0 0.0 0.0 0.0 0.0 0.0 0.0 0.0 0.0 0.0 0.0 0.0 0.0 0.0 0.0 0.0 0.0 0.0 0.0 0.0
0.0 0.0 0.0 0.0 0.0 0.0 0.0 0.0 0.0 0.0 0.0 0.0 0.0 0.007268912889 0.008513927059 0.008170147738 0.00757094903 0.008757804142 0.008735606817 0.008466657099 0.007783283082 0.007767504025 0.008693926338 0.007786769529 0.544189680019 0.008659557055 0.008769014403 0.007971470608 0.008931177245 0.008897423286 0.008553884023 0.007390781973 0.007508233311 0.007456389564 0.007800538647 0.007347063213 0.0 0.0 0.0 0.0 0.0 0.0 0.0 0.0 0.0 0.0 0.0 0.0 0.0 0.0 0.0 0.0 0.0 0.0 0.0 0.0 0.0 0.0 0.0 0.0 0.0 0.0 0.0 0.0 0.0 0.0 0.0 0.0
0.0 0.0 0.0 0.0 0.0 0.0 0.0 0.0 0.0 0.0 0.0 0.0 0.0 0.007050344611 0.008781818916 0.008251222946 0.007441227015 0.009184232225 0.0091541337 0.008692037253 0.007714854618 0.007712622493 0.009076456766 0.007718579212 0.008659557055 0.530491307049 0.0092308902 0.007970664359 0.009483602053 0.009480155319 0.008840475882 0.007196223727 0.007348456727 0.00727480995 0.007737293452 0.00714796822 0.0 0.0 0.0 0.0 0.0 0.0 0.0 0.0 0.0 0.0 0.0 0.0 0.0 0.0 0.0 0.0 0.0 0.0 0.0 0.0 0.0 0.0 0.0 0.0 0.0 0.0 0.0 0.0 0.0 0.0 0.0 0.0
0.0 0.0 0.0 0.0 0.0 0.0 0.0 0.0 0.0 0.0 0.0 0.0 0.0 0.006899895878 0.008935645251 0.00821134077 0.007327853608 0.009398694457 0.009376903027 0.00883837907 0.007675360709 0.007689165823 0.009307125076 0.007638502565 0.008769014403 0.0092308902 0.557007323364 0.007941914539 0.009982107307 0.01006169367 0.009046990452 0.007091362915 0.007235349521 0.007205172212 0.007764942659 0.007024013907 0.0 0.0 0.0 0.0 0.0 0.0 0.0 0.0 0.0 0.0 0.0 0.0 0.0 0.0 0.0 0.0 0.0 0.0 0.0 0.0 0.0 0.0 0.0 0.0 0.0 0.0 0.0 0.0 0.0 0.0 0.0 0.0
0.0 0.0 0.0 0.0 0.0 0.0 0.0 0.0 0.0 0.0 0.0 0.0 0.0 0.00775948551 0.007970405248 0.007966159219 0.007815542332 0.007965706768 0.007959284099 0.007975004425 0.007870742801 0.007881135038 0.007960513837 0.007879727165 0.007971470608 0.007970664359 0.007941914539 0.592066861797 0.007936417032 0.007958225099 0.007966340549 0.007800869575 0.007834472726 0.007828004115 0.007889515328 0.007769800307 0.0 0.0 0.0 0.0 0.0 0.0 0.0 0.0 0.0 0.0 0.0 0.0 0.0 0.0 0.0 0.0 0.0 0.0 0.0 0.0 0.0 0.0 0.0 0.0 0.0 0.0 0.0 0.0 0.0 0.0 0.0 0.0
0.0 0.0 0.0 0.0 0.0 0.0 0.0 0.0 0.0 0.0 0.0 0.0 0.0 0.006753171756 0.00917234201 0.008367961057 0.007080659913 0.009743549651 0.009733527112 0.008969112098 0.007615201569 0.00762834589 0.009579573817 0.007594936055 0.008931177245 0.009483602053 0.009982107307 0.007936417032 48.2298498304 0.01044735566 0.009227229129 0.006943833688 0.007130095219 0.007011274117 0.007634284703 0.006894457245 0.0 0.0 0.0 0.0 0.0 0.0 0.0 0.0 0.0 0.0 0.0 0.0 0.0 0.0 0.0 0.0 0.0 0.0 0.0 0.0 0.0 0.0 0.0 0.0 0.0 0.0 0.0 0.0 0.0 0.0 0.0 0.0
0.0 0.0 0.0 0.0 0.0 0.0 0.0 0.0 0.0 0.0 0.0 0.0 0.0 0.006771422389 0.009098048943 0.008288683928 0.007276295751 0.009630970388 0.009629850615 0.008957935194 0.007625962425 0.007664328892 0.009570563583 0.00761660188 0.008897423286 0.009480155319 0.01006169367 0.007958225099 0.01044735566 11.6151988312 0.009261983649 0.006974550151 0.007139247745 0.007061769378 0.007699139936 0.006901211852 0.0 0.0 0.0 0.0 0.0 0.0 0.0 0.0 0.0 0.0 0.0 0.0 0.0 0.0 0.0 0.0 0.0 0.0 0.0 0.0 0.0 0.0 0.0 0.0 0.0 0.0 0.0 0.0 0.0 0.0 0.0 0.0
0.0 0.0 0.0 0.0 0.0 0.0 0.0 0.0 0.0 0.0 0.0 0.0 0.0 0.007147178039 0.008649345078 0.008184643109 0.007498079619 0.008957353969 0.008931762873 0.008583317559 0.00775483535 0.007747094602 0.008893012271 0.007752511256 0.008553884023 0.008840475882 0.009046990452 0.007966340549 0.009227229129 0.009261983649 0.876946308366 0.007298846259 0.007422759451 0.007388698529 0.007812749401 0.007256480003 0.0 0.0 0.0 0.0 0.0 0.0 0.0 0.0 0.0 0.0 0.0 0.0 0.0 0.0 0.0 0.0 0.0 0.0 0.0 0.0 0.0 0.0 0.0 0.0 0.0 0.0 0.0 0.0 0.0 0.0 0.0 0.0
0.0 0.0 0.0 0.0 0.0 0.0 0.0 0.0 0.0 0.0 0.0 0.0 0.0 0.008363521081 0.007332093511 0.007612895809 0.008118146805 0.00710788433 0.007121238336 0.007378883248 0.007954799986 0.007989425059 0.007168813763 0.007944327501 0.007390781973 0.007196223727 0.007091362915 0.007800869575 0.006943833688 0.006974550151 0.007298846259 0.366418470284 0.00819338754 0.008272837112 0.007984471316 0.008327366298 0.0 0.0 0.0 0.0 0.0 0.0 0.0 0.0 0.0 0.0 0.0 0.0 0.0 0.0 0.0 0.0 0.0 0.0 0.0 0.0 0.0 0.0 0.0 0.0 0.0 0.0 0.0 0.0 0.0 0.0 0.0 0.0
0.0 0.0 0.0 0.0 0.0 0.0 0.0 0.0 0.0 0.0 0.0 0.0 0.0 0.008243861612 0.007455231783 0.007708642253 0.008083046187 0.007279240404 0.00729249195 0.007492609334 0.007951829733 0.007960653725 0.00732030288 0.00794547052 0.007508233311 0.007348456727 0.007235349521 0.007834472726 0.007130095219 0.007139247745 0.007422759451 0.00819338754 0.228574373141 0.008160593706 0.007940847149 0.008198899182 0.0 0.0 0.0 0.0 0.0 0.0 0.0 0.0 0.0 0.0 0.0 0.0 0.0 0.0 0.0 0.0 0.0 0.0 0.0 0.0 0.0 0.0 0.0 0.0 0.0 0.0 0.0 0.0 0.0 0.0 0.0 0.0
0.0 0.0 0.0 0.0 0.0 0.0 0.0 0.0 0.0 0.0 0.0 0.0 0.0 0.008276100324 0.007403372782 0.007629060981 0.008067455443 0.007188985383 0.007198648414 0.007452043655 0.007961016172 0.007994891006 0.007257831301 0.007958359231 0.007456389564 0.00727480995 0.007205172212 0.007828004115 0.007011274117 0.007061769378 0.007388698529 0.008272837112 0.008160593706 0.370829909005 0.008092059292 0.008321377729 0.0 0.0 0.0 0.0 0.0 0.0 0.0 0.0 0.0 0.0 0.0 0.0 0.0 0.0 0.0 0.0 0.0 0.0 0.0 0.0 0.0 0.0 0.0 0.0 0.0 0.0 0.0 0.0 0.0 0.0 0.0 0.0
0.0 0.0 0.0 0.0 0.0 0.0 0.0 0.0 0.0 0.0 0.0 0.0 0.0 0.007889949691 0.007783743806 0.007782496389 0.007904652868 0.007684795862 0.007681787754 0.007801194491 0.007939060764 0.007939903859 0.007751747824 0.007945052621 0.007800538647 0.007737293452 0.007764942659 0.007889515328 0.007634284703 0.007699139936 0.007812749401 0.007984471316 0.007940847149 0.008092059292 0.267828583397 0.008029246647 0.0 0.0 0.0 0.0 0.0 0.0 0.0 0.0 0.0 0.0 0.0 0.0 0.0 0.0 0.0 0.0 0.0 0.0 0.0 0.0 0.0 0.0 0.0 0.0 0.0 0.0 0.0 0.0 0.0 0.0 0.0 0.0
0.0 0.0 0.0 0.0 0.0 0.0 0.0 0.0 0.0 0.0 0.0 0.0 0.0 0.008403314702 0.007284911586 0.007575274704 0.008141525881 0.007055879357 0.007071450253 0.007321445844 0.007957113556 0.00797698984 0.007127843872 0.007977829791 0.007347063213 0.00714796822 0.007024013907 0.007769800307 0.006894457245 0.006901211852 0.007256480003 0.008327366298 0.008198899182 0.008321377729 0.008029246647 0.450853955601 0.0 0.0 0.0 0.0 0.0 0.0 0.0 0.0 0.0 0.0 0.0 0.0 0.0 0.0 0.0 0.0 0.0 0.0 0.0 0.0 0.0 0.0 0.0 0.0 0.0 0.0 0.0 0.0 0.0 0.0 0.0 0.0
0.0 0.0 0.0 0.0 0.0 0.0 0.0 0.0 0.0 0.0 0.0 0.0 0.0 0.0 0.0 0.0 0.0 0.0 0.0 0.0 0.0 0.0 0.0 0.0 0.0 0.0 0.0 0.0 0.0 0.0 0.0 0.0 0.0 0.0 0.0 0.0 0.387376249653 0.009984176394 0.0103148383 0.01040367644 0.01040824228 0.01049844187 0.009868352671 0.01003903267 0.00964455542 0.0102509679 0.01009112951 0.01044092231 0.01047536473 0.01044740286 0.0101665127 0.0105108558 0.01034791196 0.0103905604 0.01031280929 0.01031302144 0.01039410302 0.010052608 0.0 0.0 0.0 0.0 0.0 0.0 0.0 0.0 0.0 0.0
0.0 0.0 0.0 0.0 0.0 0.0 0.0 0.0 0.0 0.0 0.0 0.0 0.0 0.0 0.0 0.0 0.0 0.0 0.0 0.0 0.0 0.0 0.0 0.0 0.0 0.0 0.0 0.0 0.0 0.0 0.0 0.0 0.0 0.0 0.0 0.0 0.009984176394 0.328285291986 0.009980967153 0.009922852676 0.009916692019 0.009824178059 0.01000473347 0.009972888958 0.0100254645 0.009997557976 0.01002733366 0.009900429156 0.009857074296 0.009836632534 0.01001817807 0.009846235017 0.009972903032 0.009940974594 0.00995706167 0.009946893774 0.00992365554 0.01002872865 0.0 0.0 0.0 0.0 0.0 0.0 0.0 0.0 0.0 0.0
0.0 0.0 0.0 0.0 0.0 0.0 0.0 0.0 0.0 0.0 0.0 0.0 0.0 0.0 0.0 0.0 0.0 0.0 0.0 0.0 0.0 0.0 0.0 0.0 0.0 0.0 0.0 0.0 0.0 0.0 0.0 0.0 0.0 0.0 0.0 0.0 0.0103148383 0.009980967153 0.529373081058 0.01077457179 0.01079928663 0.01108462742 0.009675232403 0.009952268195 0.009383161201 0.01042452846 0.01011110939 0.01086303128 0.01104159815 0.01084486272 0.01030249276 0.01103452053 0.01059512005 0.01075824467 0.01050002963 0.01036285675 0.01076701523 0.01005312238 0.0 0.0 0.0 0.0 0.0 0.0 0.0 0.0 0.0 0.0
0.0 0.0 0.0 0.0 0.0 0.0 0.0 0.0 0.0 0.0 0.0 0.0 0.0 0.0 0.0 0.0 0.0 0.0 0.0 0.0 0.0 0.0 0.0 0.0 0.0 0.0 0.0 0.0 0.0 0.0 0.0 0.0 0.0 0.0 0.0 0.0 0.01040367644 0.009922852676 0.01077457179 0.475215224766 0.01129935293 0.01195157153 0.009461170142 0.009887349992 0.009048923164 0.0105986147 0.01009740221 0.011421979 0.01184360622 0.01155484416 0.0103993197 0.01186054718 0.01088994043 0.01120032527 0.01074872572 0.01052541496 0.01127417326 0.01002117847 0.0 0.0 0.0 0.0 0.0 0.0 0.0 0.0 0.0 0.0
0.0 0.0 0.0 0.0 0.0 0.0 0.0 0.0 0.0 0.0 0.0 0.0 0.0 0.0 0.0 0.0 0.0 0.0 0.0 0.0 0.0 0.0 0.0 0.0 0.0 0.0 0.0 0.0 0.0 0.0 0.0 0.0 0.0 0.0 0.0 0.0 0.01040824228 0.009916692019 0.01079928663 0.01129935293 0.683731493753 0.01200426121 0.009451889018 0.009913683724 0.009026677146 0.01060903271 0.01009847812 0.01148192825 0.01187725186 0.01155856301 0.01041482137 0.01184078742 0.01090804532 0.01123588996 0.01077095452 0.01053921727 0.01129057912 0.01001644503 0.0 0.0 0.0 0.0 0.0 0.0 0.0 0.0 0.0 0.0
0.0 0.0 0.0 0.0 0.0 0.0 0.0 0.0 0.0 0.0 0.0 0.0 0.0 0.0 0.0 0.0 0.0 0.0 0.0 0.0 0.0 0.0 0.0 0.0 0.0 0.0 0.0 0.0 0.0 0.0 0.0 0.0 0.0 0.0 0.0 0.0 0.01049844187 0.009824178059 0.01108462742 0.01195157153 0.01200426121 2.72397187388 0.009128379967 0.009802230166 0.008571981443 0.01080596243 0.01004076577 0.01223085496 0.01317213772 0.01293930557 0.01050517238 0.013400376 0.0112947278 0.01178045188 0.01104593263 0.01069644221 0.01198702778 0.009939394677 0.0 0.0 0.0 0.0 0.0 0.0 0.0 0.0 0.0 0.0
0.0 0.0 0.0 0.0 0.0 0.0 0.0 0.0 0.0 0.0 0.0 0.0 0.0 0.0 0.0 0.0 0.0 0.0 0.0 0.0 0.0 0.0 0.0 0.0 0.0 0.0 0.0 0.0 0.0 0.0 0.0 0.0 0.0 0.0 0.0 0.0 0.009868352671 0.01000473347 0.009675232403 0.009461170142 0.009451889018 0.009128379967 0.346915348268 0.01018158576 0.01046905936 0.009742608742 0.009987115399 0.009399902861 0.00918194637 0.009298793393 0.009844457609 0.009161125288 0.009613603755 0.009483073117 0.009732510438 0.009843455208 0.009445364761 0.01001696115 0.0 0.0 0.0 0.0 0.0 0.0 0.0 0.0 0.0 0.0
0.0 0.0 0.0 0.0 0.0 0.0 0.0 0.0 0.0 0.0 0.0 0.0 0.0 0.0 0.0 0.0 0.0 0.0 0.0 0.0 0.0 0.0 0.0 0.0 0.0 0.0 0.0 0.0 0.0 0.0 0.0 0.0 0.0 0.0 0.0 0.0 0.01003903267 0.009972888958 0.009952268195 0.009887349992 0.009913683724 0.009802230166 0.01018158576 0.401166516896 0.01010250673 0.009950551305 0.01005139498 0.009899638606 0.009779879838 0.00986519157 0.009991954277 0.009779271032 0.009925380669 0.009894878448 0.01005221755 0.01012140567 0.009869782918 0.0100654092 0.0 0.0 0.0 0.0 0.0 0.0 0.0 0.0 0.0 0.0
0.0 0.0 0.0 0.0 0.0 0.0 0.0 0.0 0.0 0.0 0.0 0.0 0.0 0.0 0.0 0.0 0.0 0.0 0.0 0.0 0.0 0.0 0.0 0.0 0.0 0.0 0.0 0.0 0.0 0.0 0.0 0.0 0.0 0.0 0.0 0.0 0.00964455542 0.0100254645 0.009383161201 0.009048923164 0.009026677146 0.008571981443 0.01046905936 0.01010250673 0.463781911079 0.009511861765 0.009897881207 0.008934446656 0.008657841185 0.008833173599 0.009674868824 0.008614771537 0.009294731375 0.009085251806 0.009417101958 0.009566508867 0.009041072355 0.009963580715 0.0 0.0 0.0 0.0 0.0 0.0 0.0 0.0 0.0 0.0
0.0 0.0 0.0 0.0 0.0 0.0 0.0 0.0 0.0 0.0 0.0 0.0 0.0 0.0 0.0 0.0 0.0 0.0 0.0 0.0 0.0 0.0 0.0 0.0 0.0 0.0 0.0 0.0 0.0 0.0 0.0 0.0 0.0 0.0 0.0 0.0 0.0102509679 0.009997557976 0.01042452846 0.0105986147 0.01060903271 0.01080596243 0.009742608742 0.009950551305 0.009511861765 0.38415906346 0.01011199331 0.01064780964 0.01078515454 0.01062984853 0.01024672051 0.01078342133 0.01047127705 0.01058873108 0.01041328628 0.0103028864 0.01060016879 0.01008070264 0.0 0.0 0.0 0.0 0.0 0.0 0.0 0.0 0.0 0.0
0.0 0.0 0.0 0.0 0.0 0.0 0.0 0.0 0.0 0.0 0.0 0.0 0.0 0.0 0.0 0.0 0.0 0.0 0.0 0.0 0.0 0.0 0.0 0.0 0.0 0.0 0.0 0.0 0.0 0.0 0.0 0.0 0.0 0.0 0.0 0.0 0.01009112951 0.01002733366 0.01011110939 0.01009740221 0.01009847812 0.01004076577 0.009987115399 0.01005139498 0.009897881207 0.01011199331 0.331132352802 0.01008977863 0.01006090838 0.01002286343 0.01010164525 0.0100548063 0.01010992206 0.01010666856 0.01013131684 0.01011299131 0.01009707539 0.01009641405 0.0 0.0 0.0 0.0 0.0 0.0 0.0 0.0 0.0 0.0
0.0 0.0 0.0 0.0 0.0 0.0 0.0 0.0 0.0 0.0 0.0 0.0 0.0 0.0 0.0 0.0 0.0 0.0 0.0 0.0 0.0 0.0 0.0 0.0 0.0 0.0 0.0 0.0 0.0 0.0 0.0 0.0 0.0 0.0 0.0 0.0 0.01044092231 0.009900429156 0.01086303128 0.011421979 0.01148192825 0.01223085496 0.009399902861 0.009899638606 0.008934446656 0.01064780964 0.01008977863 0.747242245571 0.01207626226 0.0117600714 0.01043659677 0.0120772286 0.01098576451 0.01135147099 0.01082425854 0.01057636414 0.01141521184 0.009995065902 0.0 0.0 0.0 0.0 0.0 0.0 0.0 0.0 0.0 0.0
0.0 0.0 0.0 0.0 0.0 0.0 0.0 0.0 0.0 0.0 0.0 0.0 0.0 0.0 0.0 0.0 0.0 0.0 0.0 0.0 0.0 0.0 0.0 0.0 0.0 0.0 0.0 0.0 0.0 0.0 0.0 0.0 0.0 0.0 0.0 0.0 0.01047536473 0.009857074296 0.01104159815 0.01184360622 0.01187725186 0.01317213772 0.00918194637 0.009779879838 0.008657841185 0.01078515454 0.01006090838 0.01207626226 0.762034633107 0.01254161944 0.01050534201 0.01299297738 0.01123119248 0.01169104845 0.0109906199 0.01064091699 0.01186085725 0.0099634341 0.0 0.0 0.0 0.0 0.0 0.0 0.0 0.0 0.0 0.0
0.0 0.0 0.0 0.0 0.0 0.0 0.0 0.0 0.0 0.0 0.0 0.0 0.0 0.0 0.0 0.0 0.0 0.0 0.0 0.0 0.0 0.0 0.0 0.0 0.0 0.0 0.0 0.0 0.0 0.0 0.0 0.0 0.0 0.0 0.0 0.0 0.01044740286 0.009836632534 0.01084486272 0.01155484416 0.01155856301 0.01293930557 0.009298793393 0.00986519157 0.008833173599 0.01062984853 0.01002286343 0.0117600714 0.01254161944 0.854322861926 0.01036083198 0.01290130932 0.01102882129 0.01138586853 0.01085543937 0.01064499717 0.0116006701 0.009945847476 0.0 0.0 0.0 0.0 0.0 0.0 0.0 0.0 0.0 0.0
0.0 0.0 0.0 0.0 0.0 0.0 0.0 0.0 0.0 0.0 0.0 0.0 0.0 0.0 0.0 0.0 0.0 0.0 0.0 0.0 0.0 0.0 0.0 0.0 0.0 0.0 0.0 0.0 0.0 0.0 0.0 0.0 0.0 0.0 0.0 0.0 0.0101665127 0.01001817807 0.01030249276 0.0103993197 0.01041482137 0.01050517238 0.009844457609 0.009991954277 0.009674868824 0.01024672051 0.01010164525 0.01043659677 0.01050534201 0.01036083198 1.1869320348 0.01049230683 0.01032360454 0.01039929637 0.0102740505 0.01017304242 0.01039253287 0.01006676046 0.0 0.0 0.0 0.0 0.0 0.0 0.0 0.0 0.0 0.0
0.0 0.0 0.0 0.0 0.0 0.0 0.0 0.0 0.0 0.0 0.0 0.0 0.0 0.0 0.0 0.0 0.0 0.0 0.0 0.0 0.0 0.0 0.0 0.0 0.0 0.0 0.0 0.0 0.0 0.0 0.0 0.0 0.0 0.0 0.0 0.0 0.0105108558 0.009846235017 0.01103452053 0.01186054718 0.01184078742 0.013400376 0.009161125288 0.009779271032 0.008614771537 0.01078342133 0.0100548063 0.0120772286 0.01299297738 0.01290130932 0.01049230683 4.2386574863 0.01124344795 0.01166897193 0.01100796624 0.01070070149 0.01190114218 0.009957335215 0.0 0.0 0.0 0.0 0.0 0.0 0.0 0.0 0.0 0.0
0.0 0.0 0.0 0.0 0.0 0.0 0.0 0.0 0.0 0.0 0.0 0.0 0.0 0.0 0.0 0.0 0.0 0.0 0.0 0.0 0.0 0.0 0.0 0.0 0.0 0.0 0.0 0.0 0.0 0.0 0.0 0.0 0.0 0.0 0.0 0.0 0.01034791196 0.009972903032 0.01059512005 0.01088994043 0.01090804532 0.0112947278 0.009613603755 0.009925380669 0.009294731375 0.01047127705 0.01010992206 0.01098576451 0.01123119248 0.01102882129 0.01032360454 0.01124344795 0.66085788108 0.0108582199 0.01055982808 0.01040932516 0.01088919539 0.0100502621 0.0 0.0 0.0 0.0 0.0 0.0 0.0 0.0 0.0 0.0
0.0 0.0 0.0 0.0 0.0 0.0 0.0 0.0 0.0 0.0 0.0 0.0 0.0 0.0 0.0 0.0 0.0 0.0 0.0 0.0 0.0 0.0 0.0 0.0 0.0 0.0 0.0 0.0 0.0 0.0 0.0 0.0 0.0 0.0 0.0 0.0 0.0103905604 0.009940974594 0.01075824467 0.01120032527 0.01123588996 0.01178045188 0.009483073117 0.009894878448 0.009085251806 0.01058873108 0.01010666856 0.01135147099 0.01169104845 0.01138586853 0.01039929637 0.01166897193 0.0108582199 0.495337120715 0.01072210875 0.01049640032 0.01119355683 0.01003385575 0.0 0.0 0.0 0.0 0.0 0.0 0.0 0.0 0.0 0.0
0.0 0.0 0.0 0.0 0.0 0.0 0.0 0.0 0.0 0.0 0.0 0.0 0.0 0.0 0.0 0.0 0.0 0.0 0.0 0.0 0.0 0.0 0.0 0.0 0.0 0.0 0.0 0.0 0.0 0.0 0.0 0.0 0.0 0.0 0.0 0.0 0.01031280929 0.00995706167 0.01050002963 0.01074872572 0.01077095452 0.01104593263 0.009732510438 0.01005221755 0.009417101958 0.01041328628 0.01013131684 0.01082425854 0.0109906199 0.01085543937 0.0102740505 0.01100796624 0.01055982808 0.01072210875 0.558035745537 0.01046926317 0.01074953186 0.01010798599 0.0 0.0 0.0 0.0 0.0 0.0 0.0 0.0 0.0 0.0
0.0 0.0 0.0 0.0 0.0 0.0 0.0 0.0 0.0 0.0 0.0 0.0 0.0 0.0 0.0 0.0 0.0 0.0 0.0 0.0 0.0 0.0 0.0 0.0 0.0 0.0 0.0 0.0 0.0 0.0 0.0 0.0 0.0 0.0 0.0 0.0 0.01031302144 0.009946893774 0.01036285675 0.01052541496 0.01053921727 0.01069644221 0.009843455208 0.01012140567 0.009566508867 0.0103028864 0.01011299131 0.01057636414 0.01064091699 0.01064499717 0.01017304242 0.01070070149 0.01040932516 0.01049640032 0.01046926317 0.456924241335 0.01052589892 0.01009611269 0.0 0.0 0.0 0.0 0.0 0.0 0.0 0.0 0.0 0.0
0.0 0.0 0.0 0.0 0.0 0.0 0.0 0.0 0.0 0.0 0.0 0.0 0.0 0.0 0.0 0.0 0.0 0.0 0.0 0.0 0.0 0.0 0.0 0.0 0.0 0.0 0.0 0.0 0.0 0.0 0.0 0.0 0.0 0.0 0.0 0.0 0.01039410302 0.00992365554 0.01076701523 0.01127417326 0.01129057912 0.01198702778 0.009445364761 0.009869782918 0.009041072355 0.01060016879 0.01009707539 0.01141521184 0.01186085725 0.0116006701 0.01039253287 0.01190114218 0.01088919539 0.01119355683 0.01074953186 0.01052589892 1.03964539303 0.01002726586 0.0 0.0 0.0 0.0 0.0 0.0 0.0 0.0 0.0 0.0
0.0 0.0 0.0 0.0 0.0 0.0 0.0 0.0 0.0 0.0 0.0 0.0 0.0 0.0 0.0 0.0 0.0 0.0 0.0 0.0 0.0 0.0 0.0 0.0 0.0 0.0 0.0 0.0 0.0 0.0 0.0 0.0 0.0 0.0 0.0 0.0 0.010052608 0.01002872865 0.01005312238 0.01002117847 0.01001644503 0.009939394677 0.01001696115 0.0100654092 0.009963580715 0.01008070264 0.01009641405 0.009995065902 0.0099634341 0.009945847476 0.01006676046 0.009957335215 0.0100502621 0.01003385575 0.01010798599 0.01009611269 0.01002726586 0.485834941777 0.0 0.0 0.0 0.0 0.0 0.0 0.0 0.0 0.0 0.0
0.0 0.0 0.0 0.0 0.0 0.0 0.0 0.0 0.0 0.0 0.0 0.0 0.0 0.0 0.0 0.0 0.0 0.0 0.0 0.0 0.0 0.0 0.0 0.0 0.0 0.0 0.0 0.0 0.0 0.0 0.0 0.0 0.0 0.0 0.0 0.0 0.0 0.0 0.0 0.0 0.0 0.0 0.0 0.0 0.0 0.0 0.0 0.0 0.0 0.0 0.0 0.0 0.0 0.0 0.0 0.0 0.0 0.0 0.14507744786 0.01247827955 0.01235736895 0.01274069231 0.01274107117 0.01262089737 0.0122239959 0.01275280633 0.01222675097 0.01240734756
0.0 0.0 0.0 0.0 0.0 0.0 0.0 0.0 0.0 0.0 0.0 0.0 0.0 0.0 0.0 0.0 0.0 0.0 0.0 0.0 0.0 0.0 0.0 0.0 0.0 0.0 0.0 0.0 0.0 0.0 0.0 0.0 0.0 0.0 0.0 0.0 0.0 0.0 0.0 0.0 0.0 0.0 0.0 0.0 0.0 0.0 0.0 0.0 0.0 0.0 0.0 0.0 0.0 0.0 0.0 0.0 0.0 0.0 0.01247827955 0.437170770673 0.01465579609 0.01355063187 0.01317157443 0.01367737746 0.01503173352 0.0125246246 0.01505306454 0.01450041693
0.0 0.0 0.0 0.0 0.0 0.0 0.0 0.0 0.0 0.0 0.0 0.0 0.0 0.0 0.0 0.0 0.0 0.0 0.0 0.0 0.0 0.0 0.0 0.0 0.0 0.0 0.0 0.0 0.0 0.0 0.0 0.0 0.0 0.0 0.0 0.0 0.0 0.0 0.0 0.0 0.0 0.0 0.0 0.0 0.0 0.0 0.0 0.0 0.0 0.0 0.0 0.0 0.0 0.0 0.0 0.0 0.0 0.0 0.01235736895 0.01465579609 0.335312920196 0.01382373324 0.01324210806 0.01394650386 0.0160364378 0.01244773743 0.0160747881 0.01518574906
0.0 0.0 0.0 0.0 0.0 0.0 0.0 0.0 0.0 0.0 0.0 0.0 0.0 0.0 0.0 0.0 0.0 0.0 0.0 0.0 0.0 0.0 0.0 0.0 0.0 0.0 0.0 0.0 0.0 0.0 0.0 0.0 0.0 0.0 0.0 0.0 0.0 0.0 0.0 0.0 0.0 0.0 0.0 0.0 0.0 0.0 0.0 0.0 0.0 0.0 0.0 0.0 0.0 0.0 0.0 0.0 0.0 0.0 0.01274069231 0.01355063187 0.01382373324 0.171911028649 0.01317165015 0.01342112636 0.01386686156 0.01255763446 0.01395856886 0.01387995442
0.0 0.0 0.0 0.0 0.0 0.0 0.0 0.0 0.0 0.0 0.0 0.0 0.0 0.0 0.0 0.0 0.0 0.0 0.0 0.0 0.0 0.0 0.0 0.0 0.0 0.0 0.0 0.0 0.0 0.0 0.0 0.0 0.0 0.0 0.0 0.0 0.0 0.0 0.0 0.0 0.0 0.0 0.0 0.0 0.0 0.0 0.0 0.0 0.0 0.0 0.0 0.0 0.0 0.0 0.0 0.0 0.0 0.0 0.01274107117 0.01317157443 0.01324210806 0.01317165015 0.216064649483 0.01311747425 0.01325692073 0.01264890143 0.01328016323 0.01326276622
0.0 0.0 0.0 0.0 0.0 0.0 0.0 0.0 0.0 0.0 0.0 0.0 0.0 0.0 0.0 0.0 0.0 0.0 0.0 0.0 0.0 0.0 0.0 0.0 0.0 0.0 0.0 0.0 0.0 0.0 0.0 0.0 0.0 0.0 0.0 0.0 0.0 0.0 0.0 0.0 0.0 0.0 0.0 0.0 0.0 0.0 0.0 0.0 0.0 0.0 0.0 0.0 0.0 0.0 0.0 0.0 0.0 0.0 0.01262089737 0.01367737746 0.01394650386 0.01342112636 0.01311747425 0.297664322255 0.01411966685 0.01257687009 0.01414846685 0.01390132282
0.0 0.0 0.0 0.0 0.0 0.0 0.0 0.0 0.0 0.0 0.0 0.0 0.0 0.0 0.0 0.0 0.0 0.0 0.0 0.0 0.0 0.0 0.0 0.0 0.0 0.0 0.0 0.0 0.0 0.0 0.0 0.0 0.0 0.0 0.0 0.0 0.0 0.0 0.0 0.0 0.0 0.0 0.0 0.0 0.0 0.0 0.0 0.0 0.0 0.0 0.0 0.0 0.0 0.0 0.0 0.0 0.0 0.0 0.0122239959 0.01503173352 0.0160364378 0.01386686156 0.01325692073 0.01411966685 0.7523955951 0.01239807915 0.01689531749 0.01566958642
0.0 0.0 0.0 0.0 0.0 0.0 0.0 0.0 0.0 0.0 0.0 0.0 0.0 0.0 0.0 0.0 0.0 0.0 0.0 0.0 0.0 0.0 0.0 0.0 0.0 0.0 0.0 0.0 0.0 0.0 0.0 0.0 0.0 0.0 0.0 0.0 0.0 0.0 0.0 0.0 0.0 0.0 0.0 0.0 0.0 0.0 0.0 0.0 0.0 0.0 0.0 0.0 0.0 0.0 0.0 0.0 0.0 0.0 0.01275280633 0.0125246246 0.01244773743 0.01255763446 0.01264890143 0.01257687009 0.01239807915 0.28896550419 0.01238661743 0.01245324098
0.0 0.0 0.0 0.0 0.0 0.0 0.0 0.0 0.0 0.0 0.0 0.0 0.0 0.0 0.0 0.0 0.0 0.0 0.0 0.0 0.0 0.0 0.0 0.0 0.0 0.0 0.0 0.0 0.0 0.0 0.0 0.0 0.0 0.0 0.0 0.0 0.0 0.0 0.0 0.0 0.0 0.0 0.0 0.0 0.0 0.0 0.0 0.0 0.0 0.0 0.0 0.0 0.0 0.0 0.0 0.0 0.0 0.0 0.01222675097 0.01505306454 0.0160747881 0.01395856886 0.01328016323 0.01414846685 0.01689531749 0.01238661743 0.693411390214 0.01573274861
0.0 0.0 0.0 0.0 0.0 0.0 0.0 0.0 0.0 0.0 0.0 0.0 0.0 0.0 0.0 0.0 0.0 0.0 0.0 0.0 0.0 0.0 0.0 0.0 0.0 0.0 0.0 0.0 0.0 0.0 0.0 0.0 0.0 0.0 0.0 0.0 0.0 0.0 0.0 0.0 0.0 0.0 0.0 0.0 0.0 0.0 0.0 0.0 0.0 0.0 0.0 0.0 0.0 0.0 0.0 0.0 0.0 0.0 0.01240734756 0.01450041693 0.01518574906 0.01387995442 0.01326276622 0.01390132282 0.01566958642 0.01245324098 0.01573274861 0.565386283714
