69 69
0.47846094423 0.005119821614 0.004827200319 0.004393305219 0.004517102567 0.005420659449 0.004741109541 0.003804960385 0.005137013867 0.004787359302 0.0043857338 0.0 0.0 0.0 0.0 0.0 0.0 0.0 0.0 0.0 0.0 0.0 0.0 0.0 0.0 0.0 0.0 0.0 0.0 0.0 0.0 0.0 0.0 0.0 0.0 0.0 0.0 0.0 0.0 0.0 0.0 0.0 0.0 0.0 0.0 0.0 0.0 0.0 0.0 0.0 0.0 0.0 0.0 0.0 0.0 0.0 0.0 0.0 0.0 0.0 0.0 0.0 0.0 0.0 0.0 0.0 0.0 0.0 0.0
0.005119821614 0.380577802695 0.004680207991 0.004411663481 0.004513055379 0.005102820039 0.00465852666 0.003977020176 0.004910432684 0.004710714687 0.004366033212 0.0 0.0 0.0 0.0 0.0 0.0 0.0 0.0 0.0 0.0 0.0 0.0 0.0 0.0 0.0 0.0 0.0 0.0 0.0 0.0 0.0 0.0 0.0 0.0 0.0 0.0 0.0 0.0 0.0 0.0 0.0 0.0 0.0 0.0 0.0 0.0 0.0 0.0 0.0 0.0 0.0 0.0 0.0 0.0 0.0 0.0 0.0 0.0 0.0 0.0 0.0 0.0 0.0 0.0 0.0 0.0 0.0 0.0
0.004827200319 0.004680207991 0.398891830071 0.004474564032 0.004517645283 0.004790868217 0.004578071881 0.004183294367 0.004719884529 0.004569940852 0.004599945015 0.0 0.0 0.0 0.0 0.0 0.0 0.0 0.0 0.0 0.0 0.0 0.0 0.0 0.0 0.0 0.0 0.0 0.0 0.0 0.0 0.0 0.0 0.0 0.0 0.0 0.0 0.0 0.0 0.0 0.0 0.0 0.0 0.0 0.0 0.0 0.0 0.0 0.0 0.0 0.0 0.0 0.0 0.0 0.0 0.0 0.0 0.0 0.0 0.0 0.0 0.0 0.0 0.0 0.0 0.0 0.0 0.0 0.0
0.004393305219 0.004411663481 0.004474564032 0.255320915581 0.00449329586 0.00438080267 0.004433699371 0.004443130547 0.004429637682 0.004441460407 0.004558184724 0.0 0.0 0.0 0.0 0.0 0.0 0.0 0.0 0.0 0.0 0.0 0.0 0.0 0.0 0.0 0.0 0.0 0.0 0.0 0.0 0.0 0.0 0.0 0.0 0.0 0.0 0.0 0.0 0.0 0.0 0.0 0.0 0.0 0.0 0.0 0.0 0.0 0.0 0.0 0.0 0.0 0.0 0.0 0.0 0.0 0.0 0.0 0.0 0.0 0.0 0.0 0.0 0.0 0.0 0.0 0.0 0.0 0.0
0.004517102567 0.004513055379 0.004517645283 0.00449329586 0.407338498231 0.004510043838 0.004484850765 0.004369151663 0.004528349529 0.004514964665 0.004533754222 0.0 0.0 0.0 0.0 0.0 0.0 0.0 0.0 0.0 0.0 0.0 0.0 0.0 0.0 0.0 0.0 0.0 0.0 0.0 0.0 0.0 0.0 0.0 0.0 0.0 0.0 0.0 0.0 0.0 0.0 0.0 0.0 0.0 0.0 0.0 0.0 0.0 0.0 0.0 0.0 0.0 0.0 0.0 0.0 0.0 0.0 0.0 0.0 0.0 0.0 0.0 0.0 0.0 0.0 0.0 0.0 0.0 0.0
0.005420659449 0.005102820039 0.004790868217 0.00438080267 0.004510043838 1.19297449171 0.004745905438 0.003822557741 0.005098661784 0.004788383299 0.004350716009 0.0 0.0 0.0 0.0 0.0 0.0 0.0 0.0 0.0 0.0 0.0 0.0 0.0 0.0 0.0 0.0 0.0 0.0 0.0 0.0 0.0 0.0 0.0 0.0 0.0 0.0 0.0 0.0 0.0 0.0 0.0 0.0 0.0 0.0 0.0 0.0 0.0 0.0 0.0 0.0 0.0 0.0 0.0 0.0 0.0 0.0 0.0 0.0 0.0 0.0 0.0 0.0 0.0 0.0 0.0 0.0 0.0 0.0
0.004741109541 0.00465852666 0.004578071881 0.004433699371 0.004484850765 0.004745905438 0.297062304682 0.004184220732 0.004653829174 0.004567930849 0.004438937281 0.0 0.0 0.0 0.0 0.0 0.0 0.0 0.0 0.0 0.0 0.0 0.0 0.0 0.0 0.0 0.0 0.0 0.0 0.0 0.0 0.0 0.0 0.0 0.0 0.0 0.0 0.0 0.0 0.0 0.0 0.0 0.0 0.0 0.0 0.0 0.0 0.0 0.0 0.0 0.0 0.0 0.0 0.0 0.0 0.0 0.0 0.0 0.0 0.0 0.0 0.0 0.0 0.0 0.0 0.0 0.0 0.0 0.0
0.003804960385 0.003977020176 0.004183294367 0.004443130547 0.004369151663 0.003822557741 0.004184220732 0.17364141208 0.003995682536 0.004184587096 0.004549039478 0.0 0.0 0.0 0.0 0.0 0.0 0.0 0.0 0.0 0.0 0.0 0.0 0.0 0.0 0.0 0.0 0.0 0.0 0.0 0.0 0.0 0.0 0.0 0.0 0.0 0.0 0.0 0.0 0.0 0.0 0.0 0.0 0.0 0.0 0.0 0.0 0.0 0.0 0.0 0.0 0.0 0.0 0.0 0.0 0.0 0.0 0.0 0.0 0.0 0.0 0.0 0.0 0.0 0.0 0.0 0.0 0.0 0.0
0.005137013867 0.004910432684 0.004719884529 0.004429637682 0.004528349529 0.005098661784 0.004653829174 0.003995682536 0.229443808888 0.004707131315 0.004414652985 0.0 0.0 0.0 0.0 0.0 0.0 0.0 0.0 0.0 0.0 0.0 0.0 0.0 0.0 0.0 0.0 0.0 0.0 0.0 0.0 0.0 0.0 0.0 0.0 0.0 0.0 0.0 0.0 0.0 0.0 0.0 0.0 0.0 0.0 0.0 0.0 0.0 0.0 0.0 0.0 0.0 0.0 0.0 0.0 0.0 0.0 0.0 0.0 0.0 0.0 0.0 0.0 0.0 0.0 0.0 0.0 0.0 0.0
0.004787359302 0.004710714687 0.004569940852 0.004441460407 0.004514964665 0.004788383299 0.004567930849 0.004184587096 0.004707131315 0.356931685419 0.004404388343 0.0 0.0 0.0 0.0 0.0 0.0 0.0 0.0 0.0 0.0 0.0 0.0 0.0 0.0 0.0 0.0 0.0 0.0 0.0 0.0 0.0 0.0 0.0 0.0 0.0 0.0 0.0 0.0 0.0 0.0 0.0 0.0 0.0 0.0 0.0 0.0 0.0 0.0 0.0 0.0 0.0 0.0 0.0 0.0 0.0 0.0 0.0 0.0 0.0 0.0 0.0 0.0 0.0 0.0 0.0 0.0 0.0 0.0
0.0043857338 0.004366033212 0.004599945015 0.004558184724 0.004533754222 0.004350716009 0.004438937281 0.004549039478 0.004414652985 0.004404388343 0.2006256812 0.0 0.0 0.0 0.0 0.0 0.0 0.0 0.0 0.0 0.0 0.0 0.0 0.0 0.0 0.0 0.0 0.0 0.0 0.0 0.0 0.0 0.0 0.0 0.0 0.0 0.0 0.0 0.0 0.0 0.0 0.0 0.0 0.0 0.0 0.0 0.0 0.0 0.0 0.0 0.0 0.0 0.0 0.0 0.0 0.0 0.0 0.0 0.0 0.0 0.0 0.0 0.0 0.0 0.0 0.0 0.0 0.0 0.0
0.0 0.0 0.0 0.0 0.0 0.0 0.0 0.0 0.0 0.0 0.0 0.935087867146 0.004740418326 0.004584742104 0.004231826953 0.004227651674 0.004052567789 0.00449805517 0.004352265388 0.004199436682 0.004175683593 0.004374850773 0.004210707085 0.004071296655 0.004275969671 0.004219984727 0.004255334517 0.00418358002 0.003973237181 0.004462541096 0.004799794132 0.004360830732 0.004213613777 0.003916400986 0.004707732613 0.0 0.0 0.0 0.0 0.0 0.0 0.0 0.0 0.0 0.0 0.0 0.0 0.0 0.0 0.0 0.0 0.0 0.0 0.0 0.0 0.0 0.0 0.0 0.0 0.0 0.0 0.0 0.0 0.0 0.0 0.0 0.0 0.0 0.0
0.0 0.0 0.0 0.0 0.0 0.0 0.0 0.0 0.0 0.0 0.0 0.004740418326 0.398825049911 0.005174179604 0.004321747181 0.004264498536 0.003915441593 0.004899964783 0.004534214722 0.004174150638 0.004119052552 0.004591599482 0.004241572982 0.0039275445 0.004316420482 0.004266614981 0.004310343211 0.004135421526 0.003734026154 0.004794960924 0.005920371519 0.004615316506 0.004206937145 0.003716947014 0.005595510953 0.0 0.0 0.0 0.0 0.0 0.0 0.0 0.0 0.0 0.0 0.0 0.0 0.0 0.0 0.0 0.0 0.0 0.0 0.0 0.0 0.0 0.0 0.0 0.0 0.0 0.0 0.0 0.0 0.0 0.0 0.0 0.0 0.0 0.0
0.0 0.0 0.0 0.0 0.0 0.0 0.0 0.0 0.0 0.0 0.0 0.004584742104 0.005174179604 0.34087482939 0.00427708765 0.004233644419 0.003975023648 0.004698787885 0.004429324152 0.004182168733 0.00413646458 0.004487792462 0.00423950014 0.003993194751 0.004283393364 0.004251211596 0.004274815086 0.00415775088 0.003837798349 0.00463889674 0.005304292552 0.004500051306 0.004208546737 0.003799363266 0.005145951636 0.0 0.0 0.0 0.0 0.0 0.0 0.0 0.0 0.0 0.0 0.0 0.0 0.0 0.0 0.0 0.0 0.0 0.0 0.0 0.0 0.0 0.0 0.0 0.0 0.0 0.0 0.0 0.0 0.0 0.0 0.0 0.0 0.0 0.0
0.0 0.0 0.0 0.0 0.0 0.0 0.0 0.0 0.0 0.0 0.0 0.004231826953 0.004321747181 0.00427708765 0.299243908142 0.004156579865 0.004098132137 0.004246508864 0.004193277269 0.004143666148 0.004131981981 0.004205150391 0.004155879437 0.004092777702 0.004164172524 0.004148888744 0.004159537842 0.004141181726 0.004052309797 0.004236315053 0.004329418291 0.004201999231 0.004149691141 0.0040080926 0.00430837548 0.0 0.0 0.0 0.0 0.0 0.0 0.0 0.0 0.0 0.0 0.0 0.0 0.0 0.0 0.0 0.0 0.0 0.0 0.0 0.0 0.0 0.0 0.0 0.0 0.0 0.0 0.0 0.0 0.0 0.0 0.0 0.0 0.0 0.0
0.0 0.0 0.0 0.0 0.0 0.0 0.0 0.0 0.0 0.0 0.0 0.004227651674 0.004264498536 0.004233644419 0.004156579865 0.271135988509 0.004128415783 0.004226686228 0.004195432224 0.004164217886 0.004155641182 0.004214462182 0.004168948898 0.004124065609 0.004182341574 0.004154363254 0.004173537873 0.004162807168 0.004090172214 0.004223819507 0.004246953169 0.00420162257 0.004171282558 0.004021461172 0.004235665136 0.0 0.0 0.0 0.0 0.0 0.0 0.0 0.0 0.0 0.0 0.0 0.0 0.0 0.0 0.0 0.0 0.0 0.0 0.0 0.0 0.0 0.0 0.0 0.0 0.0 0.0 0.0 0.0 0.0 0.0 0.0 0.0 0.0 0.0
0.0 0.0 0.0 0.0 0.0 0.0 0.0 0.0 0.0 0.0 0.0 0.004052567789 0.003915441593 0.003975023648 0.004098132137 0.004128415783 0.240095485027 0.00401822759 0.004065365599 0.004128238943 0.004130042297 0.004074727509 0.004135758731 0.004160169342 0.004107071249 0.004105518406 0.004106330826 0.00414077266 0.004172552469 0.004043937331 0.003843297201 0.004082622539 0.004141803128 0.004089586377 0.003898178476 0.0 0.0 0.0 0.0 0.0 0.0 0.0 0.0 0.0 0.0 0.0 0.0 0.0 0.0 0.0 0.0 0.0 0.0 0.0 0.0 0.0 0.0 0.0 0.0 0.0 0.0 0.0 0.0 0.0 0.0 0.0 0.0 0.0 0.0
0.0 0.0 0.0 0.0 0.0 0.0 0.0 0.0 0.0 0.0 0.0 0.00449805517 0.004899964783 0.004698787885 0.004246508864 0.004226686228 0.00401822759 0.38382124474 0.004399543807 0.004176551652 0.004148486082 0.004429168733 0.004183319503 0.004015845948 0.004261501272 0.004214287341 0.004249633159 0.00415156677 0.003902351274 0.004509538116 0.004983082376 0.004371687085 0.004173112336 0.003886911768 0.004882108458 0.0 0.0 0.0 0.0 0.0 0.0 0.0 0.0 0.0 0.0 0.0 0.0 0.0 0.0 0.0 0.0 0.0 0.0 0.0 0.0 0.0 0.0 0.0 0.0 0.0 0.0 0.0 0.0 0.0 0.0 0.0 0.0 0.0 0.0
0.0 0.0 0.0 0.0 0.0 0.0 0.0 0.0 0.0 0.0 0.0 0.004352265388 0.004534214722 0.004429324152 0.004193277269 0.004195432224 0.004065365599 0.004399543807 0.271287999973 0.004161569899 0.00415071248 0.004315001015 0.004144099299 0.004055733761 0.004213722302 0.004168561176 0.004199938099 0.004145409427 0.003993832451 0.004336302252 0.004552140487 0.004242682496 0.00414389618 0.003990472659 0.004515772246 0.0 0.0 0.0 0.0 0.0 0.0 0.0 0.0 0.0 0.0 0.0 0.0 0.0 0.0 0.0 0.0 0.0 0.0 0.0 0.0 0.0 0.0 0.0 0.0 0.0 0.0 0.0 0.0 0.0 0.0 0.0 0.0 0.0 0.0
0.0 0.0 0.0 0.0 0.0 0.0 0.0 0.0 0.0 0.0 0.0 0.004199436682 0.004174150638 0.004182168733 0.004143666148 0.004164217886 0.004128238943 0.004176551652 0.004161569899 0.311155515523 0.004167232647 0.004175483315 0.004186122946 0.00414709606 0.004185774135 0.004165888098 0.004174778502 0.00418003565 0.004118977304 0.00420293013 0.004145070789 0.004194550656 0.004186721109 0.004027822159 0.00416097567 0.0 0.0 0.0 0.0 0.0 0.0 0.0 0.0 0.0 0.0 0.0 0.0 0.0 0.0 0.0 0.0 0.0 0.0 0.0 0.0 0.0 0.0 0.0 0.0 0.0 0.0 0.0 0.0 0.0 0.0 0.0 0.0 0.0 0.0
0.0 0.0 0.0 0.0 0.0 0.0 0.0 0.0 0.0 0.0 0.0 0.004175683593 0.004119052552 0.00413646458 0.004131981981 0.004155641182 0.004130042297 0.004148486082 0.00415071248 0.004167232647 0.120758610281 0.004160855558 0.00416422469 0.004145553275 0.004173271853 0.004149189257 0.004162526133 0.004168942152 0.004128921071 0.004168503898 0.004082307875 0.004161870963 0.004170585926 0.004051240039 0.004100123352 0.0 0.0 0.0 0.0 0.0 0.0 0.0 0.0 0.0 0.0 0.0 0.0 0.0 0.0 0.0 0.0 0.0 0.0 0.0 0.0 0.0 0.0 0.0 0.0 0.0 0.0 0.0 0.0 0.0 0.0 0.0 0.0 0.0 0.0
0.0 0.0 0.0 0.0 0.0 0.0 0.0 0.0 0.0 0.0 0.0 0.004374850773 0.004591599482 0.004487792462 0.004205150391 0.004214462182 0.004074727509 0.004429168733 0.004315001015 0.004175483315 0.004160855558 0.67309263484 0.004192606253 0.004074214084 0.004236321021 0.004190239679 0.004224614606 0.004163492139 0.003993484044 0.004395310713 0.004586145073 0.004314505747 0.004187748954 0.003942581697 0.00456568623 0.0 0.0 0.0 0.0 0.0 0.0 0.0 0.0 0.0 0.0 0.0 0.0 0.0 0.0 0.0 0.0 0.0 0.0 0.0 0.0 0.0 0.0 0.0 0.0 0.0 0.0 0.0 0.0 0.0 0.0 0.0 0.0 0.0 0.0
0.0 0.0 0.0 0.0 0.0 0.0 0.0 0.0 0.0 0.0 0.0 0.004210707085 0.004241572982 0.00423950014 0.004155879437 0.004168948898 0.004135758731 0.004183319503 0.004144099299 0.004186122946 0.00416422469 0.004192606253 0.220547272716 0.00416763671 0.004197829715 0.004190767613 0.004178886053 0.004206746022 0.00410120189 0.004254517077 0.004213236038 0.004292917778 0.004245382828 0.003980689072 0.004204362061 0.0 0.0 0.0 0.0 0.0 0.0 0.0 0.0 0.0 0.0 0.0 0.0 0.0 0.0 0.0 0.0 0.0 0.0 0.0 0.0 0.0 0.0 0.0 0.0 0.0 0.0 0.0 0.0 0.0 0.0 0.0 0.0 0.0 0.0
0.0 0.0 0.0 0.0 0.0 0.0 0.0 0.0 0.0 0.0 0.0 0.004071296655 0.0039275445 0.003993194751 0.004092777702 0.004124065609 0.004160169342 0.004015845948 0.004055733761 0.00414709606 0.004145553275 0.004074214084 0.00416763671 0.286212155788 0.004133333946 0.004128440666 0.004126126987 0.004162126948 0.004185828385 0.004075327638 0.003875888607 0.004121537872 0.004178907302 0.004073556728 0.003903329845 0.0 0.0 0.0 0.0 0.0 0.0 0.0 0.0 0.0 0.0 0.0 0.0 0.0 0.0 0.0 0.0 0.0 0.0 0.0 0.0 0.0 0.0 0.0 0.0 0.0 0.0 0.0 0.0 0.0 0.0 0.0 0.0 0.0 0.0
0.0 0.0 0.0 0.0 0.0 0.0 0.0 0.0 0.0 0.0 0.0 0.004275969671 0.004316420482 0.004283393364 0.004164172524 0.004182341574 0.004107071249 0.004261501272 0.004213722302 0.004185774135 0.004173271853 0.004236321021 0.004197829715 0.004133333946 0.721879288269 0.00418013224 0.004198131926 0.004184500456 0.004082518867 0.004275190068 0.004300746235 0.004247914016 0.004204092996 0.004002363435 0.004298812992 0.0 0.0 0.0 0.0 0.0 0.0 0.0 0.0 0.0 0.0 0.0 0.0 0.0 0.0 0.0 0.0 0.0 0.0 0.0 0.0 0.0 0.0 0.0 0.0 0.0 0.0 0.0 0.0 0.0 0.0 0.0 0.0 0.0 0.0
0.0 0.0 0.0 0.0 0.0 0.0 0.0 0.0 0.0 0.0 0.0 0.004219984727 0.004266614981 0.004251211596 0.004148888744 0.004154363254 0.004105518406 0.004214287341 0.004168561176 0.004165888098 0.004149189257 0.004190239679 0.004190767613 0.004128440666 0.00418013224 0.418690794658 0.004174912925 0.004166813185 0.004085800113 0.004237476119 0.004275260901 0.00422038942 0.004184203648 0.003992122329 0.004263401447 0.0 0.0 0.0 0.0 0.0 0.0 0.0 0.0 0.0 0.0 0.0 0.0 0.0 0.0 0.0 0.0 0.0 0.0 0.0 0.0 0.0 0.0 0.0 0.0 0.0 0.0 0.0 0.0 0.0 0.0 0.0 0.0 0.0 0.0
0.0 0.0 0.0 0.0 0.0 0.0 0.0 0.0 0.0 0.0 0.0 0.004255334517 0.004310343211 0.004274815086 0.004159537842 0.004173537873 0.004106330826 0.004249633159 0.004199938099 0.004174778502 0.004162526133 0.004224614606 0.004178886053 0.004126126987 0.004198131926 0.004174912925 0.16966300138 0.004168286052 0.004084686588 0.004258213314 0.004306470102 0.004219853235 0.004183619117 0.003994756696 0.004292764166 0.0 0.0 0.0 0.0 0.0 0.0 0.0 0.0 0.0 0.0 0.0 0.0 0.0 0.0 0.0 0.0 0.0 0.0 0.0 0.0 0.0 0.0 0.0 0.0 0.0 0.0 0.0 0.0 0.0 0.0 0.0 0.0 0.0 0.0
0.0 0.0 0.0 0.0 0.0 0.0 0.0 0.0 0.0 0.0 0.0 0.00418358002 0.004135421526 0.00415775088 0.004141181726 0.004162807168 0.00414077266 0.00415156677 0.004145409427 0.00418003565 0.004168942152 0.004163492139 0.004206746022 0.004162126948 0.004184500456 0.004166813185 0.004168286052 0.32821840618 0.004128869394 0.004192528596 0.004077009588 0.004204147213 0.004202669027 0.004029428347 0.00411735229 0.0 0.0 0.0 0.0 0.0 0.0 0.0 0.0 0.0 0.0 0.0 0.0 0.0 0.0 0.0 0.0 0.0 0.0 0.0 0.0 0.0 0.0 0.0 0.0 0.0 0.0 0.0 0.0 0.0 0.0 0.0 0.0 0.0 0.0
0.0 0.0 0.0 0.0 0.0 0.0 0.0 0.0 0.0 0.0 0.0 0.003973237181 0.003734026154 0.003837798349 0.004052309797 0.004090172214 0.004172552469 0.003902351274 0.003993832451 0.004118977304 0.004128921071 0.003993484044 0.00410120189 0.004185828385 0.004082518867 0.004085800113 0.004084686588 0.004128869394 0.296569774103 0.003955863006 0.003656809882 0.004013087536 0.00412483605 0.00413440836 0.003721351797 0.0 0.0 0.0 0.0 0.0 0.0 0.0 0.0 0.0 0.0 0.0 0.0 0.0 0.0 0.0 0.0 0.0 0.0 0.0 0.0 0.0 0.0 0.0 0.0 0.0 0.0 0.0 0.0 0.0 0.0 0.0 0.0 0.0 0.0
0.0 0.0 0.0 0.0 0.0 0.0 0.0 0.0 0.0 0.0 0.0 0.004462541096 0.004794960924 0.00463889674 0.004236315053 0.004223819507 0.004043937331 0.004509538116 0.004336302252 0.00420293013 0.004168503898 0.004395310713 0.004254517077 0.004075327638 0.004275190068 0.004237476119 0.004258213314 0.004192528596 0.003955863006 0.519521273152 0.004820462998 0.004422635343 0.004239410711 0.003875304733 0.004755978816 0.0 0.0 0.0 0.0 0.0 0.0 0.0 0.0 0.0 0.0 0.0 0.0 0.0 0.0 0.0 0.0 0.0 0.0 0.0 0.0 0.0 0.0 0.0 0.0 0.0 0.0 0.0 0.0 0.0 0.0 0.0 0.0 0.0 0.0
0.0 0.0 0.0 0.0 0.0 0.0 0.0 0.0 0.0 0.0 0.0 0.004799794132 0.005920371519 0.005304292552 0.004329418291 0.004246953169 0.003843297201 0.004983082376 0.004552140487 0.004145070789 0.004082307875 0.004586145073 0.004213236038 0.003875888607 0.004300746235 0.004275260901 0.004306470102 0.004077009588 0.003656809882 0.004820462998 11.6117575406 0.004582936417 0.004149261087 0.00366095242 0.005750084265 0.0 0.0 0.0 0.0 0.0 0.0 0.0 0.0 0.0 0.0 0.0 0.0 0.0 0.0 0.0 0.0 0.0 0.0 0.0 0.0 0.0 0.0 0.0 0.0 0.0 0.0 0.0 0.0 0.0 0.0 0.0 0.0 0.0 0.0
0.0 0.0 0.0 0.0 0.0 0.0 0.0 0.0 0.0 0.0 0.0 0.004360830732 0.004615316506 0.004500051306 0.004201999231 0.00420162257 0.004082622539 0.004371687085 0.004242682496 0.004194550656 0.004161870963 0.004314505747 0.004292917778 0.004121537872 0.004247914016 0.00422038942 0.004219853235 0.004204147213 0.004013087536 0.004422635343 0.004582936417 0.730181439549 0.004269496645 0.003906537285 0.004576901719 0.0 0.0 0.0 0.0 0.0 0.0 0.0 0.0 0.0 0.0 0.0 0.0 0.0 0.0 0.0 0.0 0.0 0.0 0.0 0.0 0.0 0.0 0.0 0.0 0.0 0.0 0.0 0.0 0.0 0.0 0.0 0.0 0.0 0.0
0.0 0.0 0.0 0.0 0.0 0.0 0.0 0.0 0.0 0.0 0.0 0.004213613777 0.004206937145 0.004208546737 0.004149691141 0.004171282558 0.004141803128 0.004173112336 0.00414389618 0.004186721109 0.004170585926 0.004187748954 0.004245382828 0.004178907302 0.004204092996 0.004184203648 0.004183619117 0.004202669027 0.00412483605 0.004239410711 0.004149261087 0.004269496645 0.368099142827 0.003994156406 0.004161544799 0.0 0.0 0.0 0.0 0.0 0.0 0.0 0.0 0.0 0.0 0.0 0.0 0.0 0.0 0.0 0.0 0.0 0.0 0.0 0.0 0.0 0.0 0.0 0.0 0.0 0.0 0.0 0.0 0.0 0.0 0.0 0.0 0.0 0.0
0.0 0.0 0.0 0.0 0.0 0.0 0.0 0.0 0.0 0.0 0.0 0.003916400986 0.003716947014 0.003799363266 0.0040080926 0.004021461172 0.004089586377 0.003886911768 0.003990472659 0.004027822159 0.004051240039 0.003942581697 0.003980689072 0.004073556728 0.004002363435 0.003992122329 0.003994756696 0.004029428347 0.00413440836 0.003875304733 0.00366095242 0.003906537285 0.003994156406 0.288817524593 0.003722260358 0.0 0.0 0.0 0.0 0.0 0.0 0.0 0.0 0.0 0.0 0.0 0.0 0.0 0.0 0.0 0.0 0.0 0.0 0.0 0.0 0.0 0.0 0.0 0.0 0.0 0.0 0.0 0.0 0.0 0.0 0.0 0.0 0.0 0.0
0.0 0.0 0.0 0.0 0.0 0.0 0.0 0.0 0.0 0.0 0.0 0.004707732613 0.005595510953 0.005145951636 0.00430837548 0.004235665136 0.003898178476 0.004882108458 0.004515772246 0.00416097567 0.004100123352 0.00456568623 0.004204362061 0.003903329845 0.004298812992 0.004263401447 0.004292764166 0.00411735229 0.003721351797 0.004755978816 0.005750084265 0.004576901719 0.004161544799 0.003722260358 4.90128182324 0.0 0.0 0.0 0.0 0.0 0.0 0.0 0.0 0.0 0.0 0.0 0.0 0.0 0.0 0.0 0.0 0.0 0.0 0.0 0.0 0.0 0.0 0.0 0.0 0.0 0.0 0.0 0.0 0.0 0.0 0.0 0.0 0.0 0.0
0.0 0.0 0.0 0.0 0.0 0.0 0.0 0.0 0.0 0.0 0.0 0.0 0.0 0.0 0.0 0.0 0.0 0.0 0.0 0.0 0.0 0.0 0.0 0.0 0.0 0.0 0.0 0.0 0.0 0.0 0.0 0.0 0.0 0.0 0.0 0.505143285013 0.004777520449 0.00437286299 0.003791617758 0.003619635388 0.004284886756 0.00443960728 0.003612303487 0.003817234036 0.003885991772 0.003868135616 0.004211910482 0.003825839687 0.003434928622 0.003882243805 0.004516911311 0.003968156717 0.003879614641 0.003843740035 0.003507335758 0.004290501224 0.004089732433 0.003631510811 0.003722042385 0.0 0.0 0.0 0.0 0.0 0.0 0.0 0.0 0.0 0.0
0.0 0.0 0.0 0.0 0.0 0.0 0.0 0.0 0.0 0.0 0.0 0.0 0.0 0.0 0.0 0.0 0.0 0.0 0.0 0.0 0.0 0.0 0.0 0.0 0.0 0.0 0.0 0.0 0.0 0.0 0.0 0.0 0.0 0.0 0.0 0.004777520449 0.446013170299 0.004448927198 0.003810340464 0.003629747938 0.004289537721 0.004508708429 0.003629702371 0.003837059488 0.003906222425 0.003895422031 0.004271124288 0.003854482368 0.003425166842 0.00391279163 0.004596447783 0.003985744015 0.00389644576 0.003860482379 0.003498966903 0.004353502071 0.004159411487 0.00366009536 0.003724381824 0.0 0.0 0.0 0.0 0.0 0.0 0.0 0.0 0.0 0.0
0.0 0.0 0.0 0.0 0.0 0.0 0.0 0.0 0.0 0.0 0.0 0.0 0.0 0.0 0.0 0.0 0.0 0.0 0.0 0.0 0.0 0.0 0.0 0.0 0.0 0.0 0.0 0.0 0.0 0.0 0.0 0.0 0.0 0.0 0.0 0.00437286299 0.004448927198 0.257782268675 0.003768534239 0.003639994956 0.004071437282 0.004244439032 0.003644618007 0.00378544336 0.00385209911 0.003844558346 0.004098837463 0.003817579818 0.003490456476 0.003855719676 0.004311592398 0.003904258634 0.003838968421 0.003813565601 0.003540487415 0.004152780138 0.004020924468 0.003662561897 0.003702125325 0.0 0.0 0.0 0.0 0.0 0.0 0.0 0.0 0.0 0.0
0.0 0.0 0.0 0.0 0.0 0.0 0.0 0.0 0.0 0.0 0.0 0.0 0.0 0.0 0.0 0.0 0.0 0.0 0.0 0.0 0.0 0.0 0.0 0.0 0.0 0.0 0.0 0.0 0.0 0.0 0.0 0.0 0.0 0.0 0.0 0.003791617758 0.003810340464 0.003768534239 0.220742722316 0.003677652527 0.003748214576 0.003784842188 0.003681541813 0.003711695295 0.003699936407 0.003716381537 0.00377016209 0.003707996377 0.003624140593 0.003725725327 0.003741495658 0.00370460387 0.003703336002 0.003708082791 0.003630865117 0.003763093262 0.003751843688 0.003658612737 0.00367619788 0.0 0.0 0.0 0.0 0.0 0.0 0.0 0.0 0.0 0.0
0.0 0.0 0.0 0.0 0.0 0.0 0.0 0.0 0.0 0.0 0.0 0.0 0.0 0.0 0.0 0.0 0.0 0.0 0.0 0.0 0.0 0.0 0.0 0.0 0.0 0.0 0.0 0.0 0.0 0.0 0.0 0.0 0.0 0.0 0.0 0.003619635388 0.003629747938 0.003639994956 0.003677652527 0.165246582126 0.003629578183 0.003643025401 0.003695460815 0.003674197581 0.003655447569 0.003681563665 0.003675982204 0.003676485155 0.003666828488 0.003685228166 0.003590889407 0.003641669407 0.003662130972 0.003670645815 0.003667976731 0.003653354419 0.003684864517 0.003670545395 0.003656476412 0.0 0.0 0.0 0.0 0.0 0.0 0.0 0.0 0.0 0.0
0.0 0.0 0.0 0.0 0.0 0.0 0.0 0.0 0.0 0.0 0.0 0.0 0.0 0.0 0.0 0.0 0.0 0.0 0.0 0.0 0.0 0.0 0.0 0.0 0.0 0.0 0.0 0.0 0.0 0.0 0.0 0.0 0.0 0.0 0.0 0.004284886756 0.004289537721 0.004071437282 0.003748214576 0.003629578183 0.288245811669 0.004179355129 0.003598301452 0.003790492835 0.003790924032 0.003778247889 0.003987273885 0.003726894338 0.003505933107 0.003784578016 0.004139977463 0.003872135249 0.003805307794 0.003783947553 0.003579803309 0.004040285182 0.003879268903 0.003573130793 0.003731468364 0.0 0.0 0.0 0.0 0.0 0.0 0.0 0.0 0.0 0.0
0.0 0.0 0.0 0.0 0.0 0.0 0.0 0.0 0.0 0.0 0.0 0.0 0.0 0.0 0.0 0.0 0.0 0.0 0.0 0.0 0.0 0.0 0.0 0.0 0.0 0.0 0.0 0.0 0.0 0.0 0.0 0.0 0.0 0.0 0.0 0.00443960728 0.004508708429 0.004244439032 0.003784842188 0.003643025401 0.004179355129 1.59901662005 0.003637131845 0.003815655674 0.003852408731 0.003849823392 0.004131153529 0.003808278379 0.003484078975 0.003859868679 0.00432520859 0.003921179524 0.003848860373 0.003826355608 0.003549055808 0.004187311995 0.004030371471 0.003646378913 0.003725663312 0.0 0.0 0.0 0.0 0.0 0.0 0.0 0.0 0.0 0.0
0.0 0.0 0.0 0.0 0.0 0.0 0.0 0.0 0.0 0.0 0.0 0.0 0.0 0.0 0.0 0.0 0.0 0.0 0.0 0.0 0.0 0.0 0.0 0.0 0.0 0.0 0.0 0.0 0.0 0.0 0.0 0.0 0.0 0.0 0.0 0.003612303487 0.003629702371 0.003644618007 0.003681541813 0.003695460815 0.003598301452 0.003637131845 0.165807637755 0.003674031419 0.003658477928 0.003692579124 0.003679168793 0.003693494902 0.003677505459 0.003698510564 0.00358471565 0.003636124739 0.003660444221 0.003675011812 0.003668765358 0.003658712953 0.003704381457 0.003704181979 0.003649370637 0.0 0.0 0.0 0.0 0.0 0.0 0.0 0.0 0.0 0.0
0.0 0.0 0.0 0.0 0.0 0.0 0.0 0.0 0.0 0.0 0.0 0.0 0.0 0.0 0.0 0.0 0.0 0.0 0.0 0.0 0.0 0.0 0.0 0.0 0.0 0.0 0.0 0.0 0.0 0.0 0.0 0.0 0.0 0.0 0.0 0.003817234036 0.003837059488 0.00378544336 0.003711695295 0.003674197581 0.003790492835 0.003815655674 0.003674031419 0.180215949011 0.003704421603 0.003722380183 0.003786727781 0.003704789172 0.00361815301 0.003733505724 0.003753473427 0.003717241057 0.003709288656 0.003716438459 0.003634942158 0.003783613155 0.003766034092 0.003656328303 0.003685355732 0.0 0.0 0.0 0.0 0.0 0.0 0.0 0.0 0.0 0.0
0.0 0.0 0.0 0.0 0.0 0.0 0.0 0.0 0.0 0.0 0.0 0.0 0.0 0.0 0.0 0.0 0.0 0.0 0.0 0.0 0.0 0.0 0.0 0.0 0.0 0.0 0.0 0.0 0.0 0.0 0.0 0.0 0.0 0.0 0.0 0.003885991772 0.003906222425 0.00385209911 0.003699936407 0.003655447569 0.003790924032 0.003852408731 0.003658477928 0.003704421603 0.31465197152 0.003742669953 0.003819509525 0.00373060768 0.003590219093 0.00374385652 0.003884264843 0.003760138904 0.003739758762 0.003727147181 0.003616353105 0.003830642895 0.003788324146 0.003643157433 0.003671105654 0.0 0.0 0.0 0.0 0.0 0.0 0.0 0.0 0.0 0.0
0.0 0.0 0.0 0.0 0.0 0.0 0.0 0.0 0.0 0.0 0.0 0.0 0.0 0.0 0.0 0.0 0.0 0.0 0.0 0.0 0.0 0.0 0.0 0.0 0.0 0.0 0.0 0.0 0.0 0.0 0.0 0.0 0.0 0.0 0.0 0.003868135616 0.003895422031 0.003844558346 0.003716381537 0.003681563665 0.003778247889 0.003849823392 0.003692579124 0.003722380183 0.003742669953 0.418337755657 0.003834628831 0.00374725203 0.003617447496 0.003767314117 0.003838654418 0.003750181189 0.003742308102 0.003740597373 0.003641007788 0.003835238047 0.003816418809 0.003684648763 0.003682364802 0.0 0.0 0.0 0.0 0.0 0.0 0.0 0.0 0.0 0.0
0.0 0.0 0.0 0.0 0.0 0.0 0.0 0.0 0.0 0.0 0.0 0.0 0.0 0.0 0.0 0.0 0.0 0.0 0.0 0.0 0.0 0.0 0.0 0.0 0.0 0.0 0.0 0.0 0.0 0.0 0.0 0.0 0.0 0.0 0.0 0.004211910482 0.004271124288 0.004098837463 0.00377016209 0.003675982204 0.003987273885 0.004131153529 0.003679168793 0.003786727781 0.003819509525 0.003834628831 0.892828591742 0.003804542633 0.003547318575 0.003848261898 0.004120379783 0.003849361779 0.003813079449 0.003805154775 0.003588833826 0.004065793909 0.003979559734 0.003685926906 0.003708364002 0.0 0.0 0.0 0.0 0.0 0.0 0.0 0.0 0.0 0.0
0.0 0.0 0.0 0.0 0.0 0.0 0.0 0.0 0.0 0.0 0.0 0.0 0.0 0.0 0.0 0.0 0.0 0.0 0.0 0.0 0.0 0.0 0.0 0.0 0.0 0.0 0.0 0.0 0.0 0.0 0.0 0.0 0.0 0.0 0.0 0.003825839687 0.003854482368 0.003817579818 0.003707996377 0.003676485155 0.003726894338 0.003808278379 0.003693494902 0.003704789172 0.00373060768 0.00374725203 0.003804542633 0.488311436559 0.003621365998 0.003754921139 0.003814278477 0.003729521831 0.003724468753 0.003725061982 0.003625903615 0.003804601823 0.003798032346 0.003692050717 0.003664323104 0.0 0.0 0.0 0.0 0.0 0.0 0.0 0.0 0.0 0.0
0.0 0.0 0.0 0.0 0.0 0.0 0.0 0.0 0.0 0.0 0.0 0.0 0.0 0.0 0.0 0.0 0.0 0.0 0.0 0.0 0.0 0.0 0.0 0.0 0.0 0.0 0.0 0.0 0.0 0.0 0.0 0.0 0.0 0.0 0.0 0.003434928622 0.003425166842 0.003490456476 0.003624140593 0.003666828488 0.003505933107 0.003484078975 0.003677505459 0.00361815301 0.003590219093 0.003617447496 0.003547318575 0.003621365998 0.231973475496 0.003617185509 0.003427095533 0.003562727539 0.003597303654 0.003614969561 0.003679085632 0.003519770877 0.003580818541 0.003661281599 0.003622620821 0.0 0.0 0.0 0.0 0.0 0.0 0.0 0.0 0.0 0.0
0.0 0.0 0.0 0.0 0.0 0.0 0.0 0.0 0.0 0.0 0.0 0.0 0.0 0.0 0.0 0.0 0.0 0.0 0.0 0.0 0.0 0.0 0.0 0.0 0.0 0.0 0.0 0.0 0.0 0.0 0.0 0.0 0.0 0.0 0.0 0.003882243805 0.00391279163 0.003855719676 0.003725725327 0.003685228166 0.003784578016 0.003859868679 0.003698510564 0.003733505724 0.00374385652 0.003767314117 0.003848261898 0.003754921139 0.003617185509 0.595797522034 0.003840615897 0.003748965539 0.003739994068 0.003745931368 0.003630063336 0.00384612271 0.003833252466 0.00370098887 0.003682616237 0.0 0.0 0.0 0.0 0.0 0.0 0.0 0.0 0.0 0.0
0.0 0.0 0.0 0.0 0.0 0.0 0.0 0.0 0.0 0.0 0.0 0.0 0.0 0.0 0.0 0.0 0.0 0.0 0.0 0.0 0.0 0.0 0.0 0.0 0.0 0.0 0.0 0.0 0.0 0.0 0.0 0.0 0.0 0.0 0.0 0.004516911311 0.004596447783 0.004311592398 0.003741495658 0.003590889407 0.004139977463 0.00432520859 0.00358471565 0.003753473427 0.003884264843 0.003838654418 0.004120379783 0.003814278477 0.003427095533 0.003840615897 0.692311831008 0.003957256891 0.003864026524 0.003808550828 0.003492088634 0.004212360377 0.004022914169 0.003605336525 0.003680787891 0.0 0.0 0.0 0.0 0.0 0.0 0.0 0.0 0.0 0.0
0.0 0.0 0.0 0.0 0.0 0.0 0.0 0.0 0.0 0.0 0.0 0.0 0.0 0.0 0.0 0.0 0.0 0.0 0.0 0.0 0.0 0.0 0.0 0.0 0.0 0.0 0.0 0.0 0.0 0.0 0.0 0.0 0.0 0.0 0.0 0.003968156717 0.003985744015 0.003904258634 0.00370460387 0.003641669407 0.003872135249 0.003921179524 0.003636124739 0.003717241057 0.003760138904 0.003750181189 0.003849361779 0.003729521831 0.003562727539 0.003748965539 0.003957256891 0.291242074163 0.003759130212 0.003738236166 0.003606334846 0.003876594459 0.003802425158 0.003619851754 0.003682197768 0.0 0.0 0.0 0.0 0.0 0.0 0.0 0.0 0.0 0.0
0.0 0.0 0.0 0.0 0.0 0.0 0.0 0.0 0.0 0.0 0.0 0.0 0.0 0.0 0.0 0.0 0.0 0.0 0.0 0.0 0.0 0.0 0.0 0.0 0.0 0.0 0.0 0.0 0.0 0.0 0.0 0.0 0.0 0.0 0.0 0.003879614641 0.00389644576 0.003838968421 0.003703336002 0.003662130972 0.003805307794 0.003848860373 0.003660444221 0.003709288656 0.003739758762 0.003742308102 0.003813079449 0.003724468753 0.003597303654 0.003739994068 0.003864026524 0.003759130212 0.275597148099 0.003728242947 0.003632353845 0.003824521513 0.003780010535 0.003635830189 0.00368159642 0.0 0.0 0.0 0.0 0.0 0.0 0.0 0.0 0.0 0.0
0.0 0.0 0.0 0.0 0.0 0.0 0.0 0.0 0.0 0.0 0.0 0.0 0.0 0.0 0.0 0.0 0.0 0.0 0.0 0.0 0.0 0.0 0.0 0.0 0.0 0.0 0.0 0.0 0.0 0.0 0.0 0.0 0.0 0.0 0.0 0.003843740035 0.003860482379 0.003813565601 0.003708082791 0.003670645815 0.003783947553 0.003826355608 0.003675011812 0.003716438459 0.003727147181 0.003740597373 0.003805154775 0.003725061982 0.003614969561 0.003745931368 0.003808550828 0.003738236166 0.003728242947 0.558901178704 0.003634256708 0.003806657395 0.00378212956 0.003660981954 0.003681048183 0.0 0.0 0.0 0.0 0.0 0.0 0.0 0.0 0.0 0.0
0.0 0.0 0.0 0.0 0.0 0.0 0.0 0.0 0.0 0.0 0.0 0.0 0.0 0.0 0.0 0.0 0.0 0.0 0.0 0.0 0.0 0.0 0.0 0.0 0.0 0.0 0.0 0.0 0.0 0.0 0.0 0.0 0.0 0.0 0.0 0.003507335758 0.003498966903 0.003540487415 0.003630865117 0.003667976731 0.003579803309 0.003549055808 0.003668765358 0.003634942158 0.003616353105 0.003641007788 0.003588833826 0.003625903615 0.003679085632 0.003630063336 0.003492088634 0.003606334846 0.003632353845 0.003634256708 0.207925032201 0.003569468203 0.00360319489 0.003642216153 0.003645308185 0.0 0.0 0.0 0.0 0.0 0.0 0.0 0.0 0.0 0.0
0.0 0.0 0.0 0.0 0.0 0.0 0.0 0.0 0.0 0.0 0.0 0.0 0.0 0.0 0.0 0.0 0.0 0.0 0.0 0.0 0.0 0.0 0.0 0.0 0.0 0.0 0.0 0.0 0.0 0.0 0.0 0.0 0.0 0.0 0.0 0.004290501224 0.004353502071 0.004152780138 0.003763093262 0.003653354419 0.004040285182 0.004187311995 0.003658712953 0.003783613155 0.003830642895 0.003835238047 0.004065793909 0.003804601823 0.003519770877 0.00384612271 0.004212360377 0.003876594459 0.003824521513 0.003806657395 0.003569468203 0.440467816084 0.003995996436 0.003673917602 0.003707912121 0.0 0.0 0.0 0.0 0.0 0.0 0.0 0.0 0.0 0.0
0.0 0.0 0.0 0.0 0.0 0.0 0.0 0.0 0.0 0.0 0.0 0.0 0.0 0.0 0.0 0.0 0.0 0.0 0.0 0.0 0.0 0.0 0.0 0.0 0.0 0.0 0.0 0.0 0.0 0.0 0.0 0.0 0.0 0.0 0.0 0.004089732433 0.004159411487 0.004020924468 0.003751843688 0.003684864517 0.003879268903 0.004030371471 0.003704381457 0.003766034092 0.003788324146 0.003816418809 0.003979559734 0.003798032346 0.003580818541 0.003833252466 0.004022914169 0.003802425158 0.003780010535 0.00378212956 0.00360319489 0.003995996436 0.316578392941 0.003730928325 0.003692505141 0.0 0.0 0.0 0.0 0.0 0.0 0.0 0.0 0.0 0.0
0.0 0.0 0.0 0.0 0.0 0.0 0.0 0.0 0.0 0.0 0.0 0.0 0.0 0.0 0.0 0.0 0.0 0.0 0.0 0.0 0.0 0.0 0.0 0.0 0.0 0.0 0.0 0.0 0.0 0.0 0.0 0.0 0.0 0.0 0.0 0.003631510811 0.00366009536 0.003662561897 0.003658612737 0.003670545395 0.003573130793 0.003646378913 0.003704181979 0.003656328303 0.003643157433 0.003684648763 0.003685926906 0.003692050717 0.003661281599 0.00370098887 0.003605336525 0.003619851754 0.003635830189 0.003660981954 0.003642216153 0.003673917602 0.003730928325 0.497715973785 0.003620524474 0.0 0.0 0.0 0.0 0.0 0.0 0.0 0.0 0.0 0.0
0.0 0.0 0.0 0.0 0.0 0.0 0.0 0.0 0.0 0.0 0.0 0.0 0.0 0.0 0.0 0.0 0.0 0.0 0.0 0.0 0.0 0.0 0.0 0.0 0.0 0.0 0.0 0.0 0.0 0.0 0.0 0.0 0.0 0.0 0.0 0.003722042385 0.003724381824 0.003702125325 0.00367619788 0.003656476412 0.003731468364 0.003725663312 0.003649370637 0.003685355732 0.003671105654 0.003682364802 0.003708364002 0.003664323104 0.003622620821 0.003682616237 0.003680787891 0.003682197768 0.00368159642 0.003681048183 0.003645308185 0.003707912121 0.003692505141 0.003620524474 0.664177211591 0.0 0.0 0.0 0.0 0.0 0.0 0.0 0.0 0.0 0.0
0.0 0.0 0.0 0.0 0.0 0.0 0.0 0.0 0.0 0.0 0.0 0.0 0.0 0.0 0.0 0.0 0.0 0.0 0.0 0.0 0.0 0.0 0.0 0.0 0.0 0.0 0.0 0.0 0.0 0.0 0.0 0.0 0.0 0.0 0.0 0.0 0.0 0.0 0.0 0.0 0.0 0.0 0.0 0.0 0.0 0.0 0.0 0.0 0.0 0.0 0.0 0.0 0.0 0.0 0.0 0.0 0.0 0.0 0.0 1.19403955717 0.005560565207 0.006148781906 0.005747923847 0.005943084507 0.005816776441 0.005853959861 0.005785920203 0.005627611497 0.005721719732
0.0 0.0 0.0 0.0 0.0 0.0 0.0 0.0 0.0 0.0 0.0 0.0 0.0 0.0 0.0 0.0 0.0 0.0 0.0 0.0 0.0 0.0 0.0 0.0 0.0 0.0 0.0 0.0 0.0 0.0 0.0 0.0 0.0 0.0 0.0 0.0 0.0 0.0 0.0 0.0 0.0 0.0 0.0 0.0 0.0 0.0 0.0 0.0 0.0 0.0 0.0 0.0 0.0 0.0 0.0 0.0 0.0 0.0 0.0 0.005560565207 0.389579579526 0.005445932497 0.005714266047 0.005607511601 0.005566931502 0.005613968333 0.005636296006 0.005564251853 0.005634267556
0.0 0.0 0.0 0.0 0.0 0.0 0.0 0.0 0.0 0.0 0.0 0.0 0.0 0.0 0.0 0.0 0.0 0.0 0.0 0.0 0.0 0.0 0.0 0.0 0.0 0.0 0.0 0.0 0.0 0.0 0.0 0.0 0.0 0.0 0.0 0.0 0.0 0.0 0.0 0.0 0.0 0.0 0.0 0.0 0.0 0.0 0.0 0.0 0.0 0.0 0.0 0.0 0.0 0.0 0.0 0.0 0.0 0.0 0.0 0.006148781906 0.005445932497 1.50075004894 0.005698370157 0.005988568651 0.005887926595 0.005897977864 0.005813314521 0.005702761122 0.005736609972
0.0 0.0 0.0 0.0 0.0 0.0 0.0 0.0 0.0 0.0 0.0 0.0 0.0 0.0 0.0 0.0 0.0 0.0 0.0 0.0 0.0 0.0 0.0 0.0 0.0 0.0 0.0 0.0 0.0 0.0 0.0 0.0 0.0 0.0 0.0 0.0 0.0 0.0 0.0 0.0 0.0 0.0 0.0 0.0 0.0 0.0 0.0 0.0 0.0 0.0 0.0 0.0 0.0 0.0 0.0 0.0 0.0 0.0 0.0 0.005747923847 0.005714266047 0.005698370157 0.54390813251 0.005746578346 0.005699177137 0.005716620496 0.005720045502 0.005644716337 0.005718896356
0.0 0.0 0.0 0.0 0.0 0.0 0.0 0.0 0.0 0.0 0.0 0.0 0.0 0.0 0.0 0.0 0.0 0.0 0.0 0.0 0.0 0.0 0.0 0.0 0.0 0.0 0.0 0.0 0.0 0.0 0.0 0.0 0.0 0.0 0.0 0.0 0.0 0.0 0.0 0.0 0.0 0.0 0.0 0.0 0.0 0.0 0.0 0.0 0.0 0.0 0.0 0.0 0.0 0.0 0.0 0.0 0.0 0.0 0.0 0.005943084507 0.005607511601 0.005988568651 0.005746578346 0.33743919937 0.005783036417 0.005812237877 0.005771294481 0.005657037548 0.005733143751
0.0 0.0 0.0 0.0 0.0 0.0 0.0 0.0 0.0 0.0 0.0 0.0 0.0 0.0 0.0 0.0 0.0 0.0 0.0 0.0 0.0 0.0 0.0 0.0 0.0 0.0 0.0 0.0 0.0 0.0 0.0 0.0 0.0 0.0 0.0 0.0 0.0 0.0 0.0 0.0 0.0 0.0 0.0 0.0 0.0 0.0 0.0 0.0 0.0 0.0 0.0 0.0 0.0 0.0 0.0 0.0 0.0 0.0 0.0 0.005816776441 0.005566931502 0.005887926595 0.005699177137 0.005783036417 0.437918952541 0.005749976315 0.005730119838 0.005751313346 0.005757501563
0.0 0.0 0.0 0.0 0.0 0.0 0.0 0.0 0.0 0.0 0.0 0.0 0.0 0.0 0.0 0.0 0.0 0.0 0.0 0.0 0.0 0.0 0.0 0.0 0.0 0.0 0.0 0.0 0.0 0.0 0.0 0.0 0.0 0.0 0.0 0.0 0.0 0.0 0.0 0.0 0.0 0.0 0.0 0.0 0.0 0.0 0.0 0.0 0.0 0.0 0.0 0.0 0.0 0.0 0.0 0.0 0.0 0.0 0.0 0.005853959861 0.005613968333 0.005897977864 0.005716620496 0.005812237877 0.005749976315 0.20071562717 0.005734809242 0.005663195989 0.005713556147
0.0 0.0 0.0 0.0 0.0 0.0 0.0 0.0 0.0 0.0 0.0 0.0 0.0 0.0 0.0 0.0 0.0 0.0 0.0 0.0 0.0 0.0 0.0 0.0 0.0 0.0 0.0 0.0 0.0 0.0 0.0 0.0 0.0 0.0 0.0 0.0 0.0 0.0 0.0 0.0 0.0 0.0 0.0 0.0 0.0 0.0 0.0 0.0 0.0 0.0 0.0 0.0 0.0 0.0 0.0 0.0 0.0 0.0 0.0 0.005785920203 0.005636296006 0.005813314521 0.005720045502 0.005771294481 0.005730119838 0.005734809242 0.293283410056 0.005662680462 0.005709659498
0.0 0.0 0.0 0.0 0.0 0.0 0.0 0.0 0.0 0.0 0.0 0.0 0.0 0.0 0.0 0.0 0.0 0.0 0.0 0.0 0.0 0.0 0.0 0.0 0.0 0.0 0.0 0.0 0.0 0.0 0.0 0.0 0.0 0.0 0.0 0.0 0.0 0.0 0.0 0.0 0.0 0.0 0.0 0.0 0.0 0.0 0.0 0.0 0.0 0.0 0.0 0.0 0.0 0.0 0.0 0.0 0.0 0.0 0.0 0.005627611497 0.005564251853 0.005702761122 0.005644716337 0.005657037548 0.005751313346 0.005663195989 0.005662680462 0.717394431043 0.005735543507
0.0 0.0 0.0 0.0 0.0 0.0 0.0 0.0 0.0 0.0 0.0 0.0 0.0 0.0 0.0 0.0 0.0 0.0 0.0 0.0 0.0 0.0 0.0 0.0 0.0 0.0 0.0 0.0 0.0 0.0 0.0 0.0 0.0 0.0 0.0 0.0 0.0 0.0 0.0 0.0 0.0 0.0 0.0 0.0 0.0 0.0 0.0 0.0 0.0 0.0 0.0 0.0 0.0 0.0 0.0 0.0 0.0 0.0 0.0 0.005721719732 0.005634267556 0.005736609972 0.005718896356 0.005733143751 0.005757501563 0.005713556147 0.005709659498 0.005735543507 0.16641808784
