117 117
0.236039473857 0.008306934454 0.008316750481 0.008309316209 0.008315128121 0.008309567666 0.008320990913 0.008298825133 0.008305411929 0.008296241073 0.008317894787 0.008336301471 0.008329512706 0.008309761581 0.008300951036 0.008327834431 0.008325941595 0.008316151843 0.008322318524 0.008321028651 0.008307864776 0.008321275211 0.008304516856 0.008301208518 0.008318072991 0.008302261307 0.008322381537 0.008301807139 0.008292703651 0.008290720058 0.0 0.0 0.0 0.0 0.0 0.0 0.0 0.0 0.0 0.0 0.0 0.0 0.0 0.0 0.0 0.0 0.0 0.0 0.0 0.0 0.0 0.0 0.0 0.0 0.0 0.0 0.0 0.0 0.0 0.0 0.0 0.0 0.0 0.0 0.0 0.0 0.0 0.0 0.0 0.0 0.0 0.0 0.0 0.0 0.0 0.0 0.0 0.0 0.0 0.0 0.0 0.0 0.0 0.0 0.0 0.0 0.0 0.0 0.0 0.0 0.0 0.0 0.0 0.0 0.0 0.0 0.0 0.0 0.0 0.0 0.0 0.0 0.0 0.0 0.0 0.0 0.0 0.0 0.0 0.0 0.0 0.0 0.0 0.0 0.0 0.0 0.0
0.008306934454 0.158451247856 0.008652569742 0.008329356715 0.007781648247 0.007703542565 0.007566044443 0.009153061365 0.008302925111 0.009297279839 0.008024051329 0.007196390133 0.00722541694 0.007596695828 0.007637316951 0.008684367025 0.008123300449 0.007832619666 0.007697814136 0.008179993012 0.007527473314 0.007638422921 0.008401592803 0.008676293791 0.009488524388 0.008578703441 0.00842541727 0.00835468735 0.008824565473 0.009695248448 0.0 0.0 0.0 0.0 0.0 0.0 0.0 0.0 0.0 0.0 0.0 0.0 0.0 0.0 0.0 0.0 0.0 0.0 0.0 0.0 0.0 0.0 0.0 0.0 0.0 0.0 0.0 0.0 0.0 0.0 0.0 0.0 0.0 0.0 0.0 0.0 0.0 0.0 0.0 0.0 0.0 0.0 0.0 0.0 0.0 0.0 0.0 0.0 0.0 0.0 0.0 0.0 0.0 0.0 0.0 0.0 0.0 0.0 0.0 0.0 0.0 0.0 0.0 0.0 0.0 0.0 0.0 0.0 0.0 0.0 0.0 0.0 0.0 0.0 0.0 0.0 0.0 0.0 0.0 0.0 0.0 0.0 0.0 0.0 0.0 0.0 0.0
0.008316750481 0.008652569742 0.213202650744 0.008287764348 0.008061544501 0.008030614171 0.007919382562 0.008603622846 0.008242366029 0.008715846092 0.008291387373 0.007768900475 0.007804929471 0.007985780646 0.008028114697 0.008438076478 0.008190543593 0.008009763381 0.007988269577 0.008241830916 0.007972535617 0.007957717312 0.008298737246 0.008437669761 0.008642022782 0.008326354536 0.008276730352 0.00826715203 0.008534661486 0.008914580664 0.0 0.0 0.0 0.0 0.0 0.0 0.0 0.0 0.0 0.0 0.0 0.0 0.0 0.0 0.0 0.0 0.0 0.0 0.0 0.0 0.0 0.0 0.0 0.0 0.0 0.0 0.0 0.0 0.0 0.0 0.0 0.0 0.0 0.0 0.0 0.0 0.0 0.0 0.0 0.0 0.0 0.0 0.0 0.0 0.0 0.0 0.0 0.0 0.0 0.0 0.0 0.0 0.0 0.0 0.0 0.0 0.0 0.0 0.0 0.0 0.0 0.0 0.0 0.0 0.0 0.0 0.0 0.0 0.0 0.0 0.0 0.0 0.0 0.0 0.0 0.0 0.0 0.0 0.0 0.0 0.0 0.0 0.0 0.0 0.0 0.0 0.0
0.008309316209 0.008329356715 0.008287764348 0.573575292713 0.008312441608 0.008309761339 0.008311523615 0.008305237448 0.008326139294 0.00829070166 0.00829650007 0.008306871031 0.008297145442 0.008305977166 0.008302739542 0.008315481784 0.008322257194 0.008322782176 0.008316978891 0.008318370451 0.00830070312 0.008317233106 0.008322370433 0.008313406254 0.008317946337 0.008329350356 0.008327557868 0.008325543123 0.008300359106 0.008272052067 0.0 0.0 0.0 0.0 0.0 0.0 0.0 0.0 0.0 0.0 0.0 0.0 0.0 0.0 0.0 0.0 0.0 0.0 0.0 0.0 0.0 0.0 0.0 0.0 0.0 0.0 0.0 0.0 0.0 0.0 0.0 0.0 0.0 0.0 0.0 0.0 0.0 0.0 0.0 0.0 0.0 0.0 0.0 0.0 0.0 0.0 0.0 0.0 0.0 0.0 0.0 0.0 0.0 0.0 0.0 0.0 0.0 0.0 0.0 0.0 0.0 0.0 0.0 0.0 0.0 0.0 0.0 0.0 0.0 0.0 0.0 0.0 0.0 0.0 0.0 0.0 0.0 0.0 0.0 0.0 0.0 0.0 0.0 0.0 0.0 0.0 0.0
0.008315128121 0.007781648247 0.008061544501 0.008312441608 1.62279700672 0.008644580768 0.008762191761 0.007923355905 0.008339312851 0.007824463563 0.008402814047 0.008961886159 0.008932979588 0.008708349102 0.008663340581 0.008150001777 0.008434117069 0.008625020796 0.008679419351 0.008385272694 0.008733417346 0.008715944608 0.008282832152 0.008130220482 0.007852253628 0.00822335889 0.008293761666 0.008312813644 0.008032093606 0.007620979793 0.0 0.0 0.0 0.0 0.0 0.0 0.0 0.0 0.0 0.0 0.0 0.0 0.0 0.0 0.0 0.0 0.0 0.0 0.0 0.0 0.0 0.0 0.0 0.0 0.0 0.0 0.0 0.0 0.0 0.0 0.0 0.0 0.0 0.0 0.0 0.0 0.0 0.0 0.0 0.0 0.0 0.0 0.0 0.0 0.0 0.0 0.0 0.0 0.0 0.0 0.0 0.0 0.0 0.0 0.0 0.0 0.0 0.0 0.0 0.0 0.0 0.0 0.0 0.0 0.0 0.0 0.0 0.0 0.0 0.0 0.0 0.0 0.0 0.0 0.0 0.0 0.0 0.0 0.0 0.0 0.0 0.0 0.0 0.0 0.0 0.0 0.0
0.008309567666 0.007703542565 0.008030614171 0.008309761339 0.008644580768 0.908146086145 0.008842766863 0.007851387748 0.008336257505 0.007752067906 0.008431559026 0.00905766325 0.009065312105 0.008782069955 0.008737426719 0.008124809153 0.008432663407 0.008668270728 0.008720886303 0.008398308761 0.008823473049 0.008771458071 0.008271173092 0.008099651224 0.007767748942 0.008205860872 0.008274107178 0.008293473292 0.007985866495 0.007530789964 0.0 0.0 0.0 0.0 0.0 0.0 0.0 0.0 0.0 0.0 0.0 0.0 0.0 0.0 0.0 0.0 0.0 0.0 0.0 0.0 0.0 0.0 0.0 0.0 0.0 0.0 0.0 0.0 0.0 0.0 0.0 0.0 0.0 0.0 0.0 0.0 0.0 0.0 0.0 0.0 0.0 0.0 0.0 0.0 0.0 0.0 0.0 0.0 0.0 0.0 0.0 0.0 0.0 0.0 0.0 0.0 0.0 0.0 0.0 0.0 0.0 0.0 0.0 0.0 0.0 0.0 0.0 0.0 0.0 0.0 0.0 0.0 0.0 0.0 0.0 0.0 0.0 0.0 0.0 0.0 0.0 0.0 0.0 0.0 0.0 0.0 0.0
0.008320990913 0.007566044443 0.007919382562 0.008311523615 0.008762191761 0.008842766863 0.26653697021 0.007724540694 0.008356069944 0.007585381005 0.008426815765 0.009367377169 0.009356233042 0.008937646453 0.008858595482 0.008081536032 0.008494525048 0.008822402049 0.008885499839 0.008425577866 0.008985804871 0.008949695131 0.008267449454 0.008037188104 0.007642858731 0.008188319171 0.008293813904 0.008303130869 0.007881710547 0.007297386851 0.0 0.0 0.0 0.0 0.0 0.0 0.0 0.0 0.0 0.0 0.0 0.0 0.0 0.0 0.0 0.0 0.0 0.0 0.0 0.0 0.0 0.0 0.0 0.0 0.0 0.0 0.0 0.0 0.0 0.0 0.0 0.0 0.0 0.0 0.0 0.0 0.0 0.0 0.0 0.0 0.0 0.0 0.0 0.0 0.0 0.0 0.0 0.0 0.0 0.0 0.0 0.0 0.0 0.0 0.0 0.0 0.0 0.0 0.0 0.0 0.0 0.0 0.0 0.0 0.0 0.0 0.0 0.0 0.0 0.0 0.0 0.0 0.0 0.0 0.0 0.0 0.0 0.0 0.0 0.0 0.0 0.0 0.0 0.0 0.0 0.0 0.0
0.008298825133 0.009153061365 0.008603622846 0.008305237448 0.007923355905 0.007851387748 0.007724540694 0.151301960241 0.008287936921 0.009102399828 0.008122792294 0.007534278314 0.007500758641 0.007784513272 0.00782153097 0.008506980206 0.008157455319 0.007908468691 0.007853228592 0.008168563113 0.007741086159 0.00779858324 0.008363525983 0.008580107874 0.009070339117 0.00845321524 0.008353275654 0.008355015216 0.008764722506 0.009458668066 0.0 0.0 0.0 0.0 0.0 0.0 0.0 0.0 0.0 0.0 0.0 0.0 0.0 0.0 0.0 0.0 0.0 0.0 0.0 0.0 0.0 0.0 0.0 0.0 0.0 0.0 0.0 0.0 0.0 0.0 0.0 0.0 0.0 0.0 0.0 0.0 0.0 0.0 0.0 0.0 0.0 0.0 0.0 0.0 0.0 0.0 0.0 0.0 0.0 0.0 0.0 0.0 0.0 0.0 0.0 0.0 0.0 0.0 0.0 0.0 0.0 0.0 0.0 0.0 0.0 0.0 0.0 0.0 0.0 0.0 0.0 0.0 0.0 0.0 0.0 0.0 0.0 0.0 0.0 0.0 0.0 0.0 0.0 0.0 0.0 0.0 0.0
0.008305411929 0.008302925111 0.008242366029 0.008326139294 0.008339312851 0.008336257505 0.008356069944 0.008287936921 0.224760179493 0.008254500139 0.008275782084 0.008377453593 0.008343948753 0.008337412468 0.008324581449 0.00829629505 0.008340504776 0.008364076624 0.008357867784 0.008321104379 0.008329528313 0.008359626357 0.008334096885 0.008308998682 0.008286413524 0.008340701134 0.008342262411 0.00834734882 0.008288761358 0.008210918254 0.0 0.0 0.0 0.0 0.0 0.0 0.0 0.0 0.0 0.0 0.0 0.0 0.0 0.0 0.0 0.0 0.0 0.0 0.0 0.0 0.0 0.0 0.0 0.0 0.0 0.0 0.0 0.0 0.0 0.0 0.0 0.0 0.0 0.0 0.0 0.0 0.0 0.0 0.0 0.0 0.0 0.0 0.0 0.0 0.0 0.0 0.0 0.0 0.0 0.0 0.0 0.0 0.0 0.0 0.0 0.0 0.0 0.0 0.0 0.0 0.0 0.0 0.0 0.0 0.0 0.0 0.0 0.0 0.0 0.0 0.0 0.0 0.0 0.0 0.0 0.0 0.0 0.0 0.0 0.0 0.0 0.0 0.0 0.0 0.0 0.0 0.0
0.008296241073 0.009297279839 0.008715846092 0.00829070166 0.007824463563 0.007752067906 0.007585381005 0.009102399828 0.008254500139 0.123527721071 0.0081104521 0.007336523469 0.007331331469 0.007670259033 0.007726046667 0.008542828495 0.008095087814 0.007788916286 0.00772698301 0.008124638465 0.007627105081 0.007664141012 0.008353738346 0.008635522567 0.009213380391 0.008453989994 0.008328390739 0.008338985298 0.008888601911 0.009881181517 0.0 0.0 0.0 0.0 0.0 0.0 0.0 0.0 0.0 0.0 0.0 0.0 0.0 0.0 0.0 0.0 0.0 0.0 0.0 0.0 0.0 0.0 0.0 0.0 0.0 0.0 0.0 0.0 0.0 0.0 0.0 0.0 0.0 0.0 0.0 0.0 0.0 0.0 0.0 0.0 0.0 0.0 0.0 0.0 0.0 0.0 0.0 0.0 0.0 0.0 0.0 0.0 0.0 0.0 0.0 0.0 0.0 0.0 0.0 0.0 0.0 0.0 0.0 0.0 0.0 0.0 0.0 0.0 0.0 0.0 0.0 0.0 0.0 0.0 0.0 0.0 0.0 0.0 0.0 0.0 0.0 0.0 0.0 0.0 0.0 0.0 0.0
0.008317894787 0.008024051329 0.008291387373 0.00829650007 0.008402814047 0.008431559026 0.008426815765 0.008122792294 0.008275782084 0.0081104521 0.264223421825 0.008472407017 0.008522966806 0.008450170975 0.008457166564 0.008251197305 0.008325284658 0.008358235223 0.008393903552 0.008351473425 0.008475097767 0.008409894021 0.008263685975 0.008217606738 0.008077381607 0.008221854841 0.008251710945 0.008253157026 0.008184418846 0.008038697298 0.0 0.0 0.0 0.0 0.0 0.0 0.0 0.0 0.0 0.0 0.0 0.0 0.0 0.0 0.0 0.0 0.0 0.0 0.0 0.0 0.0 0.0 0.0 0.0 0.0 0.0 0.0 0.0 0.0 0.0 0.0 0.0 0.0 0.0 0.0 0.0 0.0 0.0 0.0 0.0 0.0 0.0 0.0 0.0 0.0 0.0 0.0 0.0 0.0 0.0 0.0 0.0 0.0 0.0 0.0 0.0 0.0 0.0 0.0 0.0 0.0 0.0 0.0 0.0 0.0 0.0 0.0 0.0 0.0 0.0 0.0 0.0 0.0 0.0 0.0 0.0 0.0 0.0 0.0 0.0 0.0 0.0 0.0 0.0 0.0 0.0 0.0
0.008336301471 0.007196390133 0.007768900475 0.008306871031 0.008961886159 0.00905766325 0.009367377169 0.007534278314 0.008377453593 0.007336523469 0.008472407017 2.07803326577 0.009929934249 0.009215108151 0.009086732378 0.007950043574 0.008604513308 0.009020061115 0.009165074327 0.008435257039 0.009308083956 0.009238836473 0.008244959973 0.007927672479 0.0073924197 0.008114358286 0.008314562294 0.008330420507 0.007749546768 0.006945960994 0.0 0.0 0.0 0.0 0.0 0.0 0.0 0.0 0.0 0.0 0.0 0.0 0.0 0.0 0.0 0.0 0.0 0.0 0.0 0.0 0.0 0.0 0.0 0.0 0.0 0.0 0.0 0.0 0.0 0.0 0.0 0.0 0.0 0.0 0.0 0.0 0.0 0.0 0.0 0.0 0.0 0.0 0.0 0.0 0.0 0.0 0.0 0.0 0.0 0.0 0.0 0.0 0.0 0.0 0.0 0.0 0.0 0.0 0.0 0.0 0.0 0.0 0.0 0.0 0.0 0.0 0.0 0.0 0.0 0.0 0.0 0.0 0.0 0.0 0.0 0.0 0.0 0.0 0.0 0.0 0.0 0.0 0.0 0.0 0.0 0.0 0.0
0.008329512706 0.00722541694 0.007804929471 0.008297145442 0.008932979588 0.009065312105 0.009356233042 0.007500758641 0.008343948753 0.007331331469 0.008522966806 0.009929934249 1.06378964941 0.009213290225 0.009110241482 0.007974723458 0.008554715356 0.008992099737 0.009102524085 0.008451523236 0.009324396841 0.00918938503 0.008223682803 0.007919343893 0.007374866925 0.008102160351 0.008262906403 0.008273184999 0.007726825196 0.00696798872 0.0 0.0 0.0 0.0 0.0 0.0 0.0 0.0 0.0 0.0 0.0 0.0 0.0 0.0 0.0 0.0 0.0 0.0 0.0 0.0 0.0 0.0 0.0 0.0 0.0 0.0 0.0 0.0 0.0 0.0 0.0 0.0 0.0 0.0 0.0 0.0 0.0 0.0 0.0 0.0 0.0 0.0 0.0 0.0 0.0 0.0 0.0 0.0 0.0 0.0 0.0 0.0 0.0 0.0 0.0 0.0 0.0 0.0 0.0 0.0 0.0 0.0 0.0 0.0 0.0 0.0 0.0 0.0 0.0 0.0 0.0 0.0 0.0 0.0 0.0 0.0 0.0 0.0 0.0 0.0 0.0 0.0 0.0 0.0 0.0 0.0 0.0
0.008309761581 0.007596695828 0.007985780646 0.008305977166 0.008708349102 0.008782069955 0.008937646453 0.007784513272 0.008337412468 0.007670259033 0.008450170975 0.009215108151 0.009213290225 0.307936857278 0.008816633674 0.008085612704 0.008455708046 0.008726296722 0.008799026898 0.008403576632 0.008921004544 0.008855697387 0.008261999577 0.008065236137 0.007682995018 0.008182103468 0.008267783427 0.008294045117 0.007940868609 0.007416975715 0.0 0.0 0.0 0.0 0.0 0.0 0.0 0.0 0.0 0.0 0.0 0.0 0.0 0.0 0.0 0.0 0.0 0.0 0.0 0.0 0.0 0.0 0.0 0.0 0.0 0.0 0.0 0.0 0.0 0.0 0.0 0.0 0.0 0.0 0.0 0.0 0.0 0.0 0.0 0.0 0.0 0.0 0.0 0.0 0.0 0.0 0.0 0.0 0.0 0.0 0.0 0.0 0.0 0.0 0.0 0.0 0.0 0.0 0.0 0.0 0.0 0.0 0.0 0.0 0.0 0.0 0.0 0.0 0.0 0.0 0.0 0.0 0.0 0.0 0.0 0.0 0.0 0.0 0.0 0.0 0.0 0.0 0.0 0.0 0.0 0.0 0.0
0.008300951036 0.007637316951 0.008028114697 0.008302739542 0.008663340581 0.008737426719 0.008858595482 0.00782153097 0.008324581449 0.007726046667 0.008457166564 0.009086732378 0.009110241482 0.008816633674 0.265710953522 0.008096106891 0.00842454567 0.008666977319 0.008733299647 0.008390528591 0.008869269632 0.008785232985 0.008259461084 0.008085856685 0.007715793286 0.008183691482 0.008256092324 0.008283401345 0.007977014695 0.007500198637 0.0 0.0 0.0 0.0 0.0 0.0 0.0 0.0 0.0 0.0 0.0 0.0 0.0 0.0 0.0 0.0 0.0 0.0 0.0 0.0 0.0 0.0 0.0 0.0 0.0 0.0 0.0 0.0 0.0 0.0 0.0 0.0 0.0 0.0 0.0 0.0 0.0 0.0 0.0 0.0 0.0 0.0 0.0 0.0 0.0 0.0 0.0 0.0 0.0 0.0 0.0 0.0 0.0 0.0 0.0 0.0 0.0 0.0 0.0 0.0 0.0 0.0 0.0 0.0 0.0 0.0 0.0 0.0 0.0 0.0 0.0 0.0 0.0 0.0 0.0 0.0 0.0 0.0 0.0 0.0 0.0 0.0 0.0 0.0 0.0 0.0 0.0
0.008327834431 0.008684367025 0.008438076478 0.008315481784 0.008150001777 0.008124809153 0.008081536032 0.008506980206 0.00829629505 0.008542828495 0.008251197305 0.007950043574 0.007974723458 0.008085612704 0.008096106891 0.144562819213 0.008263160351 0.008163598728 0.008118447017 0.008298526764 0.008062201089 0.008101992494 0.008328403303 0.008403699457 0.008624198915 0.008376982702 0.008339891103 0.008299339048 0.008418793048 0.008623085958 0.0 0.0 0.0 0.0 0.0 0.0 0.0 0.0 0.0 0.0 0.0 0.0 0.0 0.0 0.0 0.0 0.0 0.0 0.0 0.0 0.0 0.0 0.0 0.0 0.0 0.0 0.0 0.0 0.0 0.0 0.0 0.0 0.0 0.0 0.0 0.0 0.0 0.0 0.0 0.0 0.0 0.0 0.0 0.0 0.0 0.0 0.0 0.0 0.0 0.0 0.0 0.0 0.0 0.0 0.0 0.0 0.0 0.0 0.0 0.0 0.0 0.0 0.0 0.0 0.0 0.0 0.0 0.0 0.0 0.0 0.0 0.0 0.0 0.0 0.0 0.0 0.0 0.0 0.0 0.0 0.0 0.0 0.0 0.0 0.0 0.0 0.0
0.008325941595 0.008123300449 0.008190543593 0.008322257194 0.008434117069 0.008432663407 0.008494525048 0.008157455319 0.008340504776 0.008095087814 0.008325284658 0.008604513308 0.008554715356 0.008455708046 0.00842454567 0.008263160351 0.195194758826 0.008453425071 0.008477308545 0.008352386874 0.008458555566 0.008486274557 0.008311780193 0.008239351286 0.008156567867 0.008292115007 0.008345680887 0.008331243943 0.008184114831 0.007982587444 0.0 0.0 0.0 0.0 0.0 0.0 0.0 0.0 0.0 0.0 0.0 0.0 0.0 0.0 0.0 0.0 0.0 0.0 0.0 0.0 0.0 0.0 0.0 0.0 0.0 0.0 0.0 0.0 0.0 0.0 0.0 0.0 0.0 0.0 0.0 0.0 0.0 0.0 0.0 0.0 0.0 0.0 0.0 0.0 0.0 0.0 0.0 0.0 0.0 0.0 0.0 0.0 0.0 0.0 0.0 0.0 0.0 0.0 0.0 0.0 0.0 0.0 0.0 0.0 0.0 0.0 0.0 0.0 0.0 0.0 0.0 0.0 0.0 0.0 0.0 0.0 0.0 0.0 0.0 0.0 0.0 0.0 0.0 0.0 0.0 0.0 0.0
0.008316151843 0.007832619666 0.008009763381 0.008322782176 0.008625020796 0.008668270728 0.008822402049 0.007908468691 0.008364076624 0.007788916286 0.008358235223 0.009020061115 0.008992099737 0.008726296722 0.008666977319 0.008163598728 0.008453425071 0.223587866487 0.008717031663 0.008399367319 0.008749231264 0.008758360836 0.00829904403 0.008128508986 0.007866292769 0.008255237664 0.008323605957 0.008327650813 0.008004867825 0.007561883916 0.0 0.0 0.0 0.0 0.0 0.0 0.0 0.0 0.0 0.0 0.0 0.0 0.0 0.0 0.0 0.0 0.0 0.0 0.0 0.0 0.0 0.0 0.0 0.0 0.0 0.0 0.0 0.0 0.0 0.0 0.0 0.0 0.0 0.0 0.0 0.0 0.0 0.0 0.0 0.0 0.0 0.0 0.0 0.0 0.0 0.0 0.0 0.0 0.0 0.0 0.0 0.0 0.0 0.0 0.0 0.0 0.0 0.0 0.0 0.0 0.0 0.0 0.0 0.0 0.0 0.0 0.0 0.0 0.0 0.0 0.0 0.0 0.0 0.0 0.0 0.0 0.0 0.0 0.0 0.0 0.0 0.0 0.0 0.0 0.0 0.0 0.0
0.008322318524 0.007697814136 0.007988269577 0.008316978891 0.008679419351 0.008720886303 0.008885499839 0.007853228592 0.008357867784 0.00772698301 0.008393903552 0.009165074327 0.009102524085 0.008799026898 0.008733299647 0.008118447017 0.008477308545 0.008717031663 0.330804668664 0.008396750319 0.008831581514 0.008828118988 0.008283642826 0.00809532896 0.007782301335 0.008216692554 0.008320676643 0.008325407764 0.007975023263 0.007478912124 0.0 0.0 0.0 0.0 0.0 0.0 0.0 0.0 0.0 0.0 0.0 0.0 0.0 0.0 0.0 0.0 0.0 0.0 0.0 0.0 0.0 0.0 0.0 0.0 0.0 0.0 0.0 0.0 0.0 0.0 0.0 0.0 0.0 0.0 0.0 0.0 0.0 0.0 0.0 0.0 0.0 0.0 0.0 0.0 0.0 0.0 0.0 0.0 0.0 0.0 0.0 0.0 0.0 0.0 0.0 0.0 0.0 0.0 0.0 0.0 0.0 0.0 0.0 0.0 0.0 0.0 0.0 0.0 0.0 0.0 0.0 0.0 0.0 0.0 0.0 0.0 0.0 0.0 0.0 0.0 0.0 0.0 0.0 0.0 0.0 0.0 0.0
0.008321028651 0.008179993012 0.008241830916 0.008318370451 0.008385272694 0.008398308761 0.008425577866 0.008168563113 0.008321104379 0.008124638465 0.008351473425 0.008435257039 0.008451523236 0.008403576632 0.008390528591 0.008298526764 0.008352386874 0.008399367319 0.008396750319 0.277109839818 0.008403991527 0.008410346124 0.008304376678 0.008249928509 0.008178730117 0.008293066295 0.008311261839 0.008298354619 0.008189904126 0.008024811152 0.0 0.0 0.0 0.0 0.0 0.0 0.0 0.0 0.0 0.0 0.0 0.0 0.0 0.0 0.0 0.0 0.0 0.0 0.0 0.0 0.0 0.0 0.0 0.0 0.0 0.0 0.0 0.0 0.0 0.0 0.0 0.0 0.0 0.0 0.0 0.0 0.0 0.0 0.0 0.0 0.0 0.0 0.0 0.0 0.0 0.0 0.0 0.0 0.0 0.0 0.0 0.0 0.0 0.0 0.0 0.0 0.0 0.0 0.0 0.0 0.0 0.0 0.0 0.0 0.0 0.0 0.0 0.0 0.0 0.0 0.0 0.0 0.0 0.0 0.0 0.0 0.0 0.0 0.0 0.0 0.0 0.0 0.0 0.0 0.0 0.0 0.0
0.008307864776 0.007527473314 0.007972535617 0.00830070312 0.008733417346 0.008823473049 0.008985804871 0.007741086159 0.008329528313 0.007627105081 0.008475097767 0.009308083956 0.009324396841 0.008921004544 0.008869269632 0.008062201089 0.008458555566 0.008749231264 0.008831581514 0.008403991527 1.02688270491 0.008892735066 0.00824968973 0.00804284391 0.007629155371 0.008160487354 0.008259068089 0.008281969138 0.007914883224 0.007366131578 0.0 0.0 0.0 0.0 0.0 0.0 0.0 0.0 0.0 0.0 0.0 0.0 0.0 0.0 0.0 0.0 0.0 0.0 0.0 0.0 0.0 0.0 0.0 0.0 0.0 0.0 0.0 0.0 0.0 0.0 0.0 0.0 0.0 0.0 0.0 0.0 0.0 0.0 0.0 0.0 0.0 0.0 0.0 0.0 0.0 0.0 0.0 0.0 0.0 0.0 0.0 0.0 0.0 0.0 0.0 0.0 0.0 0.0 0.0 0.0 0.0 0.0 0.0 0.0 0.0 0.0 0.0 0.0 0.0 0.0 0.0 0.0 0.0 0.0 0.0 0.0 0.0 0.0 0.0 0.0 0.0 0.0 0.0 0.0 0.0 0.0 0.0
0.008321275211 0.007638422921 0.007957717312 0.008317233106 0.008715944608 0.008771458071 0.008949695131 0.00779858324 0.008359626357 0.007664141012 0.008409894021 0.009238836473 0.00918938503 0.008855697387 0.008785232985 0.008101992494 0.008486274557 0.008758360836 0.008828118988 0.008410346124 0.008892735066 0.336439120046 0.00827839259 0.008071620034 0.007723039665 0.008206507267 0.008310663551 0.008318778377 0.007935385719 0.007393410202 0.0 0.0 0.0 0.0 0.0 0.0 0.0 0.0 0.0 0.0 0.0 0.0 0.0 0.0 0.0 0.0 0.0 0.0 0.0 0.0 0.0 0.0 0.0 0.0 0.0 0.0 0.0 0.0 0.0 0.0 0.0 0.0 0.0 0.0 0.0 0.0 0.0 0.0 0.0 0.0 0.0 0.0 0.0 0.0 0.0 0.0 0.0 0.0 0.0 0.0 0.0 0.0 0.0 0.0 0.0 0.0 0.0 0.0 0.0 0.0 0.0 0.0 0.0 0.0 0.0 0.0 0.0 0.0 0.0 0.0 0.0 0.0 0.0 0.0 0.0 0.0 0.0 0.0 0.0 0.0 0.0 0.0 0.0 0.0 0.0 0.0 0.0
0.008304516856 0.008401592803 0.008298737246 0.008322370433 0.008282832152 0.008271173092 0.008267449454 0.008363525983 0.008334096885 0.008353738346 0.008263685975 0.008244959973 0.008223682803 0.008261999577 0.008259461084 0.008328403303 0.008311780193 0.00829904403 0.008283642826 0.008304376678 0.00824968973 0.00827839259 0.248196813555 0.008343432972 0.008375316073 0.0083526821 0.008335887129 0.008341105727 0.008345233192 0.008356903518 0.0 0.0 0.0 0.0 0.0 0.0 0.0 0.0 0.0 0.0 0.0 0.0 0.0 0.0 0.0 0.0 0.0 0.0 0.0 0.0 0.0 0.0 0.0 0.0 0.0 0.0 0.0 0.0 0.0 0.0 0.0 0.0 0.0 0.0 0.0 0.0 0.0 0.0 0.0 0.0 0.0 0.0 0.0 0.0 0.0 0.0 0.0 0.0 0.0 0.0 0.0 0.0 0.0 0.0 0.0 0.0 0.0 0.0 0.0 0.0 0.0 0.0 0.0 0.0 0.0 0.0 0.0 0.0 0.0 0.0 0.0 0.0 0.0 0.0 0.0 0.0 0.0 0.0 0.0 0.0 0.0 0.0 0.0 0.0 0.0 0.0 0.0
0.008301208518 0.008676293791 0.008437669761 0.008313406254 0.008130220482 0.008099651224 0.008037188104 0.008580107874 0.008308998682 0.008635522567 0.008217606738 0.007927672479 0.007919343893 0.008065236137 0.008085856685 0.008403699457 0.008239351286 0.008128508986 0.00809532896 0.008249928509 0.00804284391 0.008071620034 0.008343432972 0.199622116067 0.008622527758 0.008388277954 0.008333458382 0.008334640052 0.008510939901 0.008767756615 0.0 0.0 0.0 0.0 0.0 0.0 0.0 0.0 0.0 0.0 0.0 0.0 0.0 0.0 0.0 0.0 0.0 0.0 0.0 0.0 0.0 0.0 0.0 0.0 0.0 0.0 0.0 0.0 0.0 0.0 0.0 0.0 0.0 0.0 0.0 0.0 0.0 0.0 0.0 0.0 0.0 0.0 0.0 0.0 0.0 0.0 0.0 0.0 0.0 0.0 0.0 0.0 0.0 0.0 0.0 0.0 0.0 0.0 0.0 0.0 0.0 0.0 0.0 0.0 0.0 0.0 0.0 0.0 0.0 0.0 0.0 0.0 0.0 0.0 0.0 0.0 0.0 0.0 0.0 0.0 0.0 0.0 0.0 0.0 0.0 0.0 0.0
0.008318072991 0.009488524388 0.008642022782 0.008317946337 0.007852253628 0.007767748942 0.007642858731 0.009070339117 0.008286413524 0.009213380391 0.008077381607 0.0073924197 0.007374866925 0.007682995018 0.007715793286 0.008624198915 0.008156567867 0.007866292769 0.007782301335 0.008178730117 0.007629155371 0.007723039665 0.008375316073 0.008622527758 0.300924840205 0.008511744077 0.008412325334 0.008350238189 0.008781156107 0.009603109798 0.0 0.0 0.0 0.0 0.0 0.0 0.0 0.0 0.0 0.0 0.0 0.0 0.0 0.0 0.0 0.0 0.0 0.0 0.0 0.0 0.0 0.0 0.0 0.0 0.0 0.0 0.0 0.0 0.0 0.0 0.0 0.0 0.0 0.0 0.0 0.0 0.0 0.0 0.0 0.0 0.0 0.0 0.0 0.0 0.0 0.0 0.0 0.0 0.0 0.0 0.0 0.0 0.0 0.0 0.0 0.0 0.0 0.0 0.0 0.0 0.0 0.0 0.0 0.0 0.0 0.0 0.0 0.0 0.0 0.0 0.0 0.0 0.0 0.0 0.0 0.0 0.0 0.0 0.0 0.0 0.0 0.0 0.0 0.0 0.0 0.0 0.0
0.008302261307 0.008578703441 0.008326354536 0.008329350356 0.00822335889 0.008205860872 0.008188319171 0.00845321524 0.008340701134 0.008453989994 0.008221854841 0.008114358286 0.008102160351 0.008182103468 0.008183691482 0.008376982702 0.008292115007 0.008255237664 0.008216692554 0.008293066295 0.008160487354 0.008206507267 0.0083526821 0.008388277954 0.008511744077 0.193890387728 0.008352289606 0.008351086878 0.008397366436 0.008494659405 0.0 0.0 0.0 0.0 0.0 0.0 0.0 0.0 0.0 0.0 0.0 0.0 0.0 0.0 0.0 0.0 0.0 0.0 0.0 0.0 0.0 0.0 0.0 0.0 0.0 0.0 0.0 0.0 0.0 0.0 0.0 0.0 0.0 0.0 0.0 0.0 0.0 0.0 0.0 0.0 0.0 0.0 0.0 0.0 0.0 0.0 0.0 0.0 0.0 0.0 0.0 0.0 0.0 0.0 0.0 0.0 0.0 0.0 0.0 0.0 0.0 0.0 0.0 0.0 0.0 0.0 0.0 0.0 0.0 0.0 0.0 0.0 0.0 0.0 0.0 0.0 0.0 0.0 0.0 0.0 0.0 0.0 0.0 0.0 0.0 0.0 0.0
0.008322381537 0.00842541727 0.008276730352 0.008327557868 0.008293761666 0.008274107178 0.008293813904 0.008353275654 0.008342262411 0.008328390739 0.008251710945 0.008314562294 0.008262906403 0.008267783427 0.008256092324 0.008339891103 0.008345680887 0.008323605957 0.008320676643 0.008311261839 0.008259068089 0.008310663551 0.008335887129 0.008333458382 0.008412325334 0.008352289606 0.239229685152 0.008347397465 0.008318842933 0.008307023956 0.0 0.0 0.0 0.0 0.0 0.0 0.0 0.0 0.0 0.0 0.0 0.0 0.0 0.0 0.0 0.0 0.0 0.0 0.0 0.0 0.0 0.0 0.0 0.0 0.0 0.0 0.0 0.0 0.0 0.0 0.0 0.0 0.0 0.0 0.0 0.0 0.0 0.0 0.0 0.0 0.0 0.0 0.0 0.0 0.0 0.0 0.0 0.0 0.0 0.0 0.0 0.0 0.0 0.0 0.0 0.0 0.0 0.0 0.0 0.0 0.0 0.0 0.0 0.0 0.0 0.0 0.0 0.0 0.0 0.0 0.0 0.0 0.0 0.0 0.0 0.0 0.0 0.0 0.0 0.0 0.0 0.0 0.0 0.0 0.0 0.0 0.0
0.008301807139 0.00835468735 0.00826715203 0.008325543123 0.008312813644 0.008293473292 0.008303130869 0.008355015216 0.00834734882 0.008338985298 0.008253157026 0.008330420507 0.008273184999 0.008294045117 0.008283401345 0.008299339048 0.008331243943 0.008327650813 0.008325407764 0.008298354619 0.008281969138 0.008318778377 0.008341105727 0.008334640052 0.008350238189 0.008351086878 0.008347397465 0.268055201452 0.008343014145 0.008346804572 0.0 0.0 0.0 0.0 0.0 0.0 0.0 0.0 0.0 0.0 0.0 0.0 0.0 0.0 0.0 0.0 0.0 0.0 0.0 0.0 0.0 0.0 0.0 0.0 0.0 0.0 0.0 0.0 0.0 0.0 0.0 0.0 0.0 0.0 0.0 0.0 0.0 0.0 0.0 0.0 0.0 0.0 0.0 0.0 0.0 0.0 0.0 0.0 0.0 0.0 0.0 0.0 0.0 0.0 0.0 0.0 0.0 0.0 0.0 0.0 0.0 0.0 0.0 0.0 0.0 0.0 0.0 0.0 0.0 0.0 0.0 0.0 0.0 0.0 0.0 0.0 0.0 0.0 0.0 0.0 0.0 0.0 0.0 0.0 0.0 0.0 0.0
0.008292703651 0.008824565473 0.008534661486 0.008300359106 0.008032093606 0.007985866495 0.007881710547 0.008764722506 0.008288761358 0.008888601911 0.008184418846 0.007749546768 0.007726825196 0.007940868609 0.007977014695 0.008418793048 0.008184114831 0.008004867825 0.007975023263 0.008189904126 0.007914883224 0.007935385719 0.008345233192 0.008510939901 0.008781156107 0.008397366436 0.008318842933 0.008343014145 0.206283336908 0.009178046015 0.0 0.0 0.0 0.0 0.0 0.0 0.0 0.0 0.0 0.0 0.0 0.0 0.0 0.0 0.0 0.0 0.0 0.0 0.0 0.0 0.0 0.0 0.0 0.0 0.0 0.0 0.0 0.0 0.0 0.0 0.0 0.0 0.0 0.0 0.0 0.0 0.0 0.0 0.0 0.0 0.0 0.0 0.0 0.0 0.0 0.0 0.0 0.0 0.0 0.0 0.0 0.0 0.0 0.0 0.0 0.0 0.0 0.0 0.0 0.0 0.0 0.0 0.0 0.0 0.0 0.0 0.0 0.0 0.0 0.0 0.0 0.0 0.0 0.0 0.0 0.0 0.0 0.0 0.0 0.0 0.0 0.0 0.0 0.0 0.0 0.0 0.0
0.008290720058 0.009695248448 0.008914580664 0.008272052067 0.007620979793 0.007530789964 0.007297386851 0.009458668066 0.008210918254 0.009881181517 0.008038697298 0.006945960994 0.00696798872 0.007416975715 0.007500198637 0.008623085958 0.007982587444 0.007561883916 0.007478912124 0.008024811152 0.007366131578 0.007393410202 0.008356903518 0.008767756615 0.009603109798 0.008494659405 0.008307023956 0.008346804572 0.009178046015 0.521261000909 0.0 0.0 0.0 0.0 0.0 0.0 0.0 0.0 0.0 0.0 0.0 0.0 0.0 0.0 0.0 0.0 0.0 0.0 0.0 0.0 0.0 0.0 0.0 0.0 0.0 0.0 0.0 0.0 0.0 0.0 0.0 0.0 0.0 0.0 0.0 0.0 0.0 0.0 0.0 0.0 0.0 0.0 0.0 0.0 0.0 0.0 0.0 0.0 0.0 0.0 0.0 0.0 0.0 0.0 0.0 0.0 0.0 0.0 0.0 0.0 0.0 0.0 0.0 0.0 0.0 0.0 0.0 0.0 0.0 0.0 0.0 0.0 0.0 0.0 0.0 0.0 0.0 0.0 0.0 0.0 0.0 0.0 0.0 0.0 0.0 0.0 0.0
0.0 0.0 0.0 0.0 0.0 0.0 0.0 0.0 0.0 0.0 0.0 0.0 0.0 0.0 0.0 0.0 0.0 0.0 0.0 0.0 0.0 0.0 0.0 0.0 0.0 0.0 0.0 0.0 0.0 0.0 0.330419427268 0.00670572061 0.008131702962 0.007669036408 0.006835549701 0.007219309428 0.006822161854 0.006280544225 0.006698001838 0.006794739293 0.006965674119 0.008138196212 0.006193840402 0.007488232369 0.005915243812 0.007345840396 0.007121340213 0.006781478081 0.006758510879 0.006239537695 0.006053270678 0.005865129613 0.006791706964 0.007108979926 0.006166659001 0.006853296057 0.007889473321 0.00757602677 0.006458869418 0.007064743515 0.007168494225 0.007036897881 0.007739484349 0.0 0.0 0.0 0.0 0.0 0.0 0.0 0.0 0.0 0.0 0.0 0.0 0.0 0.0 0.0 0.0 0.0 0.0 0.0 0.0 0.0 0.0 0.0 0.0 0.0 0.0 0.0 0.0 0.0 0.0 0.0 0.0 0.0 0.0 0.0 0.0 0.0 0.0 0.0 0.0 0.0 0.0 0.0 0.0 0.0 0.0 0.0 0.0 0.0 0.0 0.0 0.0 0.0 0.0
0.0 0.0 0.0 0.0 0.0 0.0 0.0 0.0 0.0 0.0 0.0 0.0 0.0 0.0 0.0 0.0 0.0 0.0 0.0 0.0 0.0 0.0 0.0 0.0 0.0 0.0 0.0 0.0 0.0 0.0 0.00670572061 0.51865367363 0.006713546003 0.00671665022 0.006699704274 0.006711678361 0.006707511964 0.006655478866 0.006701296651 0.006694661482 0.006714870623 0.006713357387 0.006650704894 0.006719499662 0.0066361597 0.006710122978 0.00673746111 0.006711576105 0.006705425791 0.006660401763 0.006643736204 0.006623828379 0.006700209255 0.006716479919 0.006647023572 0.006725461115 0.006716468284 0.006719726413 0.006677040972 0.006734240024 0.006716676868 0.006714683256 0.006710694382 0.0 0.0 0.0 0.0 0.0 0.0 0.0 0.0 0.0 0.0 0.0 0.0 0.0 0.0 0.0 0.0 0.0 0.0 0.0 0.0 0.0 0.0 0.0 0.0 0.0 0.0 0.0 0.0 0.0 0.0 0.0 0.0 0.0 0.0 0.0 0.0 0.0 0.0 0.0 0.0 0.0 0.0 0.0 0.0 0.0 0.0 0.0 0.0 0.0 0.0 0.0 0.0 0.0 0.0
0.0 0.0 0.0 0.0 0.0 0.0 0.0 0.0 0.0 0.0 0.0 0.0 0.0 0.0 0.0 0.0 0.0 0.0 0.0 0.0 0.0 0.0 0.0 0.0 0.0 0.0 0.0 0.0 0.0 0.0 0.008131702962 0.006713546003 0.244948681919 0.008330865899 0.007049580875 0.007610162576 0.006933865423 0.006011099854 0.00674613835 0.006870301503 0.007087003628 0.009126984984 0.005861156492 0.007920154493 0.005392009336 0.007741720839 0.007537130057 0.006816471761 0.006777498237 0.005970339455 0.005612434355 0.005321918956 0.00687422506 0.00740924187 0.005815513125 0.006972693468 0.008878245484 0.008200973144 0.006306041337 0.007381625887 0.007516937308 0.007185275284 0.008486644977 0.0 0.0 0.0 0.0 0.0 0.0 0.0 0.0 0.0 0.0 0.0 0.0 0.0 0.0 0.0 0.0 0.0 0.0 0.0 0.0 0.0 0.0 0.0 0.0 0.0 0.0 0.0 0.0 0.0 0.0 0.0 0.0 0.0 0.0 0.0 0.0 0.0 0.0 0.0 0.0 0.0 0.0 0.0 0.0 0.0 0.0 0.0 0.0 0.0 0.0 0.0 0.0 0.0 0.0
0.0 0.0 0.0 0.0 0.0 0.0 0.0 0.0 0.0 0.0 0.0 0.0 0.0 0.0 0.0 0.0 0.0 0.0 0.0 0.0 0.0 0.0 0.0 0.0 0.0 0.0 0.0 0.0 0.0 0.0 0.007669036408 0.00671665022 0.008330865899 0.232592627733 0.006826215681 0.007281387576 0.006837617347 0.00619759933 0.00668271609 0.006796904291 0.007021734174 0.008451920616 0.006093242822 0.007639393715 0.005787566516 0.007453535879 0.007220974415 0.006801819051 0.006772599021 0.006151347406 0.005939016858 0.005716989019 0.006790636147 0.007172376819 0.006064496367 0.006900849025 0.008084890179 0.007738675411 0.006399117576 0.007155904165 0.007239237611 0.007106280558 0.007913897363 0.0 0.0 0.0 0.0 0.0 0.0 0.0 0.0 0.0 0.0 0.0 0.0 0.0 0.0 0.0 0.0 0.0 0.0 0.0 0.0 0.0 0.0 0.0 0.0 0.0 0.0 0.0 0.0 0.0 0.0 0.0 0.0 0.0 0.0 0.0 0.0 0.0 0.0 0.0 0.0 0.0 0.0 0.0 0.0 0.0 0.0 0.0 0.0 0.0 0.0 0.0 0.0 0.0 0.0
0.0 0.0 0.0 0.0 0.0 0.0 0.0 0.0 0.0 0.0 0.0 0.0 0.0 0.0 0.0 0.0 0.0 0.0 0.0 0.0 0.0 0.0 0.0 0.0 0.0 0.0 0.0 0.0 0.0 0.0 0.006835549701 0.006699704274 0.007049580875 0.006826215681 0.394567048744 0.006837545269 0.006867089221 0.006614400218 0.006786864134 0.006733456821 0.00673484538 0.006836458072 0.006588767951 0.006767963555 0.006431053387 0.006785854373 0.006811000971 0.006736303275 0.00670654159 0.006630371084 0.006495909159 0.006433630999 0.006765900688 0.006816395645 0.006574583773 0.00673779904 0.006934391993 0.006830816808 0.00668864907 0.006777619379 0.006818561035 0.00672682641 0.006870655522 0.0 0.0 0.0 0.0 0.0 0.0 0.0 0.0 0.0 0.0 0.0 0.0 0.0 0.0 0.0 0.0 0.0 0.0 0.0 0.0 0.0 0.0 0.0 0.0 0.0 0.0 0.0 0.0 0.0 0.0 0.0 0.0 0.0 0.0 0.0 0.0 0.0 0.0 0.0 0.0 0.0 0.0 0.0 0.0 0.0 0.0 0.0 0.0 0.0 0.0 0.0 0.0 0.0 0.0
0.0 0.0 0.0 0.0 0.0 0.0 0.0 0.0 0.0 0.0 0.0 0.0 0.0 0.0 0.0 0.0 0.0 0.0 0.0 0.0 0.0 0.0 0.0 0.0 0.0 0.0 0.0 0.0 0.0 0.0 0.007219309428 0.006711678361 0.007610162576 0.007281387576 0.006837545269 0.448674214271 0.00680367179 0.006421860808 0.00673030147 0.006780572913 0.006880826216 0.007522748439 0.006362087631 0.007190333317 0.006136058118 0.007122366631 0.006974342634 0.006767423501 0.006746841919 0.006393692434 0.006245308925 0.006111549183 0.006787432001 0.006992063795 0.006334392533 0.006805302784 0.007449486187 0.007246574178 0.006559567912 0.006929657157 0.007022243212 0.006922015461 0.0073484464 0.0 0.0 0.0 0.0 0.0 0.0 0.0 0.0 0.0 0.0 0.0 0.0 0.0 0.0 0.0 0.0 0.0 0.0 0.0 0.0 0.0 0.0 0.0 0.0 0.0 0.0 0.0 0.0 0.0 0.0 0.0 0.0 0.0 0.0 0.0 0.0 0.0 0.0 0.0 0.0 0.0 0.0 0.0 0.0 0.0 0.0 0.0 0.0 0.0 0.0 0.0 0.0 0.0 0.0
0.0 0.0 0.0 0.0 0.0 0.0 0.0 0.0 0.0 0.0 0.0 0.0 0.0 0.0 0.0 0.0 0.0 0.0 0.0 0.0 0.0 0.0 0.0 0.0 0.0 0.0 0.0 0.0 0.0 0.0 0.006822161854 0.006707511964 0.006933865423 0.006837617347 0.006867089221 0.00680367179 0.41574900988 0.006629713249 0.006871997506 0.00670838883 0.006758493902 0.006875876484 0.006608608368 0.006816438796 0.00650636948 0.006797073606 0.006782179504 0.006727701455 0.006711364931 0.006612096442 0.006570294684 0.006491873708 0.006728972349 0.006780656824 0.006559589403 0.00673763021 0.006887448453 0.006833338672 0.006647395425 0.006775288786 0.006790373825 0.006753402801 0.006858700086 0.0 0.0 0.0 0.0 0.0 0.0 0.0 0.0 0.0 0.0 0.0 0.0 0.0 0.0 0.0 0.0 0.0 0.0 0.0 0.0 0.0 0.0 0.0 0.0 0.0 0.0 0.0 0.0 0.0 0.0 0.0 0.0 0.0 0.0 0.0 0.0 0.0 0.0 0.0 0.0 0.0 0.0 0.0 0.0 0.0 0.0 0.0 0.0 0.0 0.0 0.0 0.0 0.0 0.0
0.0 0.0 0.0 0.0 0.0 0.0 0.0 0.0 0.0 0.0 0.0 0.0 0.0 0.0 0.0 0.0 0.0 0.0 0.0 0.0 0.0 0.0 0.0 0.0 0.0 0.0 0.0 0.0 0.0 0.0 0.006280544225 0.006655478866 0.006011099854 0.00619759933 0.006614400218 0.006421860808 0.006629713249 0.459971715037 0.006693586383 0.006645201822 0.006520037376 0.005977404429 0.006992669428 0.006270317638 0.007160394154 0.006355249366 0.006443741552 0.006606482553 0.006635557987 0.006952883521 0.007081082429 0.007217533751 0.006630137394 0.006455682034 0.007007251026 0.006566137032 0.006101117482 0.006232210776 0.006818611702 0.006460456987 0.006431539402 0.006486458541 0.006165872844 0.0 0.0 0.0 0.0 0.0 0.0 0.0 0.0 0.0 0.0 0.0 0.0 0.0 0.0 0.0 0.0 0.0 0.0 0.0 0.0 0.0 0.0 0.0 0.0 0.0 0.0 0.0 0.0 0.0 0.0 0.0 0.0 0.0 0.0 0.0 0.0 0.0 0.0 0.0 0.0 0.0 0.0 0.0 0.0 0.0 0.0 0.0 0.0 0.0 0.0 0.0 0.0 0.0 0.0
0.0 0.0 0.0 0.0 0.0 0.0 0.0 0.0 0.0 0.0 0.0 0.0 0.0 0.0 0.0 0.0 0.0 0.0 0.0 0.0 0.0 0.0 0.0 0.0 0.0 0.0 0.0 0.0 0.0 0.0 0.006698001838 0.006701296651 0.00674613835 0.00668271609 0.006786864134 0.00673030147 0.006871997506 0.006693586383 0.364928938879 0.006708349497 0.006695430612 0.006651402658 0.00669111937 0.006679779993 0.006638915982 0.006697921296 0.006718023388 0.006699076157 0.006696720011 0.006692232918 0.006665115671 0.006653551792 0.006718048352 0.006717791123 0.006671100637 0.006698701266 0.006716448444 0.006692082485 0.006707427946 0.006695693889 0.006718036007 0.006689176087 0.006695645464 0.0 0.0 0.0 0.0 0.0 0.0 0.0 0.0 0.0 0.0 0.0 0.0 0.0 0.0 0.0 0.0 0.0 0.0 0.0 0.0 0.0 0.0 0.0 0.0 0.0 0.0 0.0 0.0 0.0 0.0 0.0 0.0 0.0 0.0 0.0 0.0 0.0 0.0 0.0 0.0 0.0 0.0 0.0 0.0 0.0 0.0 0.0 0.0 0.0 0.0 0.0 0.0 0.0 0.0
0.0 0.0 0.0 0.0 0.0 0.0 0.0 0.0 0.0 0.0 0.0 0.0 0.0 0.0 0.0 0.0 0.0 0.0 0.0 0.0 0.0 0.0 0.0 0.0 0.0 0.0 0.0 0.0 0.0 0.0 0.006794739293 0.006694661482 0.006870301503 0.006796904291 0.006733456821 0.006780572913 0.00670838883 0.006645201822 0.006708349497 0.268422214256 0.00673372995 0.006826740332 0.00662987525 0.006788057003 0.006570154878 0.006778444509 0.006739334329 0.006709032191 0.006704235209 0.006633115912 0.006599483305 0.006571753061 0.006720526729 0.006759612521 0.006621495969 0.006711015922 0.006834849155 0.006795948137 0.006672700818 0.006728973813 0.006764694477 0.006741192071 0.006820035107 0.0 0.0 0.0 0.0 0.0 0.0 0.0 0.0 0.0 0.0 0.0 0.0 0.0 0.0 0.0 0.0 0.0 0.0 0.0 0.0 0.0 0.0 0.0 0.0 0.0 0.0 0.0 0.0 0.0 0.0 0.0 0.0 0.0 0.0 0.0 0.0 0.0 0.0 0.0 0.0 0.0 0.0 0.0 0.0 0.0 0.0 0.0 0.0 0.0 0.0 0.0 0.0 0.0 0.0
0.0 0.0 0.0 0.0 0.0 0.0 0.0 0.0 0.0 0.0 0.0 0.0 0.0 0.0 0.0 0.0 0.0 0.0 0.0 0.0 0.0 0.0 0.0 0.0 0.0 0.0 0.0 0.0 0.0 0.0 0.006965674119 0.006714870623 0.007087003628 0.007021734174 0.00673484538 0.006880826216 0.006758493902 0.006520037376 0.006695430612 0.00673372995 0.367201562454 0.007154194865 0.006477211956 0.007001154426 0.006347878526 0.006929170563 0.006824848049 0.006768061051 0.006738682381 0.006491613785 0.006410080805 0.006297928545 0.006739283028 0.006861159628 0.006464877018 0.006781248621 0.007058069335 0.007002302754 0.006597267071 0.006840373894 0.006872691473 0.006862360883 0.007053718258 0.0 0.0 0.0 0.0 0.0 0.0 0.0 0.0 0.0 0.0 0.0 0.0 0.0 0.0 0.0 0.0 0.0 0.0 0.0 0.0 0.0 0.0 0.0 0.0 0.0 0.0 0.0 0.0 0.0 0.0 0.0 0.0 0.0 0.0 0.0 0.0 0.0 0.0 0.0 0.0 0.0 0.0 0.0 0.0 0.0 0.0 0.0 0.0 0.0 0.0 0.0 0.0 0.0 0.0
0.0 0.0 0.0 0.0 0.0 0.0 0.0 0.0 0.0 0.0 0.0 0.0 0.0 0.0 0.0 0.0 0.0 0.0 0.0 0.0 0.0 0.0 0.0 0.0 0.0 0.0 0.0 0.0 0.0 0.0 0.008138196212 0.006713357387 0.009126984984 0.008451920616 0.006836458072 0.007522748439 0.006875876484 0.005977404429 0.006651402658 0.006826740332 0.007154194865 0.23165320066 0.005833687029 0.00809217686 0.005433391933 0.007811391251 0.007456647557 0.006820899901 0.006795969768 0.00591033056 0.0056344149 0.005339156064 0.006804288802 0.007364976385 0.005797451592 0.006974713836 0.008770015015 0.008257088525 0.006253259448 0.007347697291 0.007473872702 0.007288856087 0.008520004878 0.0 0.0 0.0 0.0 0.0 0.0 0.0 0.0 0.0 0.0 0.0 0.0 0.0 0.0 0.0 0.0 0.0 0.0 0.0 0.0 0.0 0.0 0.0 0.0 0.0 0.0 0.0 0.0 0.0 0.0 0.0 0.0 0.0 0.0 0.0 0.0 0.0 0.0 0.0 0.0 0.0 0.0 0.0 0.0 0.0 0.0 0.0 0.0 0.0 0.0 0.0 0.0 0.0 0.0
0.0 0.0 0.0 0.0 0.0 0.0 0.0 0.0 0.0 0.0 0.0 0.0 0.0 0.0 0.0 0.0 0.0 0.0 0.0 0.0 0.0 0.0 0.0 0.0 0.0 0.0 0.0 0.0 0.0 0.0 0.006193840402 0.006650704894 0.005861156492 0.006093242822 0.006588767951 0.006362087631 0.006608608368 0.006992669428 0.00669111937 0.00662987525 0.006477211956 0.005833687029 0.63625490762 0.006189700754 0.007269415499 0.006291025598 0.006391336103 0.00658105893 0.006625384097 0.00701219771 0.007173736217 0.007337358616 0.006612299927 0.006401463585 0.007079097166 0.006535275584 0.005976149789 0.006136480292 0.006851060795 0.006403021948 0.006374738395 0.006441843004 0.006049311991 0.0 0.0 0.0 0.0 0.0 0.0 0.0 0.0 0.0 0.0 0.0 0.0 0.0 0.0 0.0 0.0 0.0 0.0 0.0 0.0 0.0 0.0 0.0 0.0 0.0 0.0 0.0 0.0 0.0 0.0 0.0 0.0 0.0 0.0 0.0 0.0 0.0 0.0 0.0 0.0 0.0 0.0 0.0 0.0 0.0 0.0 0.0 0.0 0.0 0.0 0.0 0.0 0.0 0.0
0.0 0.0 0.0 0.0 0.0 0.0 0.0 0.0 0.0 0.0 0.0 0.0 0.0 0.0 0.0 0.0 0.0 0.0 0.0 0.0 0.0 0.0 0.0 0.0 0.0 0.0 0.0 0.0 0.0 0.0 0.007488232369 0.006719499662 0.007920154493 0.007639393715 0.006767963555 0.007190333317 0.006816438796 0.006270317638 0.006679779993 0.006788057003 0.007001154426 0.00809217686 0.006189700754 1.29221570841 0.005929100143 0.007360105217 0.007076943136 0.006797431195 0.00677764445 0.006216289553 0.006061516578 0.00586479574 0.006778068519 0.007100585707 0.006158977148 0.006864188346 0.007797965571 0.007559867724 0.006449358683 0.007042658941 0.007148296433 0.007077659171 0.007694979724 0.0 0.0 0.0 0.0 0.0 0.0 0.0 0.0 0.0 0.0 0.0 0.0 0.0 0.0 0.0 0.0 0.0 0.0 0.0 0.0 0.0 0.0 0.0 0.0 0.0 0.0 0.0 0.0 0.0 0.0 0.0 0.0 0.0 0.0 0.0 0.0 0.0 0.0 0.0 0.0 0.0 0.0 0.0 0.0 0.0 0.0 0.0 0.0 0.0 0.0 0.0 0.0 0.0 0.0
0.0 0.0 0.0 0.0 0.0 0.0 0.0 0.0 0.0 0.0 0.0 0.0 0.0 0.0 0.0 0.0 0.0 0.0 0.0 0.0 0.0 0.0 0.0 0.0 0.0 0.0 0.0 0.0 0.0 0.0 0.005915243812 0.0066361597 0.005392009336 0.005787566516 0.006431053387 0.006136058118 0.00650636948 0.007160394154 0.006638915982 0.006570154878 0.006347878526 0.005433391933 0.007269415499 0.005929100143 0.759098007951 0.006064759384 0.006236739385 0.006497419572 0.006579631598 0.007175728456 0.007510393707 0.007810375259 0.006524350187 0.006204806718 0.007303776213 0.006451815012 0.005582429563 0.005842517295 0.00689543483 0.006264074733 0.006171775838 0.006298532959 0.00569814407 0.0 0.0 0.0 0.0 0.0 0.0 0.0 0.0 0.0 0.0 0.0 0.0 0.0 0.0 0.0 0.0 0.0 0.0 0.0 0.0 0.0 0.0 0.0 0.0 0.0 0.0 0.0 0.0 0.0 0.0 0.0 0.0 0.0 0.0 0.0 0.0 0.0 0.0 0.0 0.0 0.0 0.0 0.0 0.0 0.0 0.0 0.0 0.0 0.0 0.0 0.0 0.0 0.0 0.0
0.0 0.0 0.0 0.0 0.0 0.0 0.0 0.0 0.0 0.0 0.0 0.0 0.0 0.0 0.0 0.0 0.0 0.0 0.0 0.0 0.0 0.0 0.0 0.0 0.0 0.0 0.0 0.0 0.0 0.0 0.007345840396 0.006710122978 0.007741720839 0.007453535879 0.006785854373 0.007122366631 0.006797073606 0.006355249366 0.006697921296 0.006778444509 0.006929170563 0.007811391251 0.006291025598 0.007360105217 0.006064759384 0.317232547064 0.00701095513 0.006770297563 0.006757830352 0.00631392627 0.006177208497 0.006025249645 0.006774494707 0.007029482979 0.006263219311 0.006822126044 0.007604870415 0.007388443105 0.006509428758 0.006968074723 0.007073258879 0.006991101789 0.007505890102 0.0 0.0 0.0 0.0 0.0 0.0 0.0 0.0 0.0 0.0 0.0 0.0 0.0 0.0 0.0 0.0 0.0 0.0 0.0 0.0 0.0 0.0 0.0 0.0 0.0 0.0 0.0 0.0 0.0 0.0 0.0 0.0 0.0 0.0 0.0 0.0 0.0 0.0 0.0 0.0 0.0 0.0 0.0 0.0 0.0 0.0 0.0 0.0 0.0 0.0 0.0 0.0 0.0 0.0
0.0 0.0 0.0 0.0 0.0 0.0 0.0 0.0 0.0 0.0 0.0 0.0 0.0 0.0 0.0 0.0 0.0 0.0 0.0 0.0 0.0 0.0 0.0 0.0 0.0 0.0 0.0 0.0 0.0 0.0 0.007121340213 0.00673746111 0.007537130057 0.007220974415 0.006811000971 0.006974342634 0.006782179504 0.006443741552 0.006718023388 0.006739334329 0.006824848049 0.007456647557 0.006391336103 0.007076943136 0.006236739385 0.00701095513 0.421276492388 0.006749598303 0.006732343724 0.006450871793 0.006311236988 0.006213669107 0.006750721103 0.006936023895 0.006375368227 0.006833185339 0.007373377573 0.007173562213 0.006556737609 0.00699072968 0.006966564778 0.006857717806 0.00722448726 0.0 0.0 0.0 0.0 0.0 0.0 0.0 0.0 0.0 0.0 0.0 0.0 0.0 0.0 0.0 0.0 0.0 0.0 0.0 0.0 0.0 0.0 0.0 0.0 0.0 0.0 0.0 0.0 0.0 0.0 0.0 0.0 0.0 0.0 0.0 0.0 0.0 0.0 0.0 0.0 0.0 0.0 0.0 0.0 0.0 0.0 0.0 0.0 0.0 0.0 0.0 0.0 0.0 0.0
0.0 0.0 0.0 0.0 0.0 0.0 0.0 0.0 0.0 0.0 0.0 0.0 0.0 0.0 0.0 0.0 0.0 0.0 0.0 0.0 0.0 0.0 0.0 0.0 0.0 0.0 0.0 0.0 0.0 0.0 0.006781478081 0.006711576105 0.006816471761 0.006801819051 0.006736303275 0.006767423501 0.006727701455 0.006606482553 0.006699076157 0.006709032191 0.006768061051 0.006820899901 0.00658105893 0.006797431195 0.006497419572 0.006770297563 0.006749598303 0.196064683329 0.006719530658 0.006603138605 0.006532590154 0.006457634299 0.006725108776 0.006772779296 0.006577566816 0.006750034157 0.006812073946 0.006803733978 0.006655926382 0.006770956639 0.006771154665 0.00676711286 0.00682189076 0.0 0.0 0.0 0.0 0.0 0.0 0.0 0.0 0.0 0.0 0.0 0.0 0.0 0.0 0.0 0.0 0.0 0.0 0.0 0.0 0.0 0.0 0.0 0.0 0.0 0.0 0.0 0.0 0.0 0.0 0.0 0.0 0.0 0.0 0.0 0.0 0.0 0.0 0.0 0.0 0.0 0.0 0.0 0.0 0.0 0.0 0.0 0.0 0.0 0.0 0.0 0.0 0.0 0.0
0.0 0.0 0.0 0.0 0.0 0.0 0.0 0.0 0.0 0.0 0.0 0.0 0.0 0.0 0.0 0.0 0.0 0.0 0.0 0.0 0.0 0.0 0.0 0.0 0.0 0.0 0.0 0.0 0.0 0.0 0.006758510879 0.006705425791 0.006777498237 0.006772599021 0.00670654159 0.006746841919 0.006711364931 0.006635557987 0.006696720011 0.006704235209 0.006738682381 0.006795969768 0.006625384097 0.00677764445 0.006579631598 0.006757830352 0.006732343724 0.006719530658 0.306235129878 0.006629570664 0.006602246499 0.006565157442 0.006709526941 0.006743504295 0.006619136258 0.00672282859 0.00677978043 0.006771826899 0.00666884378 0.006734791678 0.006745416298 0.006744656409 0.00678058553 0.0 0.0 0.0 0.0 0.0 0.0 0.0 0.0 0.0 0.0 0.0 0.0 0.0 0.0 0.0 0.0 0.0 0.0 0.0 0.0 0.0 0.0 0.0 0.0 0.0 0.0 0.0 0.0 0.0 0.0 0.0 0.0 0.0 0.0 0.0 0.0 0.0 0.0 0.0 0.0 0.0 0.0 0.0 0.0 0.0 0.0 0.0 0.0 0.0 0.0 0.0 0.0 0.0 0.0
