77 77
1.28219573275 0.01004429965 0.009791126634 0.01029970249 0.00997537473 0.009251945538 0.009790186809 0.01070318807 0.01023354696 0.009895179991 0.009967353052 0.01025628239 0.01049422827 0.00986091976 0.0 0.0 0.0 0.0 0.0 0.0 0.0 0.0 0.0 0.0 0.0 0.0 0.0 0.0 0.0 0.0 0.0 0.0 0.0 0.0 0.0 0.0 0.0 0.0 0.0 0.0 0.0 0.0 0.0 0.0 0.0 0.0 0.0 0.0 0.0 0.0 0.0 0.0 0.0 0.0 0.0 0.0 0.0 0.0 0.0 0.0 0.0 0.0 0.0 0.0 0.0 0.0 0.0 0.0 0.0 0.0 0.0 0.0 0.0 0.0 0.0 0.0 0.0
0.01004429965 0.427410040901 0.01037553344 0.01016465889 0.01028947901 0.01041010386 0.01032098975 0.01009179273 0.01024910673 0.0102436149 0.01028409336 0.01023361373 0.01012062006 0.01012855396 0.0 0.0 0.0 0.0 0.0 0.0 0.0 0.0 0.0 0.0 0.0 0.0 0.0 0.0 0.0 0.0 0.0 0.0 0.0 0.0 0.0 0.0 0.0 0.0 0.0 0.0 0.0 0.0 0.0 0.0 0.0 0.0 0.0 0.0 0.0 0.0 0.0 0.0 0.0 0.0 0.0 0.0 0.0 0.0 0.0 0.0 0.0 0.0 0.0 0.0 0.0 0.0 0.0 0.0 0.0 0.0 0.0 0.0 0.0 0.0 0.0 0.0 0.0
0.009791126634 0.01037553344 0.330110707096 0.01015946341 0.01043758415 0.01082423082 0.01049918232 0.009969572795 0.01029661162 0.01036865749 0.01044139882 0.01023760491 0.009977936202 0.01015616742 0.0 0.0 0.0 0.0 0.0 0.0 0.0 0.0 0.0 0.0 0.0 0.0 0.0 0.0 0.0 0.0 0.0 0.0 0.0 0.0 0.0 0.0 0.0 0.0 0.0 0.0 0.0 0.0 0.0 0.0 0.0 0.0 0.0 0.0 0.0 0.0 0.0 0.0 0.0 0.0 0.0 0.0 0.0 0.0 0.0 0.0 0.0 0.0 0.0 0.0 0.0 0.0 0.0 0.0 0.0 0.0 0.0 0.0 0.0 0.0 0.0 0.0 0.0
0.01029970249 0.01016465889 0.01015946341 0.460767689664 0.01025848346 0.01020950931 0.010283688 0.01029479132 0.01024154293 0.01022774091 0.01023218688 0.01018986486 0.01016407989 0.01009580048 0.0 0.0 0.0 0.0 0.0 0.0 0.0 0.0 0.0 0.0 0.0 0.0 0.0 0.0 0.0 0.0 0.0 0.0 0.0 0.0 0.0 0.0 0.0 0.0 0.0 0.0 0.0 0.0 0.0 0.0 0.0 0.0 0.0 0.0 0.0 0.0 0.0 0.0 0.0 0.0 0.0 0.0 0.0 0.0 0.0 0.0 0.0 0.0 0.0 0.0 0.0 0.0 0.0 0.0 0.0 0.0 0.0 0.0 0.0 0.0 0.0 0.0 0.0
0.00997537473 0.01028947901 0.01043758415 0.01025848346 0.416545860548 0.01068240449 0.01050735846 0.01012920453 0.01030707818 0.01036804161 0.01037850593 0.01022282352 0.01003241871 0.01014354998 0.0 0.0 0.0 0.0 0.0 0.0 0.0 0.0 0.0 0.0 0.0 0.0 0.0 0.0 0.0 0.0 0.0 0.0 0.0 0.0 0.0 0.0 0.0 0.0 0.0 0.0 0.0 0.0 0.0 0.0 0.0 0.0 0.0 0.0 0.0 0.0 0.0 0.0 0.0 0.0 0.0 0.0 0.0 0.0 0.0 0.0 0.0 0.0 0.0 0.0 0.0 0.0 0.0 0.0 0.0 0.0 0.0 0.0 0.0 0.0 0.0 0.0 0.0
0.009251945538 0.01041010386 0.01082423082 0.01020950931 0.01068240449 0.281888302795 0.01092395952 0.009774186906 0.01032713214 0.01063092972 0.01063331839 0.01018193044 0.009739225628 0.01029477406 0.0 0.0 0.0 0.0 0.0 0.0 0.0 0.0 0.0 0.0 0.0 0.0 0.0 0.0 0.0 0.0 0.0 0.0 0.0 0.0 0.0 0.0 0.0 0.0 0.0 0.0 0.0 0.0 0.0 0.0 0.0 0.0 0.0 0.0 0.0 0.0 0.0 0.0 0.0 0.0 0.0 0.0 0.0 0.0 0.0 0.0 0.0 0.0 0.0 0.0 0.0 0.0 0.0 0.0 0.0 0.0 0.0 0.0 0.0 0.0 0.0 0.0 0.0
0.009790186809 0.01032098975 0.01049918232 0.010283688 0.01050735846 0.01092395952 0.322313773577 0.0100532354 0.01028660721 0.0105128227 0.01051976714 0.01019329435 0.00992426387 0.01019857288 0.0 0.0 0.0 0.0 0.0 0.0 0.0 0.0 0.0 0.0 0.0 0.0 0.0 0.0 0.0 0.0 0.0 0.0 0.0 0.0 0.0 0.0 0.0 0.0 0.0 0.0 0.0 0.0 0.0 0.0 0.0 0.0 0.0 0.0 0.0 0.0 0.0 0.0 0.0 0.0 0.0 0.0 0.0 0.0 0.0 0.0 0.0 0.0 0.0 0.0 0.0 0.0 0.0 0.0 0.0 0.0 0.0 0.0 0.0 0.0 0.0 0.0 0.0
0.01070318807 0.01009179273 0.009969572795 0.01029479132 0.01012920453 0.009774186906 0.0100532354 0.392280680068 0.01025433821 0.01005875884 0.01009230803 0.01020439249 0.01032194395 0.009996768086 0.0 0.0 0.0 0.0 0.0 0.0 0.0 0.0 0.0 0.0 0.0 0.0 0.0 0.0 0.0 0.0 0.0 0.0 0.0 0.0 0.0 0.0 0.0 0.0 0.0 0.0 0.0 0.0 0.0 0.0 0.0 0.0 0.0 0.0 0.0 0.0 0.0 0.0 0.0 0.0 0.0 0.0 0.0 0.0 0.0 0.0 0.0 0.0 0.0 0.0 0.0 0.0 0.0 0.0 0.0 0.0 0.0 0.0 0.0 0.0 0.0 0.0 0.0
0.01023354696 0.01024910673 0.01029661162 0.01024154293 0.01030707818 0.01032713214 0.01028660721 0.01025433821 0.426616917868 0.01019808899 0.01025027927 0.01024896498 0.010186525 0.01008490576 0.0 0.0 0.0 0.0 0.0 0.0 0.0 0.0 0.0 0.0 0.0 0.0 0.0 0.0 0.0 0.0 0.0 0.0 0.0 0.0 0.0 0.0 0.0 0.0 0.0 0.0 0.0 0.0 0.0 0.0 0.0 0.0 0.0 0.0 0.0 0.0 0.0 0.0 0.0 0.0 0.0 0.0 0.0 0.0 0.0 0.0 0.0 0.0 0.0 0.0 0.0 0.0 0.0 0.0 0.0 0.0 0.0 0.0 0.0 0.0 0.0 0.0 0.0
0.009895179991 0.0102436149 0.01036865749 0.01022774091 0.01036804161 0.01063092972 0.0105128227 0.01005875884 0.01019808899 0.387702563196 0.01038522678 0.01016136969 0.009974048053 0.01019286226 0.0 0.0 0.0 0.0 0.0 0.0 0.0 0.0 0.0 0.0 0.0 0.0 0.0 0.0 0.0 0.0 0.0 0.0 0.0 0.0 0.0 0.0 0.0 0.0 0.0 0.0 0.0 0.0 0.0 0.0 0.0 0.0 0.0 0.0 0.0 0.0 0.0 0.0 0.0 0.0 0.0 0.0 0.0 0.0 0.0 0.0 0.0 0.0 0.0 0.0 0.0 0.0 0.0 0.0 0.0 0.0 0.0 0.0 0.0 0.0 0.0 0.0 0.0
0.009967353052 0.01028409336 0.01044139882 0.01023218688 0.01037850593 0.01063331839 0.01051976714 0.01009230803 0.01025027927 0.01038522678 28.788672276 0.01021314535 0.009990961216 0.01014988203 0.0 0.0 0.0 0.0 0.0 0.0 0.0 0.0 0.0 0.0 0.0 0.0 0.0 0.0 0.0 0.0 0.0 0.0 0.0 0.0 0.0 0.0 0.0 0.0 0.0 0.0 0.0 0.0 0.0 0.0 0.0 0.0 0.0 0.0 0.0 0.0 0.0 0.0 0.0 0.0 0.0 0.0 0.0 0.0 0.0 0.0 0.0 0.0 0.0 0.0 0.0 0.0 0.0 0.0 0.0 0.0 0.0 0.0 0.0 0.0 0.0 0.0 0.0
0.01025628239 0.01023361373 0.01023760491 0.01018986486 0.01022282352 0.01018193044 0.01019329435 0.01020439249 0.01024896498 0.01016136969 0.01021314535 0.369552556354 0.01019452291 0.01009716922 0.0 0.0 0.0 0.0 0.0 0.0 0.0 0.0 0.0 0.0 0.0 0.0 0.0 0.0 0.0 0.0 0.0 0.0 0.0 0.0 0.0 0.0 0.0 0.0 0.0 0.0 0.0 0.0 0.0 0.0 0.0 0.0 0.0 0.0 0.0 0.0 0.0 0.0 0.0 0.0 0.0 0.0 0.0 0.0 0.0 0.0 0.0 0.0 0.0 0.0 0.0 0.0 0.0 0.0 0.0 0.0 0.0 0.0 0.0 0.0 0.0 0.0 0.0
0.01049422827 0.01012062006 0.009977936202 0.01016407989 0.01003241871 0.009739225628 0.00992426387 0.01032194395 0.010186525 0.009974048053 0.009990961216 0.01019452291 0.426779269485 0.01005570397 0.0 0.0 0.0 0.0 0.0 0.0 0.0 0.0 0.0 0.0 0.0 0.0 0.0 0.0 0.0 0.0 0.0 0.0 0.0 0.0 0.0 0.0 0.0 0.0 0.0 0.0 0.0 0.0 0.0 0.0 0.0 0.0 0.0 0.0 0.0 0.0 0.0 0.0 0.0 0.0 0.0 0.0 0.0 0.0 0.0 0.0 0.0 0.0 0.0 0.0 0.0 0.0 0.0 0.0 0.0 0.0 0.0 0.0 0.0 0.0 0.0 0.0 0.0
0.00986091976 0.01012855396 0.01015616742 0.01009580048 0.01014354998 0.01029477406 0.01019857288 0.009996768086 0.01008490576 0.01019286226 0.01014988203 0.01009716922 0.01005570397 0.329352676824 0.0 0.0 0.0 0.0 0.0 0.0 0.0 0.0 0.0 0.0 0.0 0.0 0.0 0.0 0.0 0.0 0.0 0.0 0.0 0.0 0.0 0.0 0.0 0.0 0.0 0.0 0.0 0.0 0.0 0.0 0.0 0.0 0.0 0.0 0.0 0.0 0.0 0.0 0.0 0.0 0.0 0.0 0.0 0.0 0.0 0.0 0.0 0.0 0.0 0.0 0.0 0.0 0.0 0.0 0.0 0.0 0.0 0.0 0.0 0.0 0.0 0.0 0.0
0.0 0.0 0.0 0.0 0.0 0.0 0.0 0.0 0.0 0.0 0.0 0.0 0.0 0.0 0.240380835957 0.00597009192 0.005951688287 0.005947300072 0.005924035997 0.00590605092 0.005939189836 0.005949200585 0.005935200168 0.005944312816 0.005845157983 0.00595396414 0.005935751972 0.005946166 0.005952493707 0.005912340253 0.005895665777 0.005963150562 0.005904113531 0.005898270919 0.005923962534 0.005920915215 0.005825858033 0.005858097186 0.005917218727 0.005905496691 0.00591623282 0.005942067365 0.005951989432 0.0 0.0 0.0 0.0 0.0 0.0 0.0 0.0 0.0 0.0 0.0 0.0 0.0 0.0 0.0 0.0 0.0 0.0 0.0 0.0 0.0 0.0 0.0 0.0 0.0 0.0 0.0 0.0 0.0 0.0 0.0 0.0 0.0 0.0
0.0 0.0 0.0 0.0 0.0 0.0 0.0 0.0 0.0 0.0 0.0 0.0 0.0 0.0 0.00597009192 0.54186515741 0.00634979096 0.006034906044 0.005826844042 0.005591040432 0.005725952979 0.005813524452 0.006012074937 0.005982177696 0.005495940188 0.006115837503 0.005829751799 0.006090569009 0.005861894241 0.00568961571 0.005605264112 0.006090747407 0.005580186292 0.005493569754 0.00600461509 0.005742851955 0.005265771261 0.005766674882 0.00619568665 0.006265437217 0.005969989665 0.006539441257 0.006541307917 0.0 0.0 0.0 0.0 0.0 0.0 0.0 0.0 0.0 0.0 0.0 0.0 0.0 0.0 0.0 0.0 0.0 0.0 0.0 0.0 0.0 0.0 0.0 0.0 0.0 0.0 0.0 0.0 0.0 0.0 0.0 0.0 0.0 0.0
0.0 0.0 0.0 0.0 0.0 0.0 0.0 0.0 0.0 0.0 0.0 0.0 0.0 0.0 0.005951688287 0.00634979096 0.615203592664 0.006036756474 0.005828675676 0.005612705594 0.005731931006 0.005825078262 0.005998020869 0.005973901771 0.005496671306 0.006109717643 0.005842275142 0.006084035282 0.005857487513 0.005694352637 0.005610747487 0.006081103783 0.005588500091 0.005467549471 0.00601079361 0.005735292568 0.005267937068 0.005768140184 0.006204069209 0.006271872559 0.005946761299 0.006514316164 0.006549652084 0.0 0.0 0.0 0.0 0.0 0.0 0.0 0.0 0.0 0.0 0.0 0.0 0.0 0.0 0.0 0.0 0.0 0.0 0.0 0.0 0.0 0.0 0.0 0.0 0.0 0.0 0.0 0.0 0.0 0.0 0.0 0.0 0.0 0.0
0.0 0.0 0.0 0.0 0.0 0.0 0.0 0.0 0.0 0.0 0.0 0.0 0.0 0.0 0.005947300072 0.006034906044 0.006036756474 0.44515721052 0.005934874348 0.005867359472 0.005925149826 0.00594695639 0.005965877815 0.005977038905 0.005773149857 0.00601451395 0.005972591543 0.006004931431 0.00595063614 0.005876669136 0.005854680154 0.006007376576 0.005859281302 0.0057701958 0.005972542616 0.005875508436 0.005648296178 0.005840541412 0.006005425857 0.006007695152 0.005930613047 0.006035515765 0.006041754254 0.0 0.0 0.0 0.0 0.0 0.0 0.0 0.0 0.0 0.0 0.0 0.0 0.0 0.0 0.0 0.0 0.0 0.0 0.0 0.0 0.0 0.0 0.0 0.0 0.0 0.0 0.0 0.0 0.0 0.0 0.0 0.0 0.0 0.0
0.0 0.0 0.0 0.0 0.0 0.0 0.0 0.0 0.0 0.0 0.0 0.0 0.0 0.0 0.005924035997 0.005826844042 0.005828675676 0.005934874348 0.812085406991 0.006012789018 0.006013624514 0.005975375338 0.005908680793 0.005935416836 0.005965168702 0.005906590904 0.005997272729 0.005907542538 0.005976932474 0.005980853332 0.005995986869 0.005916790269 0.00601655896 0.00594838813 0.005907060853 0.005960632671 0.005955320962 0.005883557027 0.005839046096 0.005810380218 0.00589330696 0.00574387819 0.005740688809 0.0 0.0 0.0 0.0 0.0 0.0 0.0 0.0 0.0 0.0 0.0 0.0 0.0 0.0 0.0 0.0 0.0 0.0 0.0 0.0 0.0 0.0 0.0 0.0 0.0 0.0 0.0 0.0 0.0 0.0 0.0 0.0 0.0 0.0
0.0 0.0 0.0 0.0 0.0 0.0 0.0 0.0 0.0 0.0 0.0 0.0 0.0 0.0 0.00590605092 0.005591040432 0.005612705594 0.005867359472 0.006012789018 0.376527939773 0.006168804362 0.006041451383 0.005834206195 0.005889146902 0.006194093305 0.005804118514 0.006069221604 0.005813711815 0.00603097863 0.006140414736 0.006193851929 0.005822496954 0.006253636014 0.006267921229 0.005834583693 0.006075598744 0.006382461391 0.005899793025 0.005659957861 0.005582717867 0.005811356185 0.005413080827 0.005431010703 0.0 0.0 0.0 0.0 0.0 0.0 0.0 0.0 0.0 0.0 0.0 0.0 0.0 0.0 0.0 0.0 0.0 0.0 0.0 0.0 0.0 0.0 0.0 0.0 0.0 0.0 0.0 0.0 0.0 0.0 0.0 0.0 0.0 0.0
0.0 0.0 0.0 0.0 0.0 0.0 0.0 0.0 0.0 0.0 0.0 0.0 0.0 0.0 0.005939189836 0.005725952979 0.005731931006 0.005925149826 0.006013624514 0.006168804362 0.335370773637 0.006043466335 0.005890295583 0.005938058312 0.006097205662 0.005877162673 0.006068812137 0.005882861387 0.006043155838 0.006092756788 0.006123114085 0.00589450377 0.006171437193 0.006178438988 0.005884954792 0.006048692895 0.006184927733 0.005882336227 0.00574894631 0.005690532024 0.005861257182 0.005569506435 0.005575617808 0.0 0.0 0.0 0.0 0.0 0.0 0.0 0.0 0.0 0.0 0.0 0.0 0.0 0.0 0.0 0.0 0.0 0.0 0.0 0.0 0.0 0.0 0.0 0.0 0.0 0.0 0.0 0.0 0.0 0.0 0.0 0.0 0.0 0.0
0.0 0.0 0.0 0.0 0.0 0.0 0.0 0.0 0.0 0.0 0.0 0.0 0.0 0.0 0.005949200585 0.005813524452 0.005825078262 0.00594695639 0.005975375338 0.006041451383 0.006043466335 0.284827796863 0.005920687369 0.005964500977 0.005919580151 0.005911275022 0.006023330902 0.00591785825 0.005998732961 0.0059952166 0.006016273757 0.005921598135 0.006036206131 0.005972537482 0.005928551567 0.00596500704 0.005972342291 0.005876898935 0.005838273936 0.005803461523 0.00588146449 0.005685203111 0.005706520263 0.0 0.0 0.0 0.0 0.0 0.0 0.0 0.0 0.0 0.0 0.0 0.0 0.0 0.0 0.0 0.0 0.0 0.0 0.0 0.0 0.0 0.0 0.0 0.0 0.0 0.0 0.0 0.0 0.0 0.0 0.0 0.0 0.0 0.0
0.0 0.0 0.0 0.0 0.0 0.0 0.0 0.0 0.0 0.0 0.0 0.0 0.0 0.0 0.005935200168 0.006012074937 0.005998020869 0.005965877815 0.005908680793 0.005834206195 0.005890295583 0.005920687369 0.597315126898 0.005955852298 0.005785475459 0.005980530235 0.00592065884 0.005970923611 0.005925467112 0.005858914645 0.005842076159 0.005976940672 0.005836490219 0.005781240215 0.005948207426 0.005874385604 0.005696737351 0.005855729519 0.005971645288 0.005981340438 0.005938986857 0.006010846634 0.006002182157 0.0 0.0 0.0 0.0 0.0 0.0 0.0 0.0 0.0 0.0 0.0 0.0 0.0 0.0 0.0 0.0 0.0 0.0 0.0 0.0 0.0 0.0 0.0 0.0 0.0 0.0 0.0 0.0 0.0 0.0 0.0 0.0 0.0 0.0
0.0 0.0 0.0 0.0 0.0 0.0 0.0 0.0 0.0 0.0 0.0 0.0 0.0 0.0 0.005944312816 0.005982177696 0.005973901771 0.005977038905 0.005935416836 0.005889146902 0.005938058312 0.005964500977 0.005955852298 0.599328189038 0.005824464518 0.005979715589 0.005959753955 0.005972800929 0.005952867754 0.0058975234 0.005887585552 0.005978278242 0.005891243083 0.005820271637 0.005950164793 0.005902975273 0.005749499088 0.005855721633 0.005948849398 0.005948054894 0.005929536108 0.005952841144 0.00594880277 0.0 0.0 0.0 0.0 0.0 0.0 0.0 0.0 0.0 0.0 0.0 0.0 0.0 0.0 0.0 0.0 0.0 0.0 0.0 0.0 0.0 0.0 0.0 0.0 0.0 0.0 0.0 0.0 0.0 0.0 0.0 0.0 0.0 0.0
0.0 0.0 0.0 0.0 0.0 0.0 0.0 0.0 0.0 0.0 0.0 0.0 0.0 0.0 0.005845157983 0.005495940188 0.005496671306 0.005773149857 0.005965168702 0.006194093305 0.006097205662 0.005919580151 0.005785475459 0.005824464518 1.36702995032 0.005696731551 0.005972119741 0.005724759425 0.005955408702 0.00610749944 0.006192721693 0.005726783238 0.006227549707 0.006377002708 0.00576715729 0.006062412975 0.006469586389 0.005942396198 0.00557507711 0.005500389351 0.005806737925 0.005300388338 0.00528355962 0.0 0.0 0.0 0.0 0.0 0.0 0.0 0.0 0.0 0.0 0.0 0.0 0.0 0.0 0.0 0.0 0.0 0.0 0.0 0.0 0.0 0.0 0.0 0.0 0.0 0.0 0.0 0.0 0.0 0.0 0.0 0.0 0.0 0.0
0.0 0.0 0.0 0.0 0.0 0.0 0.0 0.0 0.0 0.0 0.0 0.0 0.0 0.0 0.00595396414 0.006115837503 0.006109717643 0.00601451395 0.005906590904 0.005804118514 0.005877162673 0.005911275022 0.005980530235 0.005979715589 0.005696731551 0.962039451241 0.005938610665 0.006026809965 0.005932883972 0.005832605637 0.005793354429 0.006030896524 0.005790166778 0.005669399563 0.005982789737 0.005844932695 0.005568004927 0.00582160741 0.006053275787 0.006069267973 0.005934604544 0.006151599611 0.006175062647 0.0 0.0 0.0 0.0 0.0 0.0 0.0 0.0 0.0 0.0 0.0 0.0 0.0 0.0 0.0 0.0 0.0 0.0 0.0 0.0 0.0 0.0 0.0 0.0 0.0 0.0 0.0 0.0 0.0 0.0 0.0 0.0 0.0 0.0
0.0 0.0 0.0 0.0 0.0 0.0 0.0 0.0 0.0 0.0 0.0 0.0 0.0 0.0 0.005935751972 0.005829751799 0.005842275142 0.005972591543 0.005997272729 0.006069221604 0.006068812137 0.006023330902 0.00592065884 0.005959753955 0.005972119741 0.005938610665 0.307638376868 0.00593866186 0.006011097235 0.006013434443 0.00602948593 0.005939585694 0.006064559253 0.005967053661 0.005926833699 0.005975247714 0.005958767361 0.005867170512 0.005854904665 0.005813783375 0.005879242954 0.005731923782 0.005736882085 0.0 0.0 0.0 0.0 0.0 0.0 0.0 0.0 0.0 0.0 0.0 0.0 0.0 0.0 0.0 0.0 0.0 0.0 0.0 0.0 0.0 0.0 0.0 0.0 0.0 0.0 0.0 0.0 0.0 0.0 0.0 0.0 0.0 0.0
0.0 0.0 0.0 0.0 0.0 0.0 0.0 0.0 0.0 0.0 0.0 0.0 0.0 0.0 0.005946166 0.006090569009 0.006084035282 0.006004931431 0.005907542538 0.005813711815 0.005882861387 0.00591785825 0.005970923611 0.005972800929 0.005724759425 0.006026809965 0.00593866186 0.373916980333 0.005927938808 0.005839374809 0.005806606296 0.00601457585 0.00580440454 0.005723130756 0.00597381321 0.005849362758 0.005595295603 0.005828361973 0.006034547434 0.006050527095 0.005932247419 0.006117608017 0.00612596735 0.0 0.0 0.0 0.0 0.0 0.0 0.0 0.0 0.0 0.0 0.0 0.0 0.0 0.0 0.0 0.0 0.0 0.0 0.0 0.0 0.0 0.0 0.0 0.0 0.0 0.0 0.0 0.0 0.0 0.0 0.0 0.0 0.0 0.0
0.0 0.0 0.0 0.0 0.0 0.0 0.0 0.0 0.0 0.0 0.0 0.0 0.0 0.0 0.005952493707 0.005861894241 0.005857487513 0.00595063614 0.005976932474 0.00603097863 0.006043155838 0.005998732961 0.005925467112 0.005952867754 0.005955408702 0.005932883972 0.006011097235 0.005927938808 0.357964322187 0.006002679238 0.006005602851 0.005946752222 0.006032366157 0.006025270942 0.00591841556 0.005984161027 0.005968431176 0.005868943255 0.005843206327 0.005812702515 0.005900242597 0.005763158943 0.005775414853 0.0 0.0 0.0 0.0 0.0 0.0 0.0 0.0 0.0 0.0 0.0 0.0 0.0 0.0 0.0 0.0 0.0 0.0 0.0 0.0 0.0 0.0 0.0 0.0 0.0 0.0 0.0 0.0 0.0 0.0 0.0 0.0 0.0 0.0
0.0 0.0 0.0 0.0 0.0 0.0 0.0 0.0 0.0 0.0 0.0 0.0 0.0 0.0 0.005912340253 0.00568961571 0.005694352637 0.005876669136 0.005980853332 0.006140414736 0.006092756788 0.0059952166 0.005858914645 0.0058975234 0.00610749944 0.005832605637 0.006013434443 0.005839374809 0.006002679238 0.44084074369 0.006104608673 0.005852284069 0.006146115693 0.006184693143 0.005852122383 0.006034595632 0.006224873909 0.005895077208 0.005719876211 0.005665966094 0.005847092587 0.005547637126 0.005556374789 0.0 0.0 0.0 0.0 0.0 0.0 0.0 0.0 0.0 0.0 0.0 0.0 0.0 0.0 0.0 0.0 0.0 0.0 0.0 0.0 0.0 0.0 0.0 0.0 0.0 0.0 0.0 0.0 0.0 0.0 0.0 0.0 0.0 0.0
0.0 0.0 0.0 0.0 0.0 0.0 0.0 0.0 0.0 0.0 0.0 0.0 0.0 0.0 0.005895665777 0.005605264112 0.005610747487 0.005854680154 0.005995986869 0.006193851929 0.006123114085 0.006016273757 0.005842076159 0.005887585552 0.006192721693 0.005793354429 0.00602948593 0.005806606296 0.006005602851 0.006104608673 0.334697576288 0.005815329773 0.006208054255 0.006225331009 0.005832658077 0.006057174802 0.006319550081 0.005918342072 0.005663133301 0.005596464301 0.005840304992 0.005426719344 0.005422177199 0.0 0.0 0.0 0.0 0.0 0.0 0.0 0.0 0.0 0.0 0.0 0.0 0.0 0.0 0.0 0.0 0.0 0.0 0.0 0.0 0.0 0.0 0.0 0.0 0.0 0.0 0.0 0.0 0.0 0.0 0.0 0.0 0.0 0.0
0.0 0.0 0.0 0.0 0.0 0.0 0.0 0.0 0.0 0.0 0.0 0.0 0.0 0.0 0.005963150562 0.006090747407 0.006081103783 0.006007376576 0.005916790269 0.005822496954 0.00589450377 0.005921598135 0.005976940672 0.005978278242 0.005726783238 0.006030896524 0.005939585694 0.00601457585 0.005946752222 0.005852284069 0.005815329773 0.263998185953 0.005813743475 0.005734738872 0.005979157563 0.005866210853 0.005607710098 0.00583353929 0.006025302834 0.006038576208 0.005944608866 0.006106772427 0.006127110018 0.0 0.0 0.0 0.0 0.0 0.0 0.0 0.0 0.0 0.0 0.0 0.0 0.0 0.0 0.0 0.0 0.0 0.0 0.0 0.0 0.0 0.0 0.0 0.0 0.0 0.0 0.0 0.0 0.0 0.0 0.0 0.0 0.0 0.0
0.0 0.0 0.0 0.0 0.0 0.0 0.0 0.0 0.0 0.0 0.0 0.0 0.0 0.0 0.005904113531 0.005580186292 0.005588500091 0.005859281302 0.00601655896 0.006253636014 0.006171437193 0.006036206131 0.005836490219 0.005891243083 0.006227549707 0.005790166778 0.006064559253 0.00580440454 0.006032366157 0.006146115693 0.006208054255 0.005813743475 0.285893703422 0.006305285053 0.005828805591 0.006087892226 0.006384672381 0.005909669863 0.005639253779 0.005563107304 0.005825224866 0.005383054243 0.005381242389 0.0 0.0 0.0 0.0 0.0 0.0 0.0 0.0 0.0 0.0 0.0 0.0 0.0 0.0 0.0 0.0 0.0 0.0 0.0 0.0 0.0 0.0 0.0 0.0 0.0 0.0 0.0 0.0 0.0 0.0 0.0 0.0 0.0 0.0
0.0 0.0 0.0 0.0 0.0 0.0 0.0 0.0 0.0 0.0 0.0 0.0 0.0 0.0 0.005898270919 0.005493569754 0.005467549471 0.0057701958 0.00594838813 0.006267921229 0.006178438988 0.005972537482 0.005781240215 0.005820271637 0.006377002708 0.005669399563 0.005967053661 0.005723130756 0.006025270942 0.006184693143 0.006225331009 0.005734738872 0.006305285053 35.2311434605 0.005741356137 0.006175641337 0.006692035259 0.005908039154 0.005496285552 0.00542493629 0.005802710037 0.00526859442 0.005256810438 0.0 0.0 0.0 0.0 0.0 0.0 0.0 0.0 0.0 0.0 0.0 0.0 0.0 0.0 0.0 0.0 0.0 0.0 0.0 0.0 0.0 0.0 0.0 0.0 0.0 0.0 0.0 0.0 0.0 0.0 0.0 0.0 0.0 0.0
0.0 0.0 0.0 0.0 0.0 0.0 0.0 0.0 0.0 0.0 0.0 0.0 0.0 0.0 0.005923962534 0.00600461509 0.00601079361 0.005972542616 0.005907060853 0.005834583693 0.005884954792 0.005928551567 0.005948207426 0.005950164793 0.00576715729 0.005982789737 0.005926833699 0.00597381321 0.00591841556 0.005852122383 0.005832658077 0.005979157563 0.005828805591 0.005741356137 0.282307996956 0.005861551342 0.005670511988 0.005852987296 0.005989776124 0.006005520067 0.005926736821 0.006021762578 0.006036512579 0.0 0.0 0.0 0.0 0.0 0.0 0.0 0.0 0.0 0.0 0.0 0.0 0.0 0.0 0.0 0.0 0.0 0.0 0.0 0.0 0.0 0.0 0.0 0.0 0.0 0.0 0.0 0.0 0.0 0.0 0.0 0.0 0.0 0.0
0.0 0.0 0.0 0.0 0.0 0.0 0.0 0.0 0.0 0.0 0.0 0.0 0.0 0.0 0.005920915215 0.005742851955 0.005735292568 0.005875508436 0.005960632671 0.006075598744 0.006048692895 0.00596500704 0.005874385604 0.005902975273 0.006062412975 0.005844932695 0.005975247714 0.005849362758 0.005984161027 0.006034595632 0.006057174802 0.005866210853 0.006087892226 0.006175641337 0.005861551342 0.431515601187 0.006172531904 0.005892216045 0.005747633024 0.005708910194 0.005870064008 0.005622698114 0.005622772383 0.0 0.0 0.0 0.0 0.0 0.0 0.0 0.0 0.0 0.0 0.0 0.0 0.0 0.0 0.0 0.0 0.0 0.0 0.0 0.0 0.0 0.0 0.0 0.0 0.0 0.0 0.0 0.0 0.0 0.0 0.0 0.0 0.0 0.0
0.0 0.0 0.0 0.0 0.0 0.0 0.0 0.0 0.0 0.0 0.0 0.0 0.0 0.0 0.005825858033 0.005265771261 0.005267937068 0.005648296178 0.005955320962 0.006382461391 0.006184927733 0.005972342291 0.005696737351 0.005749499088 0.006469586389 0.005568004927 0.005958767361 0.005595295603 0.005968431176 0.006224873909 0.006319550081 0.005607710098 0.006384672381 0.006692035259 0.005670511988 0.006172531904 0.277765642584 0.005951086459 0.005368301018 0.005266761152 0.005715102341 0.004999108558 0.005007812358 0.0 0.0 0.0 0.0 0.0 0.0 0.0 0.0 0.0 0.0 0.0 0.0 0.0 0.0 0.0 0.0 0.0 0.0 0.0 0.0 0.0 0.0 0.0 0.0 0.0 0.0 0.0 0.0 0.0 0.0 0.0 0.0 0.0 0.0
0.0 0.0 0.0 0.0 0.0 0.0 0.0 0.0 0.0 0.0 0.0 0.0 0.0 0.0 0.005858097186 0.005766674882 0.005768140184 0.005840541412 0.005883557027 0.005899793025 0.005882336227 0.005876898935 0.005855729519 0.005855721633 0.005942396198 0.00582160741 0.005867170512 0.005828361973 0.005868943255 0.005895077208 0.005918342072 0.00583353929 0.005909669863 0.005908039154 0.005852987296 0.005892216045 0.005951086459 0.171892094072 0.005813495905 0.005800238926 0.005885677606 0.005737679932 0.005721360517 0.0 0.0 0.0 0.0 0.0 0.0 0.0 0.0 0.0 0.0 0.0 0.0 0.0 0.0 0.0 0.0 0.0 0.0 0.0 0.0 0.0 0.0 0.0 0.0 0.0 0.0 0.0 0.0 0.0 0.0 0.0 0.0 0.0 0.0
0.0 0.0 0.0 0.0 0.0 0.0 0.0 0.0 0.0 0.0 0.0 0.0 0.0 0.0 0.005917218727 0.00619568665 0.006204069209 0.006005425857 0.005839046096 0.005659957861 0.00574894631 0.005838273936 0.005971645288 0.005948849398 0.00557507711 0.006053275787 0.005854904665 0.006034547434 0.005843206327 0.005719876211 0.005663133301 0.006025302834 0.005639253779 0.005496285552 0.005989776124 0.005747633024 0.005368301018 0.005813495905 0.620558996282 0.006198361023 0.00593680808 0.006337426234 0.006358022642 0.0 0.0 0.0 0.0 0.0 0.0 0.0 0.0 0.0 0.0 0.0 0.0 0.0 0.0 0.0 0.0 0.0 0.0 0.0 0.0 0.0 0.0 0.0 0.0 0.0 0.0 0.0 0.0 0.0 0.0 0.0 0.0 0.0 0.0
0.0 0.0 0.0 0.0 0.0 0.0 0.0 0.0 0.0 0.0 0.0 0.0 0.0 0.0 0.005905496691 0.006265437217 0.006271872559 0.006007695152 0.005810380218 0.005582717867 0.005690532024 0.005803461523 0.005981340438 0.005948054894 0.005500389351 0.006069267973 0.005813783375 0.006050527095 0.005812702515 0.005665966094 0.005596464301 0.006038576208 0.005563107304 0.00542493629 0.006005520067 0.005708910194 0.005266761152 0.005800238926 0.006198361023 0.19225713904 0.005952152456 0.006449993763 0.006459197225 0.0 0.0 0.0 0.0 0.0 0.0 0.0 0.0 0.0 0.0 0.0 0.0 0.0 0.0 0.0 0.0 0.0 0.0 0.0 0.0 0.0 0.0 0.0 0.0 0.0 0.0 0.0 0.0 0.0 0.0 0.0 0.0 0.0 0.0
0.0 0.0 0.0 0.0 0.0 0.0 0.0 0.0 0.0 0.0 0.0 0.0 0.0 0.0 0.00591623282 0.005969989665 0.005946761299 0.005930613047 0.00589330696 0.005811356185 0.005861257182 0.00588146449 0.005938986857 0.005929536108 0.005806737925 0.005934604544 0.005879242954 0.005932247419 0.005900242597 0.005847092587 0.005840304992 0.005944608866 0.005825224866 0.005802710037 0.005926736821 0.005870064008 0.005715102341 0.005885677606 0.00593680808 0.005952152456 0.402983252849 0.005969564505 0.005931985488 0.0 0.0 0.0 0.0 0.0 0.0 0.0 0.0 0.0 0.0 0.0 0.0 0.0 0.0 0.0 0.0 0.0 0.0 0.0 0.0 0.0 0.0 0.0 0.0 0.0 0.0 0.0 0.0 0.0 0.0 0.0 0.0 0.0 0.0
0.0 0.0 0.0 0.0 0.0 0.0 0.0 0.0 0.0 0.0 0.0 0.0 0.0 0.0 0.005942067365 0.006539441257 0.006514316164 0.006035515765 0.00574387819 0.005413080827 0.005569506435 0.005685203111 0.006010846634 0.005952841144 0.005300388338 0.006151599611 0.005731923782 0.006117608017 0.005763158943 0.005547637126 0.005426719344 0.006106772427 0.005383054243 0.00526859442 0.006021762578 0.005622698114 0.004999108558 0.005737679932 0.006337426234 0.006449993763 0.005969564505 0.286364185279 0.006856269152 0.0 0.0 0.0 0.0 0.0 0.0 0.0 0.0 0.0 0.0 0.0 0.0 0.0 0.0 0.0 0.0 0.0 0.0 0.0 0.0 0.0 0.0 0.0 0.0 0.0 0.0 0.0 0.0 0.0 0.0 0.0 0.0 0.0 0.0
0.0 0.0 0.0 0.0 0.0 0.0 0.0 0.0 0.0 0.0 0.0 0.0 0.0 0.0 0.005951989432 0.006541307917 0.006549652084 0.006041754254 0.005740688809 0.005431010703 0.005575617808 0.005706520263 0.006002182157 0.00594880277 0.00528355962 0.006175062647 0.005736882085 0.00612596735 0.005775414853 0.005556374789 0.005422177199 0.006127110018 0.005381242389 0.005256810438 0.006036512579 0.005622772383 0.005007812358 0.005721360517 0.006358022642 0.006459197225 0.005931985488 0.006856269152 0.538788631851 0.0 0.0 0.0 0.0 0.0 0.0 0.0 0.0 0.0 0.0 0.0 0.0 0.0 0.0 0.0 0.0 0.0 0.0 0.0 0.0 0.0 0.0 0.0 0.0 0.0 0.0 0.0 0.0 0.0 0.0 0.0 0.0 0.0 0.0
0.0 0.0 0.0 0.0 0.0 0.0 0.0 0.0 0.0 0.0 0.0 0.0 0.0 0.0 0.0 0.0 0.0 0.0 0.0 0.0 0.0 0.0 0.0 0.0 0.0 0.0 0.0 0.0 0.0 0.0 0.0 0.0 0.0 0.0 0.0 0.0 0.0 0.0 0.0 0.0 0.0 0.0 0.0 0.506099794734 0.004920519114 0.004612052369 0.004563997092 0.004600371397 0.004610952161 0.004683578858 0.004710607673 0.004397555893 0.004931569473 0.004500249636 0.004982960932 0.004836907361 0.004650525449 0.004582730377 0.004901447978 0.00467603206 0.004621502473 0.004646555227 0.00473491066 0.00468892022 0.004955917098 0.004475836721 0.004957547174 0.005098242177 0.0 0.0 0.0 0.0 0.0 0.0 0.0 0.0 0.0
0.0 0.0 0.0 0.0 0.0 0.0 0.0 0.0 0.0 0.0 0.0 0.0 0.0 0.0 0.0 0.0 0.0 0.0 0.0 0.0 0.0 0.0 0.0 0.0 0.0 0.0 0.0 0.0 0.0 0.0 0.0 0.0 0.0 0.0 0.0 0.0 0.0 0.0 0.0 0.0 0.0 0.0 0.0 0.004920519114 0.445261010354 0.004638984112 0.004598200293 0.004632064851 0.004638681416 0.004697809379 0.004710452812 0.004428328469 0.004910943802 0.004508432817 0.004962612806 0.004821778941 0.00465999817 0.004599833213 0.004889007647 0.004701816297 0.004629886558 0.004644351352 0.004734586017 0.004670826996 0.004939542684 0.00448302218 0.004924952267 0.00506891084 0.0 0.0 0.0 0.0 0.0 0.0 0.0 0.0 0.0
0.0 0.0 0.0 0.0 0.0 0.0 0.0 0.0 0.0 0.0 0.0 0.0 0.0 0.0 0.0 0.0 0.0 0.0 0.0 0.0 0.0 0.0 0.0 0.0 0.0 0.0 0.0 0.0 0.0 0.0 0.0 0.0 0.0 0.0 0.0 0.0 0.0 0.0 0.0 0.0 0.0 0.0 0.0 0.004612052369 0.004638984112 0.237778577384 0.004745777866 0.004743230244 0.004742688889 0.004684401285 0.004683723649 0.004733570213 0.004641027421 0.004707040615 0.004632246079 0.004648922791 0.004694137528 0.004698982062 0.004651974823 0.004715567634 0.004690077577 0.004670115476 0.004655774496 0.004595528585 0.004620125636 0.00462060774 0.004595782967 0.004597494437 0.0 0.0 0.0 0.0 0.0 0.0 0.0 0.0 0.0
0.0 0.0 0.0 0.0 0.0 0.0 0.0 0.0 0.0 0.0 0.0 0.0 0.0 0.0 0.0 0.0 0.0 0.0 0.0 0.0 0.0 0.0 0.0 0.0 0.0 0.0 0.0 0.0 0.0 0.0 0.0 0.0 0.0 0.0 0.0 0.0 0.0 0.0 0.0 0.0 0.0 0.0 0.0 0.004563997092 0.004598200293 0.004745777866 0.197115380643 0.004762757652 0.00480377264 0.004673561467 0.004700973813 0.004858168054 0.004593330888 0.00479960789 0.004566046399 0.004626866306 0.004713591456 0.004735333559 0.004614156234 0.004717242808 0.004722160987 0.004696934782 0.004636299782 0.004580801468 0.004544262899 0.004636388033 0.004522041805 0.004491852034 0.0 0.0 0.0 0.0 0.0 0.0 0.0 0.0 0.0
0.0 0.0 0.0 0.0 0.0 0.0 0.0 0.0 0.0 0.0 0.0 0.0 0.0 0.0 0.0 0.0 0.0 0.0 0.0 0.0 0.0 0.0 0.0 0.0 0.0 0.0 0.0 0.0 0.0 0.0 0.0 0.0 0.0 0.0 0.0 0.0 0.0 0.0 0.0 0.0 0.0 0.0 0.0 0.004600371397 0.004632064851 0.004743230244 0.004762757652 0.408996462336 0.004776456052 0.004696396173 0.004690944631 0.004765877642 0.004628908823 0.004720289018 0.004619081962 0.004645965638 0.004698579628 0.004704401379 0.00464609075 0.004725349063 0.004688086355 0.004675341276 0.004657818456 0.004590138436 0.004607493794 0.004621736321 0.004580744859 0.004577204326 0.0 0.0 0.0 0.0 0.0 0.0 0.0 0.0 0.0
0.0 0.0 0.0 0.0 0.0 0.0 0.0 0.0 0.0 0.0 0.0 0.0 0.0 0.0 0.0 0.0 0.0 0.0 0.0 0.0 0.0 0.0 0.0 0.0 0.0 0.0 0.0 0.0 0.0 0.0 0.0 0.0 0.0 0.0 0.0 0.0 0.0 0.0 0.0 0.0 0.0 0.0 0.0 0.004610952161 0.004638681416 0.004742688889 0.00480377264 0.004776456052 0.206225769475 0.004675460888 0.004729900151 0.004868175855 0.004633229962 0.004816889534 0.004606253971 0.004661592859 0.00472218186 0.004736627549 0.004651699598 0.004722465247 0.004730608374 0.004711969618 0.004646035258 0.004579796395 0.004570903335 0.004611764459 0.004553288561 0.004533491583 0.0 0.0 0.0 0.0 0.0 0.0 0.0 0.0 0.0
0.0 0.0 0.0 0.0 0.0 0.0 0.0 0.0 0.0 0.0 0.0 0.0 0.0 0.0 0.0 0.0 0.0 0.0 0.0 0.0 0.0 0.0 0.0 0.0 0.0 0.0 0.0 0.0 0.0 0.0 0.0 0.0 0.0 0.0 0.0 0.0 0.0 0.0 0.0 0.0 0.0 0.0 0.0 0.004683578858 0.004697809379 0.004684401285 0.004673561467 0.004696396173 0.004675460888 0.239815350382 0.004677738539 0.004609147788 0.004701363813 0.00462390971 0.004706943211 0.004684920688 0.004672006909 0.00465698736 0.004697756799 0.004701591322 0.004647555573 0.00465596235 0.004681189641 0.004626268923 0.004703041015 0.004598019928 0.004688281927 0.004711611868 0.0 0.0 0.0 0.0 0.0 0.0 0.0 0.0 0.0
0.0 0.0 0.0 0.0 0.0 0.0 0.0 0.0 0.0 0.0 0.0 0.0 0.0 0.0 0.0 0.0 0.0 0.0 0.0 0.0 0.0 0.0 0.0 0.0 0.0 0.0 0.0 0.0 0.0 0.0 0.0 0.0 0.0 0.0 0.0 0.0 0.0 0.0 0.0 0.0 0.0 0.0 0.0 0.004710607673 0.004710452812 0.004683723649 0.004700973813 0.004690944631 0.004729900151 0.004677738539 0.259866653211 0.004699079754 0.004717036925 0.004713888564 0.004706945235 0.004710700284 0.004693746778 0.004682848084 0.004710632133 0.004693174586 0.004678464846 0.004695999547 0.004676062899 0.004612665245 0.004677056119 0.004584908374 0.004676664439 0.00468364365 0.0 0.0 0.0 0.0 0.0 0.0 0.0 0.0 0.0
0.0 0.0 0.0 0.0 0.0 0.0 0.0 0.0 0.0 0.0 0.0 0.0 0.0 0.0 0.0 0.0 0.0 0.0 0.0 0.0 0.0 0.0 0.0 0.0 0.0 0.0 0.0 0.0 0.0 0.0 0.0 0.0 0.0 0.0 0.0 0.0 0.0 0.0 0.0 0.0 0.0 0.0 0.0 0.004397555893 0.004428328469 0.004733570213 0.004858168054 0.004765877642 0.004868175855 0.004609147788 0.004699079754 0.223709427201 0.004414435126 0.005010422508 0.004339352115 0.004520090203 0.004708317027 0.004787444951 0.004446769295 0.004650759463 0.004750303491 0.004734263848 0.004550138832 0.004512399759 0.004303438554 0.004718457426 0.00430984957 0.004153805448 0.0 0.0 0.0 0.0 0.0 0.0 0.0 0.0 0.0
0.0 0.0 0.0 0.0 0.0 0.0 0.0 0.0 0.0 0.0 0.0 0.0 0.0 0.0 0.0 0.0 0.0 0.0 0.0 0.0 0.0 0.0 0.0 0.0 0.0 0.0 0.0 0.0 0.0 0.0 0.0 0.0 0.0 0.0 0.0 0.0 0.0 0.0 0.0 0.0 0.0 0.0 0.0 0.004931569473 0.004910943802 0.004641027421 0.004593330888 0.004628908823 0.004633229962 0.004701363813 0.004717036925 0.004414435126 0.521873103067 0.004509588165 0.004974074196 0.004832248254 0.004663777851 0.004598987862 0.004897993143 0.004703747475 0.004630499035 0.004649523637 0.004742215559 0.004675170035 0.004948475664 0.004478730419 0.004938555574 0.005083058587 0.0 0.0 0.0 0.0 0.0 0.0 0.0 0.0 0.0
0.0 0.0 0.0 0.0 0.0 0.0 0.0 0.0 0.0 0.0 0.0 0.0 0.0 0.0 0.0 0.0 0.0 0.0 0.0 0.0 0.0 0.0 0.0 0.0 0.0 0.0 0.0 0.0 0.0 0.0 0.0 0.0 0.0 0.0 0.0 0.0 0.0 0.0 0.0 0.0 0.0 0.0 0.0 0.004500249636 0.004508432817 0.004707040615 0.00479960789 0.004720289018 0.004816889534 0.00462390971 0.004713888564 0.005010422508 0.004509588165 0.137650838049 0.004446672817 0.004581754298 0.004711896528 0.004760099128 0.004525356 0.00465530354 0.004738481974 0.004736080424 0.004585841005 0.004556303898 0.004406881686 0.004685659146 0.004421827415 0.004304917513 0.0 0.0 0.0 0.0 0.0 0.0 0.0 0.0 0.0
0.0 0.0 0.0 0.0 0.0 0.0 0.0 0.0 0.0 0.0 0.0 0.0 0.0 0.0 0.0 0.0 0.0 0.0 0.0 0.0 0.0 0.0 0.0 0.0 0.0 0.0 0.0 0.0 0.0 0.0 0.0 0.0 0.0 0.0 0.0 0.0 0.0 0.0 0.0 0.0 0.0 0.0 0.0 0.004982960932 0.004962612806 0.004632246079 0.004566046399 0.004619081962 0.004606253971 0.004706943211 0.004706945235 0.004339352115 0.004974074196 0.004446672817 0.288649559803 0.004852964224 0.004650980436 0.004575062822 0.004947295167 0.004708827212 0.004613211393 0.004628895184 0.004754377526 0.004681045831 0.00502754628 0.004448887159 0.005010639922 0.005226887464 0.0 0.0 0.0 0.0 0.0 0.0 0.0 0.0 0.0
0.0 0.0 0.0 0.0 0.0 0.0 0.0 0.0 0.0 0.0 0.0 0.0 0.0 0.0 0.0 0.0 0.0 0.0 0.0 0.0 0.0 0.0 0.0 0.0 0.0 0.0 0.0 0.0 0.0 0.0 0.0 0.0 0.0 0.0 0.0 0.0 0.0 0.0 0.0 0.0 0.0 0.0 0.0 0.004836907361 0.004821778941 0.004648922791 0.004626866306 0.004645965638 0.004661592859 0.004684920688 0.004710700284 0.004520090203 0.004832248254 0.004581754298 0.004852964224 0.206785534601 0.004669562613 0.004624934584 0.004814097134 0.004688486768 0.004646160707 0.004662618393 0.004712623474 0.004666030678 0.004829959179 0.004526648995 0.004828076349 0.004897599197 0.0 0.0 0.0 0.0 0.0 0.0 0.0 0.0 0.0
0.0 0.0 0.0 0.0 0.0 0.0 0.0 0.0 0.0 0.0 0.0 0.0 0.0 0.0 0.0 0.0 0.0 0.0 0.0 0.0 0.0 0.0 0.0 0.0 0.0 0.0 0.0 0.0 0.0 0.0 0.0 0.0 0.0 0.0 0.0 0.0 0.0 0.0 0.0 0.0 0.0 0.0 0.0 0.004650525449 0.00465999817 0.004694137528 0.004713591456 0.004698579628 0.00472218186 0.004672006909 0.004693746778 0.004708317027 0.004663777851 0.004711896528 0.004650980436 0.004669562613 0.160065108115 0.004687983868 0.004666512687 0.0046902922 0.004685271609 0.004682729239 0.004660469573 0.004622041984 0.004634920633 0.004611709505 0.004625972314 0.004621810505 0.0 0.0 0.0 0.0 0.0 0.0 0.0 0.0 0.0
0.0 0.0 0.0 0.0 0.0 0.0 0.0 0.0 0.0 0.0 0.0 0.0 0.0 0.0 0.0 0.0 0.0 0.0 0.0 0.0 0.0 0.0 0.0 0.0 0.0 0.0 0.0 0.0 0.0 0.0 0.0 0.0 0.0 0.0 0.0 0.0 0.0 0.0 0.0 0.0 0.0 0.0 0.0 0.004582730377 0.004599833213 0.004698982062 0.004735333559 0.004704401379 0.004736627549 0.00465698736 0.004682848084 0.004787444951 0.004598987862 0.004760099128 0.004575062822 0.004624934584 0.004687983868 0.380965282741 0.004608460647 0.004678626332 0.004691402171 0.004684595861 0.004632651511 0.004596795147 0.004558906724 0.004643726919 0.004551157756 0.004516043148 0.0 0.0 0.0 0.0 0.0 0.0 0.0 0.0 0.0
0.0 0.0 0.0 0.0 0.0 0.0 0.0 0.0 0.0 0.0 0.0 0.0 0.0 0.0 0.0 0.0 0.0 0.0 0.0 0.0 0.0 0.0 0.0 0.0 0.0 0.0 0.0 0.0 0.0 0.0 0.0 0.0 0.0 0.0 0.0 0.0 0.0 0.0 0.0 0.0 0.0 0.0 0.0 0.004901447978 0.004889007647 0.004651974823 0.004614156234 0.00464609075 0.004651699598 0.004697756799 0.004710632133 0.004446769295 0.004897993143 0.004525356 0.004947295167 0.004814097134 0.004666512687 0.004608460647 0.544601057699 0.004708016194 0.004640793797 0.004647698074 0.004731834897 0.004671688388 0.004921691794 0.004488526209 0.00490526158 0.005051771084 0.0 0.0 0.0 0.0 0.0 0.0 0.0 0.0 0.0
0.0 0.0 0.0 0.0 0.0 0.0 0.0 0.0 0.0 0.0 0.0 0.0 0.0 0.0 0.0 0.0 0.0 0.0 0.0 0.0 0.0 0.0 0.0 0.0 0.0 0.0 0.0 0.0 0.0 0.0 0.0 0.0 0.0 0.0 0.0 0.0 0.0 0.0 0.0 0.0 0.0 0.0 0.0 0.00467603206 0.004701816297 0.004715567634 0.004717242808 0.004725349063 0.004722465247 0.004701591322 0.004693174586 0.004650759463 0.004703747475 0.00465530354 0.004708827212 0.004688486768 0.0046902922 0.004678626332 0.004708016194 0.196315067552 0.004670426312 0.004665010234 0.00468309703 0.004610344795 0.004696539088 0.004591018436 0.004671692965 0.004707111036 0.0 0.0 0.0 0.0 0.0 0.0 0.0 0.0 0.0
0.0 0.0 0.0 0.0 0.0 0.0 0.0 0.0 0.0 0.0 0.0 0.0 0.0 0.0 0.0 0.0 0.0 0.0 0.0 0.0 0.0 0.0 0.0 0.0 0.0 0.0 0.0 0.0 0.0 0.0 0.0 0.0 0.0 0.0 0.0 0.0 0.0 0.0 0.0 0.0 0.0 0.0 0.0 0.004621502473 0.004629886558 0.004690077577 0.004722160987 0.004688086355 0.004730608374 0.004647555573 0.004678464846 0.004750303491 0.004630499035 0.004738481974 0.004613211393 0.004646160707 0.004685271609 0.004691402171 0.004640793797 0.004670426312 0.290213343457 0.004677350795 0.004635297454 0.004615318008 0.004595009536 0.004629320967 0.004587559536 0.004573111173 0.0 0.0 0.0 0.0 0.0 0.0 0.0 0.0 0.0
0.0 0.0 0.0 0.0 0.0 0.0 0.0 0.0 0.0 0.0 0.0 0.0 0.0 0.0 0.0 0.0 0.0 0.0 0.0 0.0 0.0 0.0 0.0 0.0 0.0 0.0 0.0 0.0 0.0 0.0 0.0 0.0 0.0 0.0 0.0 0.0 0.0 0.0 0.0 0.0 0.0 0.0 0.0 0.004646555227 0.004644351352 0.004670115476 0.004696934782 0.004675341276 0.004711969618 0.00465596235 0.004695999547 0.004734263848 0.004649523637 0.004736080424 0.004628895184 0.004662618393 0.004682729239 0.004684595861 0.004647698074 0.004665010234 0.004677350795 0.175999432091 0.004649647803 0.004619485393 0.00460953054 0.00462026116 0.004615151437 0.0045864421 0.0 0.0 0.0 0.0 0.0 0.0 0.0 0.0 0.0
0.0 0.0 0.0 0.0 0.0 0.0 0.0 0.0 0.0 0.0 0.0 0.0 0.0 0.0 0.0 0.0 0.0 0.0 0.0 0.0 0.0 0.0 0.0 0.0 0.0 0.0 0.0 0.0 0.0 0.0 0.0 0.0 0.0 0.0 0.0 0.0 0.0 0.0 0.0 0.0 0.0 0.0 0.0 0.00473491066 0.004734586017 0.004655774496 0.004636299782 0.004657818456 0.004646035258 0.004681189641 0.004676062899 0.004550138832 0.004742215559 0.004585841005 0.004754377526 0.004712623474 0.004660469573 0.004632651511 0.004731834897 0.00468309703 0.004635297454 0.004649647803 0.343057888424 0.004654897735 0.004751992314 0.004576320719 0.004743302687 0.004783184473 0.0 0.0 0.0 0.0 0.0 0.0 0.0 0.0 0.0
0.0 0.0 0.0 0.0 0.0 0.0 0.0 0.0 0.0 0.0 0.0 0.0 0.0 0.0 0.0 0.0 0.0 0.0 0.0 0.0 0.0 0.0 0.0 0.0 0.0 0.0 0.0 0.0 0.0 0.0 0.0 0.0 0.0 0.0 0.0 0.0 0.0 0.0 0.0 0.0 0.0 0.0 0.0 0.00468892022 0.004670826996 0.004595528585 0.004580801468 0.004590138436 0.004579796395 0.004626268923 0.004612665245 0.004512399759 0.004675170035 0.004556303898 0.004681045831 0.004666030678 0.004622041984 0.004596795147 0.004671688388 0.004610344795 0.004615318008 0.004619485393 0.004654897735 0.226422247554 0.004696074567 0.004610864174 0.004701438619 0.004713451459 0.0 0.0 0.0 0.0 0.0 0.0 0.0 0.0 0.0
0.0 0.0 0.0 0.0 0.0 0.0 0.0 0.0 0.0 0.0 0.0 0.0 0.0 0.0 0.0 0.0 0.0 0.0 0.0 0.0 0.0 0.0 0.0 0.0 0.0 0.0 0.0 0.0 0.0 0.0 0.0 0.0 0.0 0.0 0.0 0.0 0.0 0.0 0.0 0.0 0.0 0.0 0.0 0.004955917098 0.004939542684 0.004620125636 0.004544262899 0.004607493794 0.004570903335 0.004703041015 0.004677056119 0.004303438554 0.004948475664 0.004406881686 0.00502754628 0.004829959179 0.004634920633 0.004558906724 0.004921691794 0.004696539088 0.004595009536 0.00460953054 0.004751992314 0.004696074567 0.401206172391 0.004464071933 0.005004264168 0.005208025965 0.0 0.0 0.0 0.0 0.0 0.0 0.0 0.0 0.0
0.0 0.0 0.0 0.0 0.0 0.0 0.0 0.0 0.0 0.0 0.0 0.0 0.0 0.0 0.0 0.0 0.0 0.0 0.0 0.0 0.0 0.0 0.0 0.0 0.0 0.0 0.0 0.0 0.0 0.0 0.0 0.0 0.0 0.0 0.0 0.0 0.0 0.0 0.0 0.0 0.0 0.0 0.0 0.004475836721 0.00448302218 0.00462060774 0.004636388033 0.004621736321 0.004611764459 0.004598019928 0.004584908374 0.004718457426 0.004478730419 0.004685659146 0.004448887159 0.004526648995 0.004611709505 0.004643726919 0.004488526209 0.004591018436 0.004629320967 0.00462026116 0.004576320719 0.004610864174 0.004464071933 0.162129139583 0.004473377549 0.004379722866 0.0 0.0 0.0 0.0 0.0 0.0 0.0 0.0 0.0
0.0 0.0 0.0 0.0 0.0 0.0 0.0 0.0 0.0 0.0 0.0 0.0 0.0 0.0 0.0 0.0 0.0 0.0 0.0 0.0 0.0 0.0 0.0 0.0 0.0 0.0 0.0 0.0 0.0 0.0 0.0 0.0 0.0 0.0 0.0 0.0 0.0 0.0 0.0 0.0 0.0 0.0 0.0 0.004957547174 0.004924952267 0.004595782967 0.004522041805 0.004580744859 0.004553288561 0.004688281927 0.004676664439 0.00430984957 0.004938555574 0.004421827415 0.005010639922 0.004828076349 0.004625972314 0.004551157756 0.00490526158 0.004671692965 0.004587559536 0.004615151437 0.004743302687 0.004701438619 0.005004264168 0.004473377549 0.411280049768 0.005183920405 0.0 0.0 0.0 0.0 0.0 0.0 0.0 0.0 0.0
0.0 0.0 0.0 0.0 0.0 0.0 0.0 0.0 0.0 0.0 0.0 0.0 0.0 0.0 0.0 0.0 0.0 0.0 0.0 0.0 0.0 0.0 0.0 0.0 0.0 0.0 0.0 0.0 0.0 0.0 0.0 0.0 0.0 0.0 0.0 0.0 0.0 0.0 0.0 0.0 0.0 0.0 0.0 0.005098242177 0.00506891084 0.004597494437 0.004491852034 0.004577204326 0.004533491583 0.004711611868 0.00468364365 0.004153805448 0.005083058587 0.004304917513 0.005226887464 0.004897599197 0.004621810505 0.004516043148 0.005051771084 0.004707111036 0.004573111173 0.0045864421 0.004783184473 0.004713451459 0.005208025965 0.004379722866 0.005183920405 0.732855895504 0.0 0.0 0.0 0.0 0.0 0.0 0.0 0.0 0.0
0.0 0.0 0.0 0.0 0.0 0.0 0.0 0.0 0.0 0.0 0.0 0.0 0.0 0.0 0.0 0.0 0.0 0.0 0.0 0.0 0.0 0.0 0.0 0.0 0.0 0.0 0.0 0.0 0.0 0.0 0.0 0.0 0.0 0.0 0.0 0.0 0.0 0.0 0.0 0.0 0.0 0.0 0.0 0.0 0.0 0.0 0.0 0.0 0.0 0.0 0.0 0.0 0.0 0.0 0.0 0.0 0.0 0.0 0.0 0.0 0.0 0.0 0.0 0.0 0.0 0.0 0.0 0.0 1.04164863047 0.0108850786 0.01208144523 0.01160315443 0.01295722075 0.01159963101 0.01086928014 0.01093179292 0.01254567836
0.0 0.0 0.0 0.0 0.0 0.0 0.0 0.0 0.0 0.0 0.0 0.0 0.0 0.0 0.0 0.0 0.0 0.0 0.0 0.0 0.0 0.0 0.0 0.0 0.0 0.0 0.0 0.0 0.0 0.0 0.0 0.0 0.0 0.0 0.0 0.0 0.0 0.0 0.0 0.0 0.0 0.0 0.0 0.0 0.0 0.0 0.0 0.0 0.0 0.0 0.0 0.0 0.0 0.0 0.0 0.0 0.0 0.0 0.0 0.0 0.0 0.0 0.0 0.0 0.0 0.0 0.0 0.0 0.0108850786 0.371176404981 0.01096585486 0.01091289965 0.01086213296 0.01090117846 0.01082379 0.01081681405 0.0108521745
