69 69
1.77492047214 0.0136368372 0.01346906672 0.0135329772 0.01497458282 0.01350809705 0.01268462709 0.01285046323 0.0123122702 0.01270873916 0.01269237956 0.01297306183 0.01315063239 0.01198943889 0.01270916471 0.01510740125 0.01237039789 0.01451863551 0.0127205467 0.0 0.0 0.0 0.0 0.0 0.0 0.0 0.0 0.0 0.0 0.0 0.0 0.0 0.0 0.0 0.0 0.0 0.0 0.0 0.0 0.0 0.0 0.0 0.0 0.0 0.0 0.0 0.0 0.0 0.0 0.0 0.0 0.0 0.0 0.0 0.0 0.0 0.0 0.0 0.0 0.0 0.0 0.0 0.0 0.0 0.0 0.0 0.0 0.0 0.0
0.0136368372 1.2119382303 0.0132267269 0.01325638119 0.01375145796 0.01321593081 0.01288779297 0.01292493399 0.012721946 0.01289108329 0.01286313153 0.01301024026 0.01307528287 0.01257023022 0.0129050583 0.01385583786 0.01273675296 0.01358854822 0.01289410832 0.0 0.0 0.0 0.0 0.0 0.0 0.0 0.0 0.0 0.0 0.0 0.0 0.0 0.0 0.0 0.0 0.0 0.0 0.0 0.0 0.0 0.0 0.0 0.0 0.0 0.0 0.0 0.0 0.0 0.0 0.0 0.0 0.0 0.0 0.0 0.0 0.0 0.0 0.0 0.0 0.0 0.0 0.0 0.0 0.0 0.0 0.0 0.0 0.0 0.0
0.01346906672 0.0132267269 0.746676652869 0.01326678313 0.01355535567 0.01319790802 0.01298939357 0.01302284773 0.01280270029 0.01301462333 0.01297467525 0.0131115167 0.01311538555 0.01273934079 0.01299562072 0.01363375782 0.01285145057 0.01346350019 0.01294881983 0.0 0.0 0.0 0.0 0.0 0.0 0.0 0.0 0.0 0.0 0.0 0.0 0.0 0.0 0.0 0.0 0.0 0.0 0.0 0.0 0.0 0.0 0.0 0.0 0.0 0.0 0.0 0.0 0.0 0.0 0.0 0.0 0.0 0.0 0.0 0.0 0.0 0.0 0.0 0.0 0.0 0.0 0.0 0.0 0.0 0.0 0.0 0.0 0.0 0.0
0.0135329772 0.01325638119 0.01326678313 0.851725313141 0.01363069824 0.01321484284 0.01296339375 0.01301225201 0.01276771361 0.01298864312 0.01296361693 0.01310620793 0.01311415059 0.01271225107 0.01297064465 0.01371351946 0.01282567823 0.01353550627 0.01294250098 0.0 0.0 0.0 0.0 0.0 0.0 0.0 0.0 0.0 0.0 0.0 0.0 0.0 0.0 0.0 0.0 0.0 0.0 0.0 0.0 0.0 0.0 0.0 0.0 0.0 0.0 0.0 0.0 0.0 0.0 0.0 0.0 0.0 0.0 0.0 0.0 0.0 0.0 0.0 0.0 0.0 0.0 0.0 0.0 0.0 0.0 0.0 0.0 0.0 0.0
0.01497458282 0.01375145796 0.01355535567 0.01363069824 1.69650586038 0.01360185028 0.01259566579 0.01280325716 0.01216113099 0.01262610583 0.01265896326 0.01293914955 0.01316203921 0.01181071013 0.01263426907 0.0156385706 0.01227396545 0.01489176199 0.01269007495 0.0 0.0 0.0 0.0 0.0 0.0 0.0 0.0 0.0 0.0 0.0 0.0 0.0 0.0 0.0 0.0 0.0 0.0 0.0 0.0 0.0 0.0 0.0 0.0 0.0 0.0 0.0 0.0 0.0 0.0 0.0 0.0 0.0 0.0 0.0 0.0 0.0 0.0 0.0 0.0 0.0 0.0 0.0 0.0 0.0 0.0 0.0 0.0 0.0 0.0
0.01350809705 0.01321593081 0.01319790802 0.01321484284 0.01360185028 2.0445988297 0.01291016507 0.01301237428 0.01278220255 0.01290612161 0.01288735971 0.01302279348 0.01307993893 0.01255552059 0.01289451737 0.01361752747 0.01271593593 0.01351660282 0.01289974543 0.0 0.0 0.0 0.0 0.0 0.0 0.0 0.0 0.0 0.0 0.0 0.0 0.0 0.0 0.0 0.0 0.0 0.0 0.0 0.0 0.0 0.0 0.0 0.0 0.0 0.0 0.0 0.0 0.0 0.0 0.0 0.0 0.0 0.0 0.0 0.0 0.0 0.0 0.0 0.0 0.0 0.0 0.0 0.0 0.0 0.0 0.0 0.0 0.0 0.0
0.01268462709 0.01288779297 0.01298939357 0.01296339375 0.01259566579 0.01291016507 0.969187006159 0.01308946708 0.01316214773 0.01319431386 0.01312777395 0.01313073433 0.01302467941 0.01335330323 0.01319212158 0.01261478749 0.01323458635 0.01269369573 0.01308588639 0.0 0.0 0.0 0.0 0.0 0.0 0.0 0.0 0.0 0.0 0.0 0.0 0.0 0.0 0.0 0.0 0.0 0.0 0.0 0.0 0.0 0.0 0.0 0.0 0.0 0.0 0.0 0.0 0.0 0.0 0.0 0.0 0.0 0.0 0.0 0.0 0.0 0.0 0.0 0.0 0.0 0.0 0.0 0.0 0.0 0.0 0.0 0.0 0.0 0.0
0.01285046323 0.01292493399 0.01302284773 0.01301225201 0.01280325716 0.01301237428 0.01308946708 0.695006234821 0.01307889541 0.01309212568 0.01305997369 0.01309507255 0.01303714102 0.01306947405 0.01304613844 0.01276981879 0.01300751677 0.01293876526 0.01305864862 0.0 0.0 0.0 0.0 0.0 0.0 0.0 0.0 0.0 0.0 0.0 0.0 0.0 0.0 0.0 0.0 0.0 0.0 0.0 0.0 0.0 0.0 0.0 0.0 0.0 0.0 0.0 0.0 0.0 0.0 0.0 0.0 0.0 0.0 0.0 0.0 0.0 0.0 0.0 0.0 0.0 0.0 0.0 0.0 0.0 0.0 0.0 0.0 0.0 0.0
0.0123122702 0.012721946 0.01280270029 0.01276771361 0.01216113099 0.01278220255 0.01316214773 0.01307889541 0.751451465097 0.01315023564 0.01313756028 0.01302039092 0.01293164901 0.01341891688 0.01315261706 0.01210911037 0.01329105334 0.01232301135 0.01311871334 0.0 0.0 0.0 0.0 0.0 0.0 0.0 0.0 0.0 0.0 0.0 0.0 0.0 0.0 0.0 0.0 0.0 0.0 0.0 0.0 0.0 0.0 0.0 0.0 0.0 0.0 0.0 0.0 0.0 0.0 0.0 0.0 0.0 0.0 0.0 0.0 0.0 0.0 0.0 0.0 0.0 0.0 0.0 0.0 0.0 0.0 0.0 0.0 0.0 0.0
0.01270873916 0.01289108329 0.01301462333 0.01298864312 0.01262610583 0.01290612161 0.01319431386 0.01309212568 0.01315023564 0.583749340146 0.01318146119 0.01316153155 0.01303889182 0.01342753662 0.0131967003 0.01267956598 0.01329008306 0.01273483433 0.01311747759 0.0 0.0 0.0 0.0 0.0 0.0 0.0 0.0 0.0 0.0 0.0 0.0 0.0 0.0 0.0 0.0 0.0 0.0 0.0 0.0 0.0 0.0 0.0 0.0 0.0 0.0 0.0 0.0 0.0 0.0 0.0 0.0 0.0 0.0 0.0 0.0 0.0 0.0 0.0 0.0 0.0 0.0 0.0 0.0 0.0 0.0 0.0 0.0 0.0 0.0
0.01269237956 0.01286313153 0.01297467525 0.01296361693 0.01265896326 0.01288735971 0.01312777395 0.01305997369 0.01313756028 0.01318146119 0.92249762752 0.01309596584 0.01298923191 0.01363294587 0.01314719823 0.01271771249 0.013383351 0.01278693997 0.01316762777 0.0 0.0 0.0 0.0 0.0 0.0 0.0 0.0 0.0 0.0 0.0 0.0 0.0 0.0 0.0 0.0 0.0 0.0 0.0 0.0 0.0 0.0 0.0 0.0 0.0 0.0 0.0 0.0 0.0 0.0 0.0 0.0 0.0 0.0 0.0 0.0 0.0 0.0 0.0 0.0 0.0 0.0 0.0 0.0 0.0 0.0 0.0 0.0 0.0 0.0
0.01297306183 0.01301024026 0.0131115167 0.01310620793 0.01293914955 0.01302279348 0.01313073433 0.01309507255 0.01302039092 0.01316153155 0.01309596584 0.70539238981 0.01307650486 0.01316260691 0.01312052986 0.01298895877 0.01309706469 0.01300077177 0.0130613013 0.0 0.0 0.0 0.0 0.0 0.0 0.0 0.0 0.0 0.0 0.0 0.0 0.0 0.0 0.0 0.0 0.0 0.0 0.0 0.0 0.0 0.0 0.0 0.0 0.0 0.0 0.0 0.0 0.0 0.0 0.0 0.0 0.0 0.0 0.0 0.0 0.0 0.0 0.0 0.0 0.0 0.0 0.0 0.0 0.0 0.0 0.0 0.0 0.0 0.0
0.01315063239 0.01307528287 0.01311538555 0.01311415059 0.01316203921 0.01307993893 0.01302467941 0.01303714102 0.01293164901 0.01303889182 0.01298923191 0.01307650486 0.833158824185 0.01290703528 0.01301785393 0.01319108435 0.0129397609 0.01315022582 0.01298182084 0.0 0.0 0.0 0.0 0.0 0.0 0.0 0.0 0.0 0.0 0.0 0.0 0.0 0.0 0.0 0.0 0.0 0.0 0.0 0.0 0.0 0.0 0.0 0.0 0.0 0.0 0.0 0.0 0.0 0.0 0.0 0.0 0.0 0.0 0.0 0.0 0.0 0.0 0.0 0.0 0.0 0.0 0.0 0.0 0.0 0.0 0.0 0.0 0.0 0.0
0.01198943889 0.01257023022 0.01273934079 0.01271225107 0.01181071013 0.01255552059 0.01335330323 0.01306947405 0.01341891688 0.01342753662 0.01363294587 0.01316260691 0.01290703528 0.737602276137 0.01340182558 0.01192817294 0.01397788333 0.01208264904 0.0133771217 0.0 0.0 0.0 0.0 0.0 0.0 0.0 0.0 0.0 0.0 0.0 0.0 0.0 0.0 0.0 0.0 0.0 0.0 0.0 0.0 0.0 0.0 0.0 0.0 0.0 0.0 0.0 0.0 0.0 0.0 0.0 0.0 0.0 0.0 0.0 0.0 0.0 0.0 0.0 0.0 0.0 0.0 0.0 0.0 0.0 0.0 0.0 0.0 0.0 0.0
0.01270916471 0.0129050583 0.01299562072 0.01297064465 0.01263426907 0.01289451737 0.01319212158 0.01304613844 0.01315261706 0.0131967003 0.01314719823 0.01312052986 0.01301785393 0.01340182558 0.502083550936 0.01267692806 0.01329134496 0.01269272055 0.01308148347 0.0 0.0 0.0 0.0 0.0 0.0 0.0 0.0 0.0 0.0 0.0 0.0 0.0 0.0 0.0 0.0 0.0 0.0 0.0 0.0 0.0 0.0 0.0 0.0 0.0 0.0 0.0 0.0 0.0 0.0 0.0 0.0 0.0 0.0 0.0 0.0 0.0 0.0 0.0 0.0 0.0 0.0 0.0 0.0 0.0 0.0 0.0 0.0 0.0 0.0
0.01510740125 0.01385583786 0.01363375782 0.01371351946 0.0156385706 0.01361752747 0.01261478749 0.01276981879 0.01210911037 0.01267956598 0.01271771249 0.01298895877 0.01319108435 0.01192817294 0.01267692806 1.41558417162 0.01235943105 0.01497920323 0.01271121294 0.0 0.0 0.0 0.0 0.0 0.0 0.0 0.0 0.0 0.0 0.0 0.0 0.0 0.0 0.0 0.0 0.0 0.0 0.0 0.0 0.0 0.0 0.0 0.0 0.0 0.0 0.0 0.0 0.0 0.0 0.0 0.0 0.0 0.0 0.0 0.0 0.0 0.0 0.0 0.0 0.0 0.0 0.0 0.0 0.0 0.0 0.0 0.0 0.0 0.0
0.01237039789 0.01273675296 0.01285145057 0.01282567823 0.01227396545 0.01271593593 0.01323458635 0.01300751677 0.01329105334 0.01329008306 0.013383351 0.01309706469 0.0129397609 0.01397788333 0.01329134496 0.01235943105 0.682269121888 0.01239443188 0.01322066648 0.0 0.0 0.0 0.0 0.0 0.0 0.0 0.0 0.0 0.0 0.0 0.0 0.0 0.0 0.0 0.0 0.0 0.0 0.0 0.0 0.0 0.0 0.0 0.0 0.0 0.0 0.0 0.0 0.0 0.0 0.0 0.0 0.0 0.0 0.0 0.0 0.0 0.0 0.0 0.0 0.0 0.0 0.0 0.0 0.0 0.0 0.0 0.0 0.0 0.0
0.01451863551 0.01358854822 0.01346350019 0.01353550627 0.01489176199 0.01351660282 0.01269369573 0.01293876526 0.01232301135 0.01273483433 0.01278693997 0.01300077177 0.01315022582 0.01208264904 0.01269272055 0.01497920323 0.01239443188 1.47988788906 0.01280594876 0.0 0.0 0.0 0.0 0.0 0.0 0.0 0.0 0.0 0.0 0.0 0.0 0.0 0.0 0.0 0.0 0.0 0.0 0.0 0.0 0.0 0.0 0.0 0.0 0.0 0.0 0.0 0.0 0.0 0.0 0.0 0.0 0.0 0.0 0.0 0.0 0.0 0.0 0.0 0.0 0.0 0.0 0.0 0.0 0.0 0.0 0.0 0.0 0.0 0.0
0.0127205467 0.01289410832 0.01294881983 0.01294250098 0.01269007495 0.01289974543 0.01308588639 0.01305864862 0.01311871334 0.01311747759 0.01316762777 0.0130613013 0.01298182084 0.0133771217 0.01308148347 0.01271121294 0.01322066648 0.01280594876 0.605910249432 0.0 0.0 0.0 0.0 0.0 0.0 0.0 0.0 0.0 0.0 0.0 0.0 0.0 0.0 0.0 0.0 0.0 0.0 0.0 0.0 0.0 0.0 0.0 0.0 0.0 0.0 0.0 0.0 0.0 0.0 0.0 0.0 0.0 0.0 0.0 0.0 0.0 0.0 0.0 0.0 0.0 0.0 0.0 0.0 0.0 0.0 0.0 0.0 0.0 0.0
0.0 0.0 0.0 0.0 0.0 0.0 0.0 0.0 0.0 0.0 0.0 0.0 0.0 0.0 0.0 0.0 0.0 0.0 0.0 0.5187475664 0.004567850825 0.004448272099 0.00419261028 0.004856253646 0.004453966761 0.003949889696 0.004081575929 0.004057069296 0.003738349474 0.004204787137 0.004031738126 0.003903065021 0.00408330422 0.003878159462 0.00483032568 0.004225908079 0.004380717839 0.004081774095 0.0 0.0 0.0 0.0 0.0 0.0 0.0 0.0 0.0 0.0 0.0 0.0 0.0 0.0 0.0 0.0 0.0 0.0 0.0 0.0 0.0 0.0 0.0 0.0 0.0 0.0 0.0 0.0 0.0 0.0 0.0
0.0 0.0 0.0 0.0 0.0 0.0 0.0 0.0 0.0 0.0 0.0 0.0 0.0 0.0 0.0 0.0 0.0 0.0 0.0 0.004567850825 0.729313361652 0.00444319244 0.004159793122 0.004951669765 0.004472691942 0.003895377107 0.004036544189 0.004034895331 0.003660195175 0.00418057845 0.003984541296 0.003845256914 0.004061442969 0.003816068656 0.004939169669 0.004209798217 0.004401089862 0.004042273713 0.0 0.0 0.0 0.0 0.0 0.0 0.0 0.0 0.0 0.0 0.0 0.0 0.0 0.0 0.0 0.0 0.0 0.0 0.0 0.0 0.0 0.0 0.0 0.0 0.0 0.0 0.0 0.0 0.0 0.0 0.0
0.0 0.0 0.0 0.0 0.0 0.0 0.0 0.0 0.0 0.0 0.0 0.0 0.0 0.0 0.0 0.0 0.0 0.0 0.0 0.004448272099 0.00444319244 0.663649695912 0.004229156597 0.004620148031 0.004399420928 0.004064048582 0.004158102606 0.004122850939 0.003912599541 0.004251070944 0.004130424332 0.00403076035 0.004144785483 0.004016239017 0.004601317685 0.004246955837 0.004350298448 0.00416501657 0.0 0.0 0.0 0.0 0.0 0.0 0.0 0.0 0.0 0.0 0.0 0.0 0.0 0.0 0.0 0.0 0.0 0.0 0.0 0.0 0.0 0.0 0.0 0.0 0.0 0.0 0.0 0.0 0.0 0.0 0.0
0.0 0.0 0.0 0.0 0.0 0.0 0.0 0.0 0.0 0.0 0.0 0.0 0.0 0.0 0.0 0.0 0.0 0.0 0.0 0.00419261028 0.004159793122 0.004229156597 0.235957844978 0.004050642664 0.004193639106 0.004466336866 0.00440080886 0.004305203446 0.004556160312 0.004317203108 0.004440327471 0.004481757624 0.004330467802 0.004477196395 0.004104320107 0.004271275408 0.004259358116 0.004384737677 0.0 0.0 0.0 0.0 0.0 0.0 0.0 0.0 0.0 0.0 0.0 0.0 0.0 0.0 0.0 0.0 0.0 0.0 0.0 0.0 0.0 0.0 0.0 0.0 0.0 0.0 0.0 0.0 0.0 0.0 0.0
0.0 0.0 0.0 0.0 0.0 0.0 0.0 0.0 0.0 0.0 0.0 0.0 0.0 0.0 0.0 0.0 0.0 0.0 0.0 0.004856253646 0.004951669765 0.004620148031 0.004050642664 3.80078214929 0.004687847132 0.00350789356 0.003803208048 0.003811240798 0.003115615564 0.004147083136 0.003743941722 0.003422575043 0.003875044084 0.003409046649 0.005793210097 0.004177826549 0.004540051541 0.003864660748 0.0 0.0 0.0 0.0 0.0 0.0 0.0 0.0 0.0 0.0 0.0 0.0 0.0 0.0 0.0 0.0 0.0 0.0 0.0 0.0 0.0 0.0 0.0 0.0 0.0 0.0 0.0 0.0 0.0 0.0 0.0
0.0 0.0 0.0 0.0 0.0 0.0 0.0 0.0 0.0 0.0 0.0 0.0 0.0 0.0 0.0 0.0 0.0 0.0 0.0 0.004453966761 0.004472691942 0.004399420928 0.004193639106 0.004687847132 0.559963932946 0.004004191786 0.004118253287 0.004105995911 0.003831585119 0.004230456589 0.004080972969 0.003966786559 0.004123155966 0.003952741682 0.004665377473 0.004234424647 0.004348085903 0.004126483445 0.0 0.0 0.0 0.0 0.0 0.0 0.0 0.0 0.0 0.0 0.0 0.0 0.0 0.0 0.0 0.0 0.0 0.0 0.0 0.0 0.0 0.0 0.0 0.0 0.0 0.0 0.0 0.0 0.0 0.0 0.0
0.0 0.0 0.0 0.0 0.0 0.0 0.0 0.0 0.0 0.0 0.0 0.0 0.0 0.0 0.0 0.0 0.0 0.0 0.0 0.003949889696 0.003895377107 0.004064048582 0.004466336866 0.00350789356 0.004004191786 0.438613783889 0.004584547596 0.004455467033 0.005163013004 0.004341650982 0.004716858531 0.004919715816 0.004477490684 0.004927919103 0.003605467861 0.004269133943 0.004186727632 0.004562370453 0.0 0.0 0.0 0.0 0.0 0.0 0.0 0.0 0.0 0.0 0.0 0.0 0.0 0.0 0.0 0.0 0.0 0.0 0.0 0.0 0.0 0.0 0.0 0.0 0.0 0.0 0.0 0.0 0.0 0.0 0.0
0.0 0.0 0.0 0.0 0.0 0.0 0.0 0.0 0.0 0.0 0.0 0.0 0.0 0.0 0.0 0.0 0.0 0.0 0.0 0.004081575929 0.004036544189 0.004158102606 0.00440080886 0.003803208048 0.004118253287 0.004584547596 0.342293650446 0.004364175493 0.004747491221 0.004331447041 0.004524684329 0.004617176789 0.004378432952 0.004622371505 0.003881543006 0.004268934144 0.004221860718 0.004443920216 0.0 0.0 0.0 0.0 0.0 0.0 0.0 0.0 0.0 0.0 0.0 0.0 0.0 0.0 0.0 0.0 0.0 0.0 0.0 0.0 0.0 0.0 0.0 0.0 0.0 0.0 0.0 0.0 0.0 0.0 0.0
0.0 0.0 0.0 0.0 0.0 0.0 0.0 0.0 0.0 0.0 0.0 0.0 0.0 0.0 0.0 0.0 0.0 0.0 0.0 0.004057069296 0.004034895331 0.004122850939 0.004305203446 0.003811240798 0.004105995911 0.004455467033 0.004364175493 0.404922648053 0.004565359151 0.004276142621 0.004394357184 0.004479159206 0.004357332343 0.004484561713 0.0038546808 0.004262601711 0.004157368674 0.004363405483 0.0 0.0 0.0 0.0 0.0 0.0 0.0 0.0 0.0 0.0 0.0 0.0 0.0 0.0 0.0 0.0 0.0 0.0 0.0 0.0 0.0 0.0 0.0 0.0 0.0 0.0 0.0 0.0 0.0 0.0 0.0
0.0 0.0 0.0 0.0 0.0 0.0 0.0 0.0 0.0 0.0 0.0 0.0 0.0 0.0 0.0 0.0 0.0 0.0 0.0 0.003738349474 0.003660195175 0.003912599541 0.004556160312 0.003115615564 0.003831585119 0.005163013004 0.004747491221 0.004565359151 0.195894386635 0.004377574202 0.004982584748 0.005323046668 0.004600120453 0.005414867248 0.003242966905 0.004247214961 0.004120638199 0.004721058668 0.0 0.0 0.0 0.0 0.0 0.0 0.0 0.0 0.0 0.0 0.0 0.0 0.0 0.0 0.0 0.0 0.0 0.0 0.0 0.0 0.0 0.0 0.0 0.0 0.0 0.0 0.0 0.0 0.0 0.0 0.0
0.0 0.0 0.0 0.0 0.0 0.0 0.0 0.0 0.0 0.0 0.0 0.0 0.0 0.0 0.0 0.0 0.0 0.0 0.0 0.004204787137 0.00418057845 0.004251070944 0.004317203108 0.004147083136 0.004230456589 0.004341650982 0.004331447041 0.004276142621 0.004377574202 0.273798527106 0.004359707555 0.004347358914 0.004291762614 0.004362382773 0.004168304944 0.004271934599 0.00427052701 0.004342357005 0.0 0.0 0.0 0.0 0.0 0.0 0.0 0.0 0.0 0.0 0.0 0.0 0.0 0.0 0.0 0.0 0.0 0.0 0.0 0.0 0.0 0.0 0.0 0.0 0.0 0.0 0.0 0.0 0.0 0.0 0.0
0.0 0.0 0.0 0.0 0.0 0.0 0.0 0.0 0.0 0.0 0.0 0.0 0.0 0.0 0.0 0.0 0.0 0.0 0.0 0.004031738126 0.003984541296 0.004130424332 0.004440327471 0.003743941722 0.004080972969 0.004716858531 0.004524684329 0.004394357184 0.004982584748 0.004359707555 0.450446887483 0.004755124637 0.00442787523 0.004782642839 0.003811054308 0.004268298921 0.004228229667 0.004521788754 0.0 0.0 0.0 0.0 0.0 0.0 0.0 0.0 0.0 0.0 0.0 0.0 0.0 0.0 0.0 0.0 0.0 0.0 0.0 0.0 0.0 0.0 0.0 0.0 0.0 0.0 0.0 0.0 0.0 0.0 0.0
0.0 0.0 0.0 0.0 0.0 0.0 0.0 0.0 0.0 0.0 0.0 0.0 0.0 0.0 0.0 0.0 0.0 0.0 0.0 0.003903065021 0.003845256914 0.00403076035 0.004481757624 0.003422575043 0.003966786559 0.004919715816 0.004617176789 0.004479159206 0.005323046668 0.004347358914 0.004755124637 0.232753354344 0.004498469161 0.005024306345 0.003528442795 0.004265019894 0.004167847852 0.004587517747 0.0 0.0 0.0 0.0 0.0 0.0 0.0 0.0 0.0 0.0 0.0 0.0 0.0 0.0 0.0 0.0 0.0 0.0 0.0 0.0 0.0 0.0 0.0 0.0 0.0 0.0 0.0 0.0 0.0 0.0 0.0
0.0 0.0 0.0 0.0 0.0 0.0 0.0 0.0 0.0 0.0 0.0 0.0 0.0 0.0 0.0 0.0 0.0 0.0 0.0 0.00408330422 0.004061442969 0.004144785483 0.004330467802 0.003875044084 0.004123155966 0.004477490684 0.004378432952 0.004357332343 0.004600120453 0.004291762614 0.00442787523 0.004498469161 0.297793831461 0.004506529813 0.003916893338 0.004263004748 0.004189782196 0.004382252553 0.0 0.0 0.0 0.0 0.0 0.0 0.0 0.0 0.0 0.0 0.0 0.0 0.0 0.0 0.0 0.0 0.0 0.0 0.0 0.0 0.0 0.0 0.0 0.0 0.0 0.0 0.0 0.0 0.0 0.0 0.0
0.0 0.0 0.0 0.0 0.0 0.0 0.0 0.0 0.0 0.0 0.0 0.0 0.0 0.0 0.0 0.0 0.0 0.0 0.0 0.003878159462 0.003816068656 0.004016239017 0.004477196395 0.003409046649 0.003952741682 0.004927919103 0.004622371505 0.004484561713 0.005414867248 0.004362382773 0.004782642839 0.005024306345 0.004506529813 0.418310133502 0.003504910601 0.004261324102 0.004168223936 0.004610811962 0.0 0.0 0.0 0.0 0.0 0.0 0.0 0.0 0.0 0.0 0.0 0.0 0.0 0.0 0.0 0.0 0.0 0.0 0.0 0.0 0.0 0.0 0.0 0.0 0.0 0.0 0.0 0.0 0.0 0.0 0.0
0.0 0.0 0.0 0.0 0.0 0.0 0.0 0.0 0.0 0.0 0.0 0.0 0.0 0.0 0.0 0.0 0.0 0.0 0.0 0.00483032568 0.004939169669 0.004601317685 0.004104320107 0.005793210097 0.004665377473 0.003605467861 0.003881543006 0.0038546808 0.003242966905 0.004168304944 0.003811054308 0.003528442795 0.003916893338 0.003504910601 1.08112584598 0.004180708431 0.004550464738 0.003905251351 0.0 0.0 0.0 0.0 0.0 0.0 0.0 0.0 0.0 0.0 0.0 0.0 0.0 0.0 0.0 0.0 0.0 0.0 0.0 0.0 0.0 0.0 0.0 0.0 0.0 0.0 0.0 0.0 0.0 0.0 0.0
0.0 0.0 0.0 0.0 0.0 0.0 0.0 0.0 0.0 0.0 0.0 0.0 0.0 0.0 0.0 0.0 0.0 0.0 0.0 0.004225908079 0.004209798217 0.004246955837 0.004271275408 0.004177826549 0.004234424647 0.004269133943 0.004268934144 0.004262601711 0.004247214961 0.004271934599 0.004268298921 0.004265019894 0.004263004748 0.004261324102 0.004180708431 0.509714847707 0.004238265153 0.004272160388 0.0 0.0 0.0 0.0 0.0 0.0 0.0 0.0 0.0 0.0 0.0 0.0 0.0 0.0 0.0 0.0 0.0 0.0 0.0 0.0 0.0 0.0 0.0 0.0 0.0 0.0 0.0 0.0 0.0 0.0 0.0
0.0 0.0 0.0 0.0 0.0 0.0 0.0 0.0 0.0 0.0 0.0 0.0 0.0 0.0 0.0 0.0 0.0 0.0 0.0 0.004380717839 0.004401089862 0.004350298448 0.004259358116 0.004540051541 0.004348085903 0.004186727632 0.004221860718 0.004157368674 0.004120638199 0.00427052701 0.004228229667 0.004167847852 0.004189782196 0.004168223936 0.004550464738 0.004238265153 0.745472756068 0.00422357904 0.0 0.0 0.0 0.0 0.0 0.0 0.0 0.0 0.0 0.0 0.0 0.0 0.0 0.0 0.0 0.0 0.0 0.0 0.0 0.0 0.0 0.0 0.0 0.0 0.0 0.0 0.0 0.0 0.0 0.0 0.0
0.0 0.0 0.0 0.0 0.0 0.0 0.0 0.0 0.0 0.0 0.0 0.0 0.0 0.0 0.0 0.0 0.0 0.0 0.0 0.004081774095 0.004042273713 0.00416501657 0.004384737677 0.003864660748 0.004126483445 0.004562370453 0.004443920216 0.004363405483 0.004721058668 0.004342357005 0.004521788754 0.004587517747 0.004382252553 0.004610811962 0.003905251351 0.004272160388 0.00422357904 0.345118245195 0.0 0.0 0.0 0.0 0.0 0.0 0.0 0.0 0.0 0.0 0.0 0.0 0.0 0.0 0.0 0.0 0.0 0.0 0.0 0.0 0.0 0.0 0.0 0.0 0.0 0.0 0.0 0.0 0.0 0.0 0.0
0.0 0.0 0.0 0.0 0.0 0.0 0.0 0.0 0.0 0.0 0.0 0.0 0.0 0.0 0.0 0.0 0.0 0.0 0.0 0.0 0.0 0.0 0.0 0.0 0.0 0.0 0.0 0.0 0.0 0.0 0.0 0.0 0.0 0.0 0.0 0.0 0.0 0.0 0.615285598036 0.005463611604 0.005222445604 0.005205840606 0.004949378683 0.005193722414 0.004968655925 0.005081345719 0.00482825776 0.004917982281 0.005037959795 0.004908245902 0.004870602677 0.004796605062 0.004863823604 0.005455899943 0.004994441439 0.005297167671 0.005041026944 0.0 0.0 0.0 0.0 0.0 0.0 0.0 0.0 0.0 0.0 0.0 0.0
0.0 0.0 0.0 0.0 0.0 0.0 0.0 0.0 0.0 0.0 0.0 0.0 0.0 0.0 0.0 0.0 0.0 0.0 0.0 0.0 0.0 0.0 0.0 0.0 0.0 0.0 0.0 0.0 0.0 0.0 0.0 0.0 0.0 0.0 0.0 0.0 0.0 0.0 0.005463611604 1.39296023882 0.005387882135 0.005328730988 0.00479199444 0.005339069588 0.004763929645 0.00493146726 0.004503037435 0.004620633967 0.004982140996 0.00459524987 0.004516017896 0.004451838273 0.004569196127 0.006167671806 0.004874386198 0.005612338474 0.004976073807 0.0 0.0 0.0 0.0 0.0 0.0 0.0 0.0 0.0 0.0 0.0 0.0
0.0 0.0 0.0 0.0 0.0 0.0 0.0 0.0 0.0 0.0 0.0 0.0 0.0 0.0 0.0 0.0 0.0 0.0 0.0 0.0 0.0 0.0 0.0 0.0 0.0 0.0 0.0 0.0 0.0 0.0 0.0 0.0 0.0 0.0 0.0 0.0 0.0 0.0 0.005222445604 0.005387882135 0.397246261995 0.005189852044 0.004960771334 0.005183364845 0.004979701644 0.005091733729 0.004860314516 0.004943439601 0.005061952067 0.004933542898 0.004890900337 0.004831386648 0.004889531744 0.00538800223 0.005013294651 0.005278780123 0.00505342602 0.0 0.0 0.0 0.0 0.0 0.0 0.0 0.0 0.0 0.0 0.0 0.0
0.0 0.0 0.0 0.0 0.0 0.0 0.0 0.0 0.0 0.0 0.0 0.0 0.0 0.0 0.0 0.0 0.0 0.0 0.0 0.0 0.0 0.0 0.0 0.0 0.0 0.0 0.0 0.0 0.0 0.0 0.0 0.0 0.0 0.0 0.0 0.0 0.0 0.0 0.005205840606 0.005328730988 0.005189852044 0.349063721232 0.004999515613 0.005163209479 0.005025800203 0.005122579041 0.004918181805 0.00501731547 0.005078658065 0.005016311763 0.004972400774 0.00490439706 0.004953581841 0.005327554068 0.005045920957 0.005239045494 0.00507500002 0.0 0.0 0.0 0.0 0.0 0.0 0.0 0.0 0.0 0.0 0.0 0.0
0.0 0.0 0.0 0.0 0.0 0.0 0.0 0.0 0.0 0.0 0.0 0.0 0.0 0.0 0.0 0.0 0.0 0.0 0.0 0.0 0.0 0.0 0.0 0.0 0.0 0.0 0.0 0.0 0.0 0.0 0.0 0.0 0.0 0.0 0.0 0.0 0.0 0.0 0.004949378683 0.00479199444 0.004960771334 0.004999515613 0.406386462767 0.004969719556 0.005155847901 0.005104181375 0.005229909625 0.005219728468 0.005095046611 0.005234871542 0.00526233973 0.005262146093 0.005233305183 0.00479055949 0.005127180887 0.004899162408 0.005095024412 0.0 0.0 0.0 0.0 0.0 0.0 0.0 0.0 0.0 0.0 0.0 0.0
0.0 0.0 0.0 0.0 0.0 0.0 0.0 0.0 0.0 0.0 0.0 0.0 0.0 0.0 0.0 0.0 0.0 0.0 0.0 0.0 0.0 0.0 0.0 0.0 0.0 0.0 0.0 0.0 0.0 0.0 0.0 0.0 0.0 0.0 0.0 0.0 0.0 0.0 0.005193722414 0.005339069588 0.005183364845 0.005163209479 0.004969719556 0.851478169327 0.004988887782 0.005084242445 0.004883619872 0.004955966424 0.00505672438 0.00494470459 0.0049070048 0.004857532949 0.004907514934 0.005338963979 0.005015907046 0.005243401033 0.005047729372 0.0 0.0 0.0 0.0 0.0 0.0 0.0 0.0 0.0 0.0 0.0 0.0
0.0 0.0 0.0 0.0 0.0 0.0 0.0 0.0 0.0 0.0 0.0 0.0 0.0 0.0 0.0 0.0 0.0 0.0 0.0 0.0 0.0 0.0 0.0 0.0 0.0 0.0 0.0 0.0 0.0 0.0 0.0 0.0 0.0 0.0 0.0 0.0 0.0 0.0 0.004968655925 0.004763929645 0.004979701644 0.005025800203 0.005155847901 0.004988887782 0.47290981537 0.005189504826 0.005249812933 0.00528900282 0.00512413573 0.005301881646 0.005318483619 0.005272156445 0.005256367513 0.004750220734 0.005151351926 0.004909798279 0.005121433292 0.0 0.0 0.0 0.0 0.0 0.0 0.0 0.0 0.0 0.0 0.0 0.0
0.0 0.0 0.0 0.0 0.0 0.0 0.0 0.0 0.0 0.0 0.0 0.0 0.0 0.0 0.0 0.0 0.0 0.0 0.0 0.0 0.0 0.0 0.0 0.0 0.0 0.0 0.0 0.0 0.0 0.0 0.0 0.0 0.0 0.0 0.0 0.0 0.0 0.0 0.005081345719 0.00493146726 0.005091733729 0.005122579041 0.005104181375 0.005084242445 0.005189504826 0.526377961493 0.005152248543 0.005259305089 0.005128041235 0.005264758051 0.005256128638 0.005140104234 0.005165192141 0.004898566128 0.005122986061 0.005062425154 0.005135622869 0.0 0.0 0.0 0.0 0.0 0.0 0.0 0.0 0.0 0.0 0.0 0.0
0.0 0.0 0.0 0.0 0.0 0.0 0.0 0.0 0.0 0.0 0.0 0.0 0.0 0.0 0.0 0.0 0.0 0.0 0.0 0.0 0.0 0.0 0.0 0.0 0.0 0.0 0.0 0.0 0.0 0.0 0.0 0.0 0.0 0.0 0.0 0.0 0.0 0.0 0.00482825776 0.004503037435 0.004860314516 0.004918181805 0.005229909625 0.004883619872 0.005249812933 0.005152248543 0.338018777094 0.005377824087 0.005125037637 0.005395888196 0.005446030985 0.005453099792 0.005391997772 0.004496111742 0.005184655073 0.004745100397 0.005123381362 0.0 0.0 0.0 0.0 0.0 0.0 0.0 0.0 0.0 0.0 0.0 0.0
0.0 0.0 0.0 0.0 0.0 0.0 0.0 0.0 0.0 0.0 0.0 0.0 0.0 0.0 0.0 0.0 0.0 0.0 0.0 0.0 0.0 0.0 0.0 0.0 0.0 0.0 0.0 0.0 0.0 0.0 0.0 0.0 0.0 0.0 0.0 0.0 0.0 0.0 0.004917982281 0.004620633967 0.004943439601 0.00501731547 0.005219728468 0.004955966424 0.00528900282 0.005259305089 0.005377824087 0.36572673619 0.005167483746 0.005486674816 0.005498629919 0.005425141641 0.005395668349 0.00461022735 0.005227968101 0.004844177039 0.005165356578 0.0 0.0 0.0 0.0 0.0 0.0 0.0 0.0 0.0 0.0 0.0 0.0
0.0 0.0 0.0 0.0 0.0 0.0 0.0 0.0 0.0 0.0 0.0 0.0 0.0 0.0 0.0 0.0 0.0 0.0 0.0 0.0 0.0 0.0 0.0 0.0 0.0 0.0 0.0 0.0 0.0 0.0 0.0 0.0 0.0 0.0 0.0 0.0 0.0 0.0 0.005037959795 0.004982140996 0.005061952067 0.005078658065 0.005095046611 0.00505672438 0.00512413573 0.005128041235 0.005125037637 0.005167483746 0.363290523466 0.005172026415 0.005150353047 0.005133815716 0.005142605895 0.004986650763 0.005131741795 0.005042792201 0.005110197816 0.0 0.0 0.0 0.0 0.0 0.0 0.0 0.0 0.0 0.0 0.0 0.0
0.0 0.0 0.0 0.0 0.0 0.0 0.0 0.0 0.0 0.0 0.0 0.0 0.0 0.0 0.0 0.0 0.0 0.0 0.0 0.0 0.0 0.0 0.0 0.0 0.0 0.0 0.0 0.0 0.0 0.0 0.0 0.0 0.0 0.0 0.0 0.0 0.0 0.0 0.004908245902 0.00459524987 0.004933542898 0.005016311763 0.005234871542 0.00494470459 0.005301881646 0.005264758051 0.005395888196 0.005486674816 0.005172026415 0.249898659539 0.005526711402 0.005463619892 0.005416763232 0.004580535412 0.005232022031 0.004822397737 0.00517497171 0.0 0.0 0.0 0.0 0.0 0.0 0.0 0.0 0.0 0.0 0.0 0.0
0.0 0.0 0.0 0.0 0.0 0.0 0.0 0.0 0.0 0.0 0.0 0.0 0.0 0.0 0.0 0.0 0.0 0.0 0.0 0.0 0.0 0.0 0.0 0.0 0.0 0.0 0.0 0.0 0.0 0.0 0.0 0.0 0.0 0.0 0.0 0.0 0.0 0.0 0.004870602677 0.004516017896 0.004890900337 0.004972400774 0.00526233973 0.0049070048 0.005318483619 0.005256128638 0.005446030985 0.005498629919 0.005150353047 0.005526711402 0.234091768529 0.005507823777 0.005461708851 0.004499498881 0.005221408548 0.004763958649 0.005171491704 0.0 0.0 0.0 0.0 0.0 0.0 0.0 0.0 0.0 0.0 0.0 0.0
0.0 0.0 0.0 0.0 0.0 0.0 0.0 0.0 0.0 0.0 0.0 0.0 0.0 0.0 0.0 0.0 0.0 0.0 0.0 0.0 0.0 0.0 0.0 0.0 0.0 0.0 0.0 0.0 0.0 0.0 0.0 0.0 0.0 0.0 0.0 0.0 0.0 0.0 0.004796605062 0.004451838273 0.004831386648 0.00490439706 0.005262146093 0.004857532949 0.005272156445 0.005140104234 0.005453099792 0.005425141641 0.005133815716 0.005463619892 0.005507823777 0.301697135195 0.005450495191 0.004450709453 0.005210227947 0.004700451437 0.005138759763 0.0 0.0 0.0 0.0 0.0 0.0 0.0 0.0 0.0 0.0 0.0 0.0
0.0 0.0 0.0 0.0 0.0 0.0 0.0 0.0 0.0 0.0 0.0 0.0 0.0 0.0 0.0 0.0 0.0 0.0 0.0 0.0 0.0 0.0 0.0 0.0 0.0 0.0 0.0 0.0 0.0 0.0 0.0 0.0 0.0 0.0 0.0 0.0 0.0 0.0 0.004863823604 0.004569196127 0.004889531744 0.004953581841 0.005233305183 0.004907514934 0.005256367513 0.005165192141 0.005391997772 0.005395668349 0.005142605895 0.005416763232 0.005461708851 0.005450495191 0.286449675295 0.004564754664 0.005201578927 0.00477825391 0.005143083672 0.0 0.0 0.0 0.0 0.0 0.0 0.0 0.0 0.0 0.0 0.0 0.0
0.0 0.0 0.0 0.0 0.0 0.0 0.0 0.0 0.0 0.0 0.0 0.0 0.0 0.0 0.0 0.0 0.0 0.0 0.0 0.0 0.0 0.0 0.0 0.0 0.0 0.0 0.0 0.0 0.0 0.0 0.0 0.0 0.0 0.0 0.0 0.0 0.0 0.0 0.005455899943 0.006167671806 0.00538800223 0.005327554068 0.00479055949 0.005338963979 0.004750220734 0.004898566128 0.004496111742 0.00461022735 0.004986650763 0.004580535412 0.004499498881 0.004450709453 0.004564754664 1.15555971561 0.004877288905 0.005621308163 0.00497693235 0.0 0.0 0.0 0.0 0.0 0.0 0.0 0.0 0.0 0.0 0.0 0.0
0.0 0.0 0.0 0.0 0.0 0.0 0.0 0.0 0.0 0.0 0.0 0.0 0.0 0.0 0.0 0.0 0.0 0.0 0.0 0.0 0.0 0.0 0.0 0.0 0.0 0.0 0.0 0.0 0.0 0.0 0.0 0.0 0.0 0.0 0.0 0.0 0.0 0.0 0.004994441439 0.004874386198 0.005013294651 0.005045920957 0.005127180887 0.005015907046 0.005151351926 0.005122986061 0.005184655073 0.005227968101 0.005131741795 0.005232022031 0.005221408548 0.005210227947 0.005201578927 0.004877288905 0.353748370631 0.004964650522 0.005109738247 0.0 0.0 0.0 0.0 0.0 0.0 0.0 0.0 0.0 0.0 0.0 0.0
0.0 0.0 0.0 0.0 0.0 0.0 0.0 0.0 0.0 0.0 0.0 0.0 0.0 0.0 0.0 0.0 0.0 0.0 0.0 0.0 0.0 0.0 0.0 0.0 0.0 0.0 0.0 0.0 0.0 0.0 0.0 0.0 0.0 0.0 0.0 0.0 0.0 0.0 0.005297167671 0.005612338474 0.005278780123 0.005239045494 0.004899162408 0.005243401033 0.004909798279 0.005062425154 0.004745100397 0.004844177039 0.005042792201 0.004822397737 0.004763958649 0.004700451437 0.00477825391 0.005621308163 0.004964650522 0.863779727296 0.005028237309 0.0 0.0 0.0 0.0 0.0 0.0 0.0 0.0 0.0 0.0 0.0 0.0
0.0 0.0 0.0 0.0 0.0 0.0 0.0 0.0 0.0 0.0 0.0 0.0 0.0 0.0 0.0 0.0 0.0 0.0 0.0 0.0 0.0 0.0 0.0 0.0 0.0 0.0 0.0 0.0 0.0 0.0 0.0 0.0 0.0 0.0 0.0 0.0 0.0 0.0 0.005041026944 0.004976073807 0.00505342602 0.00507500002 0.005095024412 0.005047729372 0.005121433292 0.005135622869 0.005123381362 0.005165356578 0.005110197816 0.00517497171 0.005171491704 0.005138759763 0.005143083672 0.00497693235 0.005109738247 0.005028237309 0.318966622664 0.0 0.0 0.0 0.0 0.0 0.0 0.0 0.0 0.0 0.0 0.0 0.0
0.0 0.0 0.0 0.0 0.0 0.0 0.0 0.0 0.0 0.0 0.0 0.0 0.0 0.0 0.0 0.0 0.0 0.0 0.0 0.0 0.0 0.0 0.0 0.0 0.0 0.0 0.0 0.0 0.0 0.0 0.0 0.0 0.0 0.0 0.0 0.0 0.0 0.0 0.0 0.0 0.0 0.0 0.0 0.0 0.0 0.0 0.0 0.0 0.0 0.0 0.0 0.0 0.0 0.0 0.0 0.0 0.0 1.32579413144 0.008476698209 0.008407973001 0.008461631465 0.008086834629 0.008270462433 0.007368294772 0.008069207908 0.00780670498 0.007851399965 0.007716771782 0.008600382663
0.0 0.0 0.0 0.0 0.0 0.0 0.0 0.0 0.0 0.0 0.0 0.0 0.0 0.0 0.0 0.0 0.0 0.0 0.0 0.0 0.0 0.0 0.0 0.0 0.0 0.0 0.0 0.0 0.0 0.0 0.0 0.0 0.0 0.0 0.0 0.0 0.0 0.0 0.0 0.0 0.0 0.0 0.0 0.0 0.0 0.0 0.0 0.0 0.0 0.0 0.0 0.0 0.0 0.0 0.0 0.0 0.0 0.008476698209 0.588806715664 0.008450898027 0.008539500235 0.008090707517 0.00831089071 0.007316778113 0.008057148761 0.007779863966 0.00780676312 0.007685949516 0.00871009362
0.0 0.0 0.0 0.0 0.0 0.0 0.0 0.0 0.0 0.0 0.0 0.0 0.0 0.0 0.0 0.0 0.0 0.0 0.0 0.0 0.0 0.0 0.0 0.0 0.0 0.0 0.0 0.0 0.0 0.0 0.0 0.0 0.0 0.0 0.0 0.0 0.0 0.0 0.0 0.0 0.0 0.0 0.0 0.0 0.0 0.0 0.0 0.0 0.0 0.0 0.0 0.0 0.0 0.0 0.0 0.0 0.0 0.008407973001 0.008450898027 0.20737685545 0.00844265411 0.008074991623 0.008246392692 0.007407031797 0.008045109197 0.007813165214 0.007834078681 0.007716920978 0.008583184558
0.0 0.0 0.0 0.0 0.0 0.0 0.0 0.0 0.0 0.0 0.0 0.0 0.0 0.0 0.0 0.0 0.0 0.0 0.0 0.0 0.0 0.0 0.0 0.0 0.0 0.0 0.0 0.0 0.0 0.0 0.0 0.0 0.0 0.0 0.0 0.0 0.0 0.0 0.0 0.0 0.0 0.0 0.0 0.0 0.0 0.0 0.0 0.0 0.0 0.0 0.0 0.0 0.0 0.0 0.0 0.0 0.0 0.008461631465 0.008539500235 0.00844265411 0.411710406107 0.008084059161 0.008298793226 0.007332578404 0.008046249854 0.007787732119 0.007796635849 0.007687604538 0.008704814353
0.0 0.0 0.0 0.0 0.0 0.0 0.0 0.0 0.0 0.0 0.0 0.0 0.0 0.0 0.0 0.0 0.0 0.0 0.0 0.0 0.0 0.0 0.0 0.0 0.0 0.0 0.0 0.0 0.0 0.0 0.0 0.0 0.0 0.0 0.0 0.0 0.0 0.0 0.0 0.0 0.0 0.0 0.0 0.0 0.0 0.0 0.0 0.0 0.0 0.0 0.0 0.0 0.0 0.0 0.0 0.0 0.0 0.008086834629 0.008090707517 0.008074991623 0.008084059161 0.251317032818 0.008033999122 0.007726198982 0.007977300292 0.007891332553 0.007897994426 0.007848978282 0.008116321569
0.0 0.0 0.0 0.0 0.0 0.0 0.0 0.0 0.0 0.0 0.0 0.0 0.0 0.0 0.0 0.0 0.0 0.0 0.0 0.0 0.0 0.0 0.0 0.0 0.0 0.0 0.0 0.0 0.0 0.0 0.0 0.0 0.0 0.0 0.0 0.0 0.0 0.0 0.0 0.0 0.0 0.0 0.0 0.0 0.0 0.0 0.0 0.0 0.0 0.0 0.0 0.0 0.0 0.0 0.0 0.0 0.0 0.008270462433 0.00831089071 0.008246392692 0.008298793226 0.008033999122 1.00058305444 0.007513964128 0.008003769898 0.007802085051 0.007821839766 0.007748609237 0.008393494622
0.0 0.0 0.0 0.0 0.0 0.0 0.0 0.0 0.0 0.0 0.0 0.0 0.0 0.0 0.0 0.0 0.0 0.0 0.0 0.0 0.0 0.0 0.0 0.0 0.0 0.0 0.0 0.0 0.0 0.0 0.0 0.0 0.0 0.0 0.0 0.0 0.0 0.0 0.0 0.0 0.0 0.0 0.0 0.0 0.0 0.0 0.0 0.0 0.0 0.0 0.0 0.0 0.0 0.0 0.0 0.0 0.0 0.007368294772 0.007316778113 0.007407031797 0.007332578404 0.007726198982 0.007513964128 0.152340053597 0.007738293834 0.008046580983 0.007974967177 0.008117555899 0.007188142162
0.0 0.0 0.0 0.0 0.0 0.0 0.0 0.0 0.0 0.0 0.0 0.0 0.0 0.0 0.0 0.0 0.0 0.0 0.0 0.0 0.0 0.0 0.0 0.0 0.0 0.0 0.0 0.0 0.0 0.0 0.0 0.0 0.0 0.0 0.0 0.0 0.0 0.0 0.0 0.0 0.0 0.0 0.0 0.0 0.0 0.0 0.0 0.0 0.0 0.0 0.0 0.0 0.0 0.0 0.0 0.0 0.0 0.008069207908 0.008057148761 0.008045109197 0.008046249854 0.007977300292 0.008003769898 0.007738293834 0.252684277838 0.007908646092 0.007944021711 0.007876942413 0.008067795595
0.0 0.0 0.0 0.0 0.0 0.0 0.0 0.0 0.0 0.0 0.0 0.0 0.0 0.0 0.0 0.0 0.0 0.0 0.0 0.0 0.0 0.0 0.0 0.0 0.0 0.0 0.0 0.0 0.0 0.0 0.0 0.0 0.0 0.0 0.0 0.0 0.0 0.0 0.0 0.0 0.0 0.0 0.0 0.0 0.0 0.0 0.0 0.0 0.0 0.0 0.0 0.0 0.0 0.0 0.0 0.0 0.0 0.00780670498 0.007779863966 0.007813165214 0.007787732119 0.007891332553 0.007802085051 0.008046580983 0.007908646092 0.213705769351 0.007991871422 0.008005277797 0.007743919979
0.0 0.0 0.0 0.0 0.0 0.0 0.0 0.0 0.0 0.0 0.0 0.0 0.0 0.0 0.0 0.0 0.0 0.0 0.0 0.0 0.0 0.0 0.0 0.0 0.0 0.0 0.0 0.0 0.0 0.0 0.0 0.0 0.0 0.0 0.0 0.0 0.0 0.0 0.0 0.0 0.0 0.0 0.0 0.0 0.0 0.0 0.0 0.0 0.0 0.0 0.0 0.0 0.0 0.0 0.0 0.0 0.0 0.007851399965 0.00780676312 0.007834078681 0.007796635849 0.007897994426 0.007821839766 0.007974967177 0.007944021711 0.007991871422 0.215946012334 0.00799271287 0.007758136129
0.0 0.0 0.0 0.0 0.0 0.0 0.0 0.0 0.0 0.0 0.0 0.0 0.0 0.0 0.0 0.0 0.0 0.0 0.0 0.0 0.0 0.0 0.0 0.0 0.0 0.0 0.0 0.0 0.0 0.0 0.0 0.0 0.0 0.0 0.0 0.0 0.0 0.0 0.0 0.0 0.0 0.0 0.0 0.0 0.0 0.0 0.0 0.0 0.0 0.0 0.0 0.0 0.0 0.0 0.0 0.0 0.0 0.007716771782 0.007685949516 0.007716920978 0.007687604538 0.007848978282 0.007748609237 0.008117555899 0.007876942413 0.008005277797 0.00799271287 0.284824957034 0.007626162842
0.0 0.0 0.0 0.0 0.0 0.0 0.0 0.0 0.0 0.0 0.0 0.0 0.0 0.0 0.0 0.0 0.0 0.0 0.0 0.0 0.0 0.0 0.0 0.0 0.0 0.0 0.0 0.0 0.0 0.0 0.0 0.0 0.0 0.0 0.0 0.0 0.0 0.0 0.0 0.0 0.0 0.0 0.0 0.0 0.0 0.0 0.0 0.0 0.0 0.0 0.0 0.0 0.0 0.0 0.0 0.0 0.0 0.008600382663 0.00871009362 0.008583184558 0.008704814353 0.008116321569 0.008393494622 0.007188142162 0.008067795595 0.007743919979 0.007758136129 0.007626162842 0.564730353852
