119 119
1.52630286969 0.02224859956 0.01996744155 0.02310062088 0.02009935561 0.02084461426 0.01947464306 0.01838469906 0.02318721505 0.02051748286 0.02175603665 0.01840550175 0.02052062899 0.01932013293 0.02203583623 0.0204733924 0.02234519597 0.01998015382 0.02037118873 0.02149778328 0.01863846451 0.01994829014 0.02080739696 0.01511696079 0.01747394896 0.02263199019 0.02224205928 0.02252632489 0.0 0.0 0.0 0.0 0.0 0.0 0.0 0.0 0.0 0.0 0.0 0.0 0.0 0.0 0.0 0.0 0.0 0.0 0.0 0.0 0.0 0.0 0.0 0.0 0.0 0.0 0.0 0.0 0.0 0.0 0.0 0.0 0.0 0.0 0.0 0.0 0.0 0.0 0.0 0.0 0.0 0.0 0.0 0.0 0.0 0.0 0.0 0.0 0.0 0.0 0.0 0.0 0.0 0.0 0.0 0.0 0.0 0.0 0.0 0.0 0.0 0.0 0.0 0.0 0.0 0.0 0.0 0.0 0.0 0.0 0.0 0.0 0.0 0.0 0.0 0.0 0.0 0.0 0.0 0.0 0.0 0.0 0.0 0.0 0.0 0.0 0.0 0.0 0.0 0.0 0.0
0.02224859956 2.09269305778 0.02013431568 0.02301193742 0.02017552473 0.02103940845 0.01962872061 0.0186987077 0.02315207025 0.02086422336 0.02205165136 0.01907901436 0.02069631463 0.01991138415 0.02199213908 0.0208794483 0.02239101182 0.02046270971 0.02081728466 0.02169631274 0.01912559647 0.02038943697 0.02110340651 0.01581368938 0.01811146708 0.02213024317 0.0217962776 0.02239873567 0.0 0.0 0.0 0.0 0.0 0.0 0.0 0.0 0.0 0.0 0.0 0.0 0.0 0.0 0.0 0.0 0.0 0.0 0.0 0.0 0.0 0.0 0.0 0.0 0.0 0.0 0.0 0.0 0.0 0.0 0.0 0.0 0.0 0.0 0.0 0.0 0.0 0.0 0.0 0.0 0.0 0.0 0.0 0.0 0.0 0.0 0.0 0.0 0.0 0.0 0.0 0.0 0.0 0.0 0.0 0.0 0.0 0.0 0.0 0.0 0.0 0.0 0.0 0.0 0.0 0.0 0.0 0.0 0.0 0.0 0.0 0.0 0.0 0.0 0.0 0.0 0.0 0.0 0.0 0.0 0.0 0.0 0.0 0.0 0.0 0.0 0.0 0.0 0.0 0.0 0.0
0.01996744155 0.02013431568 0.512123391442 0.0200924752 0.02020122073 0.02016863766 0.0202768437 0.02026961896 0.02015519739 0.02016916486 0.02014493163 0.02025720342 0.02018215211 0.02028671102 0.02013552598 0.02024616629 0.0201497059 0.02023158204 0.02023218473 0.02008408028 0.02033089414 0.0201526504 0.02014774844 0.02001864241 0.02006258515 0.02005123868 0.02005918487 0.0201292846 0.0 0.0 0.0 0.0 0.0 0.0 0.0 0.0 0.0 0.0 0.0 0.0 0.0 0.0 0.0 0.0 0.0 0.0 0.0 0.0 0.0 0.0 0.0 0.0 0.0 0.0 0.0 0.0 0.0 0.0 0.0 0.0 0.0 0.0 0.0 0.0 0.0 0.0 0.0 0.0 0.0 0.0 0.0 0.0 0.0 0.0 0.0 0.0 0.0 0.0 0.0 0.0 0.0 0.0 0.0 0.0 0.0 0.0 0.0 0.0 0.0 0.0 0.0 0.0 0.0 0.0 0.0 0.0 0.0 0.0 0.0 0.0 0.0 0.0 0.0 0.0 0.0 0.0 0.0 0.0 0.0 0.0 0.0 0.0 0.0 0.0 0.0 0.0 0.0 0.0 0.0
0.02310062088 0.02301193742 0.0200924752 1.45865276049 0.02025406244 0.02119979938 0.01960922422 0.01835138637 0.02441323305 0.02084678095 0.0223939133 0.01867191467 0.02078262614 0.01965935837 0.02280137534 0.02088619996 0.02324325818 0.02031639774 0.02075556237 0.02207763021 0.01882425385 0.02019695686 0.02124840876 0.01479459666 0.01743472003 0.02362431159 0.0229687787 0.02333614182 0.0 0.0 0.0 0.0 0.0 0.0 0.0 0.0 0.0 0.0 0.0 0.0 0.0 0.0 0.0 0.0 0.0 0.0 0.0 0.0 0.0 0.0 0.0 0.0 0.0 0.0 0.0 0.0 0.0 0.0 0.0 0.0 0.0 0.0 0.0 0.0 0.0 0.0 0.0 0.0 0.0 0.0 0.0 0.0 0.0 0.0 0.0 0.0 0.0 0.0 0.0 0.0 0.0 0.0 0.0 0.0 0.0 0.0 0.0 0.0 0.0 0.0 0.0 0.0 0.0 0.0 0.0 0.0 0.0 0.0 0.0 0.0 0.0 0.0 0.0 0.0 0.0 0.0 0.0 0.0 0.0 0.0 0.0 0.0 0.0 0.0 0.0 0.0 0.0 0.0 0.0
0.02009935561 0.02017552473 0.02020122073 0.02025406244 0.886284673502 0.0206131984 0.02153313494 0.02087604683 0.02037015672 0.02049693379 0.0204273454 0.02012866848 0.02076365048 0.02077855169 0.02056240372 0.02073443756 0.02045258613 0.020530684 0.02055699193 0.02015621012 0.02085650329 0.02033031396 0.02035940718 0.02000846902 0.01963009587 0.02045696715 0.02054143764 0.02049706125 0.0 0.0 0.0 0.0 0.0 0.0 0.0 0.0 0.0 0.0 0.0 0.0 0.0 0.0 0.0 0.0 0.0 0.0 0.0 0.0 0.0 0.0 0.0 0.0 0.0 0.0 0.0 0.0 0.0 0.0 0.0 0.0 0.0 0.0 0.0 0.0 0.0 0.0 0.0 0.0 0.0 0.0 0.0 0.0 0.0 0.0 0.0 0.0 0.0 0.0 0.0 0.0 0.0 0.0 0.0 0.0 0.0 0.0 0.0 0.0 0.0 0.0 0.0 0.0 0.0 0.0 0.0 0.0 0.0 0.0 0.0 0.0 0.0 0.0 0.0 0.0 0.0 0.0 0.0 0.0 0.0 0.0 0.0 0.0 0.0 0.0 0.0 0.0 0.0 0.0 0.0
0.02084461426 0.02103940845 0.02016863766 0.02119979938 0.0206131984 0.705564631092 0.02053873502 0.0199140709 0.02131223384 0.02059082071 0.02089234604 0.01971366023 0.02061292746 0.02027457534 0.02098343345 0.02070720616 0.02110032113 0.02046337784 0.02062187416 0.02075239173 0.02006696836 0.02032939358 0.02062218939 0.01831513872 0.01904872965 0.0209716728 0.02091104286 0.02111230299 0.0 0.0 0.0 0.0 0.0 0.0 0.0 0.0 0.0 0.0 0.0 0.0 0.0 0.0 0.0 0.0 0.0 0.0 0.0 0.0 0.0 0.0 0.0 0.0 0.0 0.0 0.0 0.0 0.0 0.0 0.0 0.0 0.0 0.0 0.0 0.0 0.0 0.0 0.0 0.0 0.0 0.0 0.0 0.0 0.0 0.0 0.0 0.0 0.0 0.0 0.0 0.0 0.0 0.0 0.0 0.0 0.0 0.0 0.0 0.0 0.0 0.0 0.0 0.0 0.0 0.0 0.0 0.0 0.0 0.0 0.0 0.0 0.0 0.0 0.0 0.0 0.0 0.0 0.0 0.0 0.0 0.0 0.0 0.0 0.0 0.0 0.0 0.0 0.0 0.0 0.0
0.01947464306 0.01962872061 0.0202768437 0.01960922422 0.02153313494 0.02053873502 0.499496335764 0.0217656346 0.01974582274 0.02050436755 0.02015053388 0.02074875065 0.02086722955 0.02141138975 0.02022900214 0.02084347929 0.01999400508 0.02076088136 0.02060767479 0.0197795378 0.02174071404 0.0204530896 0.02024149573 0.02190646002 0.02031970228 0.020000325 0.02016537307 0.02003046817 0.0 0.0 0.0 0.0 0.0 0.0 0.0 0.0 0.0 0.0 0.0 0.0 0.0 0.0 0.0 0.0 0.0 0.0 0.0 0.0 0.0 0.0 0.0 0.0 0.0 0.0 0.0 0.0 0.0 0.0 0.0 0.0 0.0 0.0 0.0 0.0 0.0 0.0 0.0 0.0 0.0 0.0 0.0 0.0 0.0 0.0 0.0 0.0 0.0 0.0 0.0 0.0 0.0 0.0 0.0 0.0 0.0 0.0 0.0 0.0 0.0 0.0 0.0 0.0 0.0 0.0 0.0 0.0 0.0 0.0 0.0 0.0 0.0 0.0 0.0 0.0 0.0 0.0 0.0 0.0 0.0 0.0 0.0 0.0 0.0 0.0 0.0 0.0 0.0 0.0 0.0
0.01838469906 0.0186987077 0.02026961896 0.01835138637 0.02087604683 0.0199140709 0.0217656346 0.58978300755 0.01841862388 0.02010690301 0.01925180353 0.02183503408 0.02030844449 0.02162089614 0.01917243362 0.02041968637 0.01892610922 0.02069690985 0.02036262001 0.01910793152 0.0223293948 0.02042303138 0.01981954559 0.02464653462 0.0219082431 0.01870474009 0.01896733513 0.018808491 0.0 0.0 0.0 0.0 0.0 0.0 0.0 0.0 0.0 0.0 0.0 0.0 0.0 0.0 0.0 0.0 0.0 0.0 0.0 0.0 0.0 0.0 0.0 0.0 0.0 0.0 0.0 0.0 0.0 0.0 0.0 0.0 0.0 0.0 0.0 0.0 0.0 0.0 0.0 0.0 0.0 0.0 0.0 0.0 0.0 0.0 0.0 0.0 0.0 0.0 0.0 0.0 0.0 0.0 0.0 0.0 0.0 0.0 0.0 0.0 0.0 0.0 0.0 0.0 0.0 0.0 0.0 0.0 0.0 0.0 0.0 0.0 0.0 0.0 0.0 0.0 0.0 0.0 0.0 0.0 0.0 0.0 0.0 0.0 0.0 0.0 0.0 0.0 0.0 0.0 0.0
0.02318721505 0.02315207025 0.02015519739 0.02441323305 0.02037015672 0.02131223384 0.01974582274 0.01841862388 1.47423328565 0.02095062832 0.02256750587 0.01872869804 0.02092194266 0.01975014563 0.02294005551 0.02103221415 0.02341342693 0.02040639949 0.02085498816 0.02219492918 0.01892487616 0.02025015849 0.02135229806 0.01484784756 0.01741349914 0.02371373384 0.02309200076 0.02355259659 0.0 0.0 0.0 0.0 0.0 0.0 0.0 0.0 0.0 0.0 0.0 0.0 0.0 0.0 0.0 0.0 0.0 0.0 0.0 0.0 0.0 0.0 0.0 0.0 0.0 0.0 0.0 0.0 0.0 0.0 0.0 0.0 0.0 0.0 0.0 0.0 0.0 0.0 0.0 0.0 0.0 0.0 0.0 0.0 0.0 0.0 0.0 0.0 0.0 0.0 0.0 0.0 0.0 0.0 0.0 0.0 0.0 0.0 0.0 0.0 0.0 0.0 0.0 0.0 0.0 0.0 0.0 0.0 0.0 0.0 0.0 0.0 0.0 0.0 0.0 0.0 0.0 0.0 0.0 0.0 0.0 0.0 0.0 0.0 0.0 0.0 0.0 0.0 0.0 0.0 0.0
0.02051748286 0.02086422336 0.02016916486 0.02084678095 0.02049693379 0.02059082071 0.02050436755 0.02010690301 0.02095062832 1.23770144895 0.02073028134 0.02002693402 0.02050118992 0.02046248204 0.02070426067 0.02067690299 0.02078788618 0.02052388613 0.02061653466 0.02055573422 0.02027356949 0.0204183635 0.02057402238 0.01910783667 0.01949591525 0.02058386591 0.02050666352 0.02075367388 0.0 0.0 0.0 0.0 0.0 0.0 0.0 0.0 0.0 0.0 0.0 0.0 0.0 0.0 0.0 0.0 0.0 0.0 0.0 0.0 0.0 0.0 0.0 0.0 0.0 0.0 0.0 0.0 0.0 0.0 0.0 0.0 0.0 0.0 0.0 0.0 0.0 0.0 0.0 0.0 0.0 0.0 0.0 0.0 0.0 0.0 0.0 0.0 0.0 0.0 0.0 0.0 0.0 0.0 0.0 0.0 0.0 0.0 0.0 0.0 0.0 0.0 0.0 0.0 0.0 0.0 0.0 0.0 0.0 0.0 0.0 0.0 0.0 0.0 0.0 0.0 0.0 0.0 0.0 0.0 0.0 0.0 0.0 0.0 0.0 0.0 0.0 0.0 0.0 0.0 0.0
0.02175603665 0.02205165136 0.02014493163 0.0223939133 0.0204273454 0.02089234604 0.02015053388 0.01925180353 0.02256750587 0.02073028134 1.47867307051 0.01928920737 0.02075179782 0.02011071505 0.02167741138 0.0207995594 0.02193871411 0.02044292446 0.02064432136 0.02132087328 0.0195681222 0.02029617961 0.02087784674 0.01700660217 0.0184781152 0.02188322348 0.0215775932 0.02200302221 0.0 0.0 0.0 0.0 0.0 0.0 0.0 0.0 0.0 0.0 0.0 0.0 0.0 0.0 0.0 0.0 0.0 0.0 0.0 0.0 0.0 0.0 0.0 0.0 0.0 0.0 0.0 0.0 0.0 0.0 0.0 0.0 0.0 0.0 0.0 0.0 0.0 0.0 0.0 0.0 0.0 0.0 0.0 0.0 0.0 0.0 0.0 0.0 0.0 0.0 0.0 0.0 0.0 0.0 0.0 0.0 0.0 0.0 0.0 0.0 0.0 0.0 0.0 0.0 0.0 0.0 0.0 0.0 0.0 0.0 0.0 0.0 0.0 0.0 0.0 0.0 0.0 0.0 0.0 0.0 0.0 0.0 0.0 0.0 0.0 0.0 0.0 0.0 0.0 0.0 0.0
0.01840550175 0.01907901436 0.02025720342 0.01867191467 0.02012866848 0.01971366023 0.02074875065 0.02183503408 0.01872869804 0.02002693402 0.01928920737 0.698739142555 0.01988963453 0.02140151478 0.01909679861 0.02024762649 0.01905297188 0.02060021648 0.02030786452 0.01935418684 0.0221342898 0.02040100034 0.01988244042 0.02589365148 0.02308554903 0.01854405399 0.01873343106 0.01879984513 0.0 0.0 0.0 0.0 0.0 0.0 0.0 0.0 0.0 0.0 0.0 0.0 0.0 0.0 0.0 0.0 0.0 0.0 0.0 0.0 0.0 0.0 0.0 0.0 0.0 0.0 0.0 0.0 0.0 0.0 0.0 0.0 0.0 0.0 0.0 0.0 0.0 0.0 0.0 0.0 0.0 0.0 0.0 0.0 0.0 0.0 0.0 0.0 0.0 0.0 0.0 0.0 0.0 0.0 0.0 0.0 0.0 0.0 0.0 0.0 0.0 0.0 0.0 0.0 0.0 0.0 0.0 0.0 0.0 0.0 0.0 0.0 0.0 0.0 0.0 0.0 0.0 0.0 0.0 0.0 0.0 0.0 0.0 0.0 0.0 0.0 0.0 0.0 0.0 0.0 0.0
0.02052062899 0.02069631463 0.02018215211 0.02078262614 0.02076365048 0.02061292746 0.02086722955 0.02030844449 0.02092194266 0.02050118992 0.02075179782 0.01988963453 0.95024196558 0.02048034933 0.02077846912 0.02068234386 0.02080017425 0.02049057203 0.02054117244 0.02048191379 0.02036961815 0.02030490996 0.02047422905 0.01911178179 0.01934972902 0.02075912936 0.02070549288 0.02083635925 0.0 0.0 0.0 0.0 0.0 0.0 0.0 0.0 0.0 0.0 0.0 0.0 0.0 0.0 0.0 0.0 0.0 0.0 0.0 0.0 0.0 0.0 0.0 0.0 0.0 0.0 0.0 0.0 0.0 0.0 0.0 0.0 0.0 0.0 0.0 0.0 0.0 0.0 0.0 0.0 0.0 0.0 0.0 0.0 0.0 0.0 0.0 0.0 0.0 0.0 0.0 0.0 0.0 0.0 0.0 0.0 0.0 0.0 0.0 0.0 0.0 0.0 0.0 0.0 0.0 0.0 0.0 0.0 0.0 0.0 0.0 0.0 0.0 0.0 0.0 0.0 0.0 0.0 0.0 0.0 0.0 0.0 0.0 0.0 0.0 0.0 0.0 0.0 0.0 0.0 0.0
0.01932013293 0.01991138415 0.02028671102 0.01965935837 0.02077855169 0.02027457534 0.02141138975 0.02162089614 0.01975014563 0.02046248204 0.02011071505 0.02140151478 0.02048034933 1.17902418038 0.01997142598 0.02069775711 0.01989117566 0.02084991913 0.02064733456 0.01983884448 0.02177997896 0.02060348742 0.02027139579 0.02263146001 0.02112214231 0.01958156856 0.01966930578 0.01976266454 0.0 0.0 0.0 0.0 0.0 0.0 0.0 0.0 0.0 0.0 0.0 0.0 0.0 0.0 0.0 0.0 0.0 0.0 0.0 0.0 0.0 0.0 0.0 0.0 0.0 0.0 0.0 0.0 0.0 0.0 0.0 0.0 0.0 0.0 0.0 0.0 0.0 0.0 0.0 0.0 0.0 0.0 0.0 0.0 0.0 0.0 0.0 0.0 0.0 0.0 0.0 0.0 0.0 0.0 0.0 0.0 0.0 0.0 0.0 0.0 0.0 0.0 0.0 0.0 0.0 0.0 0.0 0.0 0.0 0.0 0.0 0.0 0.0 0.0 0.0 0.0 0.0 0.0 0.0 0.0 0.0 0.0 0.0 0.0 0.0 0.0 0.0 0.0 0.0 0.0 0.0
0.02203583623 0.02199213908 0.02013552598 0.02280137534 0.02056240372 0.02098343345 0.02022900214 0.01917243362 0.02294005551 0.02070426067 0.02167741138 0.01909679861 0.02077846912 0.01997142598 1.04210131851 0.02081163518 0.02222718511 0.02036107656 0.02067061441 0.02137289579 0.01943654473 0.02022848475 0.02091587505 0.01636741508 0.01812920522 0.0225569399 0.02213247822 0.02232712022 0.0 0.0 0.0 0.0 0.0 0.0 0.0 0.0 0.0 0.0 0.0 0.0 0.0 0.0 0.0 0.0 0.0 0.0 0.0 0.0 0.0 0.0 0.0 0.0 0.0 0.0 0.0 0.0 0.0 0.0 0.0 0.0 0.0 0.0 0.0 0.0 0.0 0.0 0.0 0.0 0.0 0.0 0.0 0.0 0.0 0.0 0.0 0.0 0.0 0.0 0.0 0.0 0.0 0.0 0.0 0.0 0.0 0.0 0.0 0.0 0.0 0.0 0.0 0.0 0.0 0.0 0.0 0.0 0.0 0.0 0.0 0.0 0.0 0.0 0.0 0.0 0.0 0.0 0.0 0.0 0.0 0.0 0.0 0.0 0.0 0.0 0.0 0.0 0.0 0.0 0.0
0.0204733924 0.0208794483 0.02024616629 0.02088619996 0.02073443756 0.02070720616 0.02084347929 0.02041968637 0.02103221415 0.02067690299 0.0207995594 0.02024762649 0.02068234386 0.02069775711 0.02081163518 0.824117498837 0.02090238077 0.02069599499 0.02077345523 0.02061356706 0.02059655029 0.02050538407 0.02065189923 0.01954103027 0.01957467886 0.02064010956 0.02059177431 0.02083678583 0.0 0.0 0.0 0.0 0.0 0.0 0.0 0.0 0.0 0.0 0.0 0.0 0.0 0.0 0.0 0.0 0.0 0.0 0.0 0.0 0.0 0.0 0.0 0.0 0.0 0.0 0.0 0.0 0.0 0.0 0.0 0.0 0.0 0.0 0.0 0.0 0.0 0.0 0.0 0.0 0.0 0.0 0.0 0.0 0.0 0.0 0.0 0.0 0.0 0.0 0.0 0.0 0.0 0.0 0.0 0.0 0.0 0.0 0.0 0.0 0.0 0.0 0.0 0.0 0.0 0.0 0.0 0.0 0.0 0.0 0.0 0.0 0.0 0.0 0.0 0.0 0.0 0.0 0.0 0.0 0.0 0.0 0.0 0.0 0.0 0.0 0.0 0.0 0.0 0.0 0.0
0.02234519597 0.02239101182 0.0201497059 0.02324325818 0.02045258613 0.02110032113 0.01999400508 0.01892610922 0.02341342693 0.02078788618 0.02193871411 0.01905297188 0.02080017425 0.01989117566 0.02222718511 0.02090238077 0.59466745324 0.02039518406 0.02075978101 0.02168597062 0.01928448305 0.02025255772 0.02107282392 0.01600820937 0.01797069118 0.02270465099 0.02229560601 0.02264778645 0.0 0.0 0.0 0.0 0.0 0.0 0.0 0.0 0.0 0.0 0.0 0.0 0.0 0.0 0.0 0.0 0.0 0.0 0.0 0.0 0.0 0.0 0.0 0.0 0.0 0.0 0.0 0.0 0.0 0.0 0.0 0.0 0.0 0.0 0.0 0.0 0.0 0.0 0.0 0.0 0.0 0.0 0.0 0.0 0.0 0.0 0.0 0.0 0.0 0.0 0.0 0.0 0.0 0.0 0.0 0.0 0.0 0.0 0.0 0.0 0.0 0.0 0.0 0.0 0.0 0.0 0.0 0.0 0.0 0.0 0.0 0.0 0.0 0.0 0.0 0.0 0.0 0.0 0.0 0.0 0.0 0.0 0.0 0.0 0.0 0.0 0.0 0.0 0.0 0.0 0.0
0.01998015382 0.02046270971 0.02023158204 0.02031639774 0.020530684 0.02046337784 0.02076088136 0.02069690985 0.02040639949 0.02052388613 0.02044292446 0.02060021648 0.02049057203 0.02084991913 0.02036107656 0.02069599499 0.02039518406 0.930648094714 0.02067055417 0.02029516904 0.02083779974 0.02052759635 0.02046027062 0.02053182508 0.02018094262 0.02012686777 0.02008672514 0.02027868461 0.0 0.0 0.0 0.0 0.0 0.0 0.0 0.0 0.0 0.0 0.0 0.0 0.0 0.0 0.0 0.0 0.0 0.0 0.0 0.0 0.0 0.0 0.0 0.0 0.0 0.0 0.0 0.0 0.0 0.0 0.0 0.0 0.0 0.0 0.0 0.0 0.0 0.0 0.0 0.0 0.0 0.0 0.0 0.0 0.0 0.0 0.0 0.0 0.0 0.0 0.0 0.0 0.0 0.0 0.0 0.0 0.0 0.0 0.0 0.0 0.0 0.0 0.0 0.0 0.0 0.0 0.0 0.0 0.0 0.0 0.0 0.0 0.0 0.0 0.0 0.0 0.0 0.0 0.0 0.0 0.0 0.0 0.0 0.0 0.0 0.0 0.0 0.0 0.0 0.0 0.0
0.02037118873 0.02081728466 0.02023218473 0.02075556237 0.02055699193 0.02062187416 0.02060767479 0.02036262001 0.02085498816 0.02061653466 0.02064432136 0.02030786452 0.02054117244 0.02064733456 0.02067061441 0.02077345523 0.02075978101 0.02067055417 3.56401848591 0.02053411111 0.02051518648 0.02053078703 0.02059944965 0.01942632793 0.01971290045 0.0204623208 0.02042936035 0.02065915031 0.0 0.0 0.0 0.0 0.0 0.0 0.0 0.0 0.0 0.0 0.0 0.0 0.0 0.0 0.0 0.0 0.0 0.0 0.0 0.0 0.0 0.0 0.0 0.0 0.0 0.0 0.0 0.0 0.0 0.0 0.0 0.0 0.0 0.0 0.0 0.0 0.0 0.0 0.0 0.0 0.0 0.0 0.0 0.0 0.0 0.0 0.0 0.0 0.0 0.0 0.0 0.0 0.0 0.0 0.0 0.0 0.0 0.0 0.0 0.0 0.0 0.0 0.0 0.0 0.0 0.0 0.0 0.0 0.0 0.0 0.0 0.0 0.0 0.0 0.0 0.0 0.0 0.0 0.0 0.0 0.0 0.0 0.0 0.0 0.0 0.0 0.0 0.0 0.0 0.0 0.0
0.02149778328 0.02169631274 0.02008408028 0.02207763021 0.02015621012 0.02075239173 0.0197795378 0.01910793152 0.02219492918 0.02055573422 0.02132087328 0.01935418684 0.02048191379 0.01983884448 0.02137289579 0.02061356706 0.02168597062 0.02029516904 0.02053411111 1.39607527937 0.01940091269 0.02019656935 0.02076321499 0.01721000558 0.01859239874 0.02152759184 0.02128044937 0.02165309547 0.0 0.0 0.0 0.0 0.0 0.0 0.0 0.0 0.0 0.0 0.0 0.0 0.0 0.0 0.0 0.0 0.0 0.0 0.0 0.0 0.0 0.0 0.0 0.0 0.0 0.0 0.0 0.0 0.0 0.0 0.0 0.0 0.0 0.0 0.0 0.0 0.0 0.0 0.0 0.0 0.0 0.0 0.0 0.0 0.0 0.0 0.0 0.0 0.0 0.0 0.0 0.0 0.0 0.0 0.0 0.0 0.0 0.0 0.0 0.0 0.0 0.0 0.0 0.0 0.0 0.0 0.0 0.0 0.0 0.0 0.0 0.0 0.0 0.0 0.0 0.0 0.0 0.0 0.0 0.0 0.0 0.0 0.0 0.0 0.0 0.0 0.0 0.0 0.0 0.0 0.0
0.01863846451 0.01912559647 0.02033089414 0.01882425385 0.02085650329 0.02006696836 0.02174071404 0.0223293948 0.01892487616 0.02027356949 0.0195681222 0.0221342898 0.02036961815 0.02177997896 0.01943654473 0.02059655029 0.01928448305 0.02083779974 0.02051518648 0.01940091269 0.722469307831 0.02051785931 0.02001873708 0.02508218834 0.02206540646 0.01894132504 0.01916197046 0.0191434992 0.0 0.0 0.0 0.0 0.0 0.0 0.0 0.0 0.0 0.0 0.0 0.0 0.0 0.0 0.0 0.0 0.0 0.0 0.0 0.0 0.0 0.0 0.0 0.0 0.0 0.0 0.0 0.0 0.0 0.0 0.0 0.0 0.0 0.0 0.0 0.0 0.0 0.0 0.0 0.0 0.0 0.0 0.0 0.0 0.0 0.0 0.0 0.0 0.0 0.0 0.0 0.0 0.0 0.0 0.0 0.0 0.0 0.0 0.0 0.0 0.0 0.0 0.0 0.0 0.0 0.0 0.0 0.0 0.0 0.0 0.0 0.0 0.0 0.0 0.0 0.0 0.0 0.0 0.0 0.0 0.0 0.0 0.0 0.0 0.0 0.0 0.0 0.0 0.0 0.0 0.0
0.01994829014 0.02038943697 0.0201526504 0.02019695686 0.02033031396 0.02032939358 0.0204530896 0.02042303138 0.02025015849 0.0204183635 0.02029617961 0.02040100034 0.02030490996 0.02060348742 0.02022848475 0.02050538407 0.02025255772 0.02052759635 0.02053078703 0.02019656935 0.02051785931 0.977873781037 0.02035365924 0.0200736547 0.02008421316 0.02000068353 0.01998126897 0.02014673252 0.0 0.0 0.0 0.0 0.0 0.0 0.0 0.0 0.0 0.0 0.0 0.0 0.0 0.0 0.0 0.0 0.0 0.0 0.0 0.0 0.0 0.0 0.0 0.0 0.0 0.0 0.0 0.0 0.0 0.0 0.0 0.0 0.0 0.0 0.0 0.0 0.0 0.0 0.0 0.0 0.0 0.0 0.0 0.0 0.0 0.0 0.0 0.0 0.0 0.0 0.0 0.0 0.0 0.0 0.0 0.0 0.0 0.0 0.0 0.0 0.0 0.0 0.0 0.0 0.0 0.0 0.0 0.0 0.0 0.0 0.0 0.0 0.0 0.0 0.0 0.0 0.0 0.0 0.0 0.0 0.0 0.0 0.0 0.0 0.0 0.0 0.0 0.0 0.0 0.0 0.0
0.02080739696 0.02110340651 0.02014774844 0.02124840876 0.02035940718 0.02062218939 0.02024149573 0.01981954559 0.02135229806 0.02057402238 0.02087784674 0.01988244042 0.02047422905 0.02027139579 0.02091587505 0.02065189923 0.02107282392 0.02046027062 0.02059944965 0.02076321499 0.02001873708 0.02035365924 0.858205809434 0.01857036406 0.01928463124 0.02092558748 0.02075240095 0.02102106342 0.0 0.0 0.0 0.0 0.0 0.0 0.0 0.0 0.0 0.0 0.0 0.0 0.0 0.0 0.0 0.0 0.0 0.0 0.0 0.0 0.0 0.0 0.0 0.0 0.0 0.0 0.0 0.0 0.0 0.0 0.0 0.0 0.0 0.0 0.0 0.0 0.0 0.0 0.0 0.0 0.0 0.0 0.0 0.0 0.0 0.0 0.0 0.0 0.0 0.0 0.0 0.0 0.0 0.0 0.0 0.0 0.0 0.0 0.0 0.0 0.0 0.0 0.0 0.0 0.0 0.0 0.0 0.0 0.0 0.0 0.0 0.0 0.0 0.0 0.0 0.0 0.0 0.0 0.0 0.0 0.0 0.0 0.0 0.0 0.0 0.0 0.0 0.0 0.0 0.0 0.0
0.01511696079 0.01581368938 0.02001864241 0.01479459666 0.02000846902 0.01831513872 0.02190646002 0.02464653462 0.01484784756 0.01910783667 0.01700660217 0.02589365148 0.01911178179 0.02263146001 0.01636741508 0.01954103027 0.01600820937 0.02053182508 0.01942632793 0.01721000558 0.02508218834 0.0200736547 0.01857036406 0.604781299217 0.02844189552 0.01509647776 0.0158468066 0.01563591959 0.0 0.0 0.0 0.0 0.0 0.0 0.0 0.0 0.0 0.0 0.0 0.0 0.0 0.0 0.0 0.0 0.0 0.0 0.0 0.0 0.0 0.0 0.0 0.0 0.0 0.0 0.0 0.0 0.0 0.0 0.0 0.0 0.0 0.0 0.0 0.0 0.0 0.0 0.0 0.0 0.0 0.0 0.0 0.0 0.0 0.0 0.0 0.0 0.0 0.0 0.0 0.0 0.0 0.0 0.0 0.0 0.0 0.0 0.0 0.0 0.0 0.0 0.0 0.0 0.0 0.0 0.0 0.0 0.0 0.0 0.0 0.0 0.0 0.0 0.0 0.0 0.0 0.0 0.0 0.0 0.0 0.0 0.0 0.0 0.0 0.0 0.0 0.0 0.0 0.0 0.0
0.01747394896 0.01811146708 0.02006258515 0.01743472003 0.01963009587 0.01904872965 0.02031970228 0.0219082431 0.01741349914 0.01949591525 0.0184781152 0.02308554903 0.01934972902 0.02112214231 0.01812920522 0.01957467886 0.01797069118 0.02018094262 0.01971290045 0.01859239874 0.02206540646 0.02008421316 0.01928463124 0.02844189552 0.582604426935 0.01751463657 0.01780701383 0.01772888144 0.0 0.0 0.0 0.0 0.0 0.0 0.0 0.0 0.0 0.0 0.0 0.0 0.0 0.0 0.0 0.0 0.0 0.0 0.0 0.0 0.0 0.0 0.0 0.0 0.0 0.0 0.0 0.0 0.0 0.0 0.0 0.0 0.0 0.0 0.0 0.0 0.0 0.0 0.0 0.0 0.0 0.0 0.0 0.0 0.0 0.0 0.0 0.0 0.0 0.0 0.0 0.0 0.0 0.0 0.0 0.0 0.0 0.0 0.0 0.0 0.0 0.0 0.0 0.0 0.0 0.0 0.0 0.0 0.0 0.0 0.0 0.0 0.0 0.0 0.0 0.0 0.0 0.0 0.0 0.0 0.0 0.0 0.0 0.0 0.0 0.0 0.0 0.0 0.0 0.0 0.0
0.02263199019 0.02213024317 0.02005123868 0.02362431159 0.02045696715 0.0209716728 0.020000325 0.01870474009 0.02371373384 0.02058386591 0.02188322348 0.01854405399 0.02075912936 0.01958156856 0.0225569399 0.02064010956 0.02270465099 0.02012686777 0.0204623208 0.02152759184 0.01894132504 0.02000068353 0.02092558748 0.01509647776 0.01751463657 4.49923750099 0.02297220544 0.02288236383 0.0 0.0 0.0 0.0 0.0 0.0 0.0 0.0 0.0 0.0 0.0 0.0 0.0 0.0 0.0 0.0 0.0 0.0 0.0 0.0 0.0 0.0 0.0 0.0 0.0 0.0 0.0 0.0 0.0 0.0 0.0 0.0 0.0 0.0 0.0 0.0 0.0 0.0 0.0 0.0 0.0 0.0 0.0 0.0 0.0 0.0 0.0 0.0 0.0 0.0 0.0 0.0 0.0 0.0 0.0 0.0 0.0 0.0 0.0 0.0 0.0 0.0 0.0 0.0 0.0 0.0 0.0 0.0 0.0 0.0 0.0 0.0 0.0 0.0 0.0 0.0 0.0 0.0 0.0 0.0 0.0 0.0 0.0 0.0 0.0 0.0 0.0 0.0 0.0 0.0 0.0
0.02224205928 0.0217962776 0.02005918487 0.0229687787 0.02054143764 0.02091104286 0.02016537307 0.01896733513 0.02309200076 0.02050666352 0.0215775932 0.01873343106 0.02070549288 0.01966930578 0.02213247822 0.02059177431 0.02229560601 0.02008672514 0.02042936035 0.02128044937 0.01916197046 0.01998126897 0.02075240095 0.0158468066 0.01780701383 0.02297220544 2.02954046075 0.02253773684 0.0 0.0 0.0 0.0 0.0 0.0 0.0 0.0 0.0 0.0 0.0 0.0 0.0 0.0 0.0 0.0 0.0 0.0 0.0 0.0 0.0 0.0 0.0 0.0 0.0 0.0 0.0 0.0 0.0 0.0 0.0 0.0 0.0 0.0 0.0 0.0 0.0 0.0 0.0 0.0 0.0 0.0 0.0 0.0 0.0 0.0 0.0 0.0 0.0 0.0 0.0 0.0 0.0 0.0 0.0 0.0 0.0 0.0 0.0 0.0 0.0 0.0 0.0 0.0 0.0 0.0 0.0 0.0 0.0 0.0 0.0 0.0 0.0 0.0 0.0 0.0 0.0 0.0 0.0 0.0 0.0 0.0 0.0 0.0 0.0 0.0 0.0 0.0 0.0 0.0 0.0
0.02252632489 0.02239873567 0.0201292846 0.02333614182 0.02049706125 0.02111230299 0.02003046817 0.018808491 0.02355259659 0.02075367388 0.02200302221 0.01879984513 0.02083635925 0.01976266454 0.02232712022 0.02083678583 0.02264778645 0.02027868461 0.02065915031 0.02165309547 0.0191434992 0.02014673252 0.02102106342 0.01563591959 0.01772888144 0.02288236383 0.02253773684 2.15980701317 0.0 0.0 0.0 0.0 0.0 0.0 0.0 0.0 0.0 0.0 0.0 0.0 0.0 0.0 0.0 0.0 0.0 0.0 0.0 0.0 0.0 0.0 0.0 0.0 0.0 0.0 0.0 0.0 0.0 0.0 0.0 0.0 0.0 0.0 0.0 0.0 0.0 0.0 0.0 0.0 0.0 0.0 0.0 0.0 0.0 0.0 0.0 0.0 0.0 0.0 0.0 0.0 0.0 0.0 0.0 0.0 0.0 0.0 0.0 0.0 0.0 0.0 0.0 0.0 0.0 0.0 0.0 0.0 0.0 0.0 0.0 0.0 0.0 0.0 0.0 0.0 0.0 0.0 0.0 0.0 0.0 0.0 0.0 0.0 0.0 0.0 0.0 0.0 0.0 0.0 0.0
0.0 0.0 0.0 0.0 0.0 0.0 0.0 0.0 0.0 0.0 0.0 0.0 0.0 0.0 0.0 0.0 0.0 0.0 0.0 0.0 0.0 0.0 0.0 0.0 0.0 0.0 0.0 0.0 0.994735933454 0.01019373809 0.009963134733 0.009926790612 0.009433841162 0.009878806079 0.01032992793 0.009645834761 0.009816996821 0.009323392328 0.009567550706 0.009950173502 0.009753938844 0.009779962032 0.009694924242 0.009476762094 0.009864184831 0.01000370388 0.01004833 0.009633568065 0.009461780779 0.01002223374 0.009906863503 0.009915972603 0.01014442928 0.01017707183 0.01008687307 0.009379631272 0.009675680007 0.009529579273 0.009441610423 0.009213522833 0.009790074329 0.009483764703 0.009583249232 0.0 0.0 0.0 0.0 0.0 0.0 0.0 0.0 0.0 0.0 0.0 0.0 0.0 0.0 0.0 0.0 0.0 0.0 0.0 0.0 0.0 0.0 0.0 0.0 0.0 0.0 0.0 0.0 0.0 0.0 0.0 0.0 0.0 0.0 0.0 0.0 0.0 0.0 0.0 0.0 0.0 0.0 0.0 0.0 0.0 0.0 0.0 0.0 0.0 0.0 0.0 0.0 0.0 0.0 0.0 0.0
0.0 0.0 0.0 0.0 0.0 0.0 0.0 0.0 0.0 0.0 0.0 0.0 0.0 0.0 0.0 0.0 0.0 0.0 0.0 0.0 0.0 0.0 0.0 0.0 0.0 0.0 0.0 0.0 0.01019373809 0.900473326363 0.01066768291 0.01045840759 0.008236924031 0.009525554104 0.01257547497 0.009873682607 0.01096867488 0.008485808957 0.009292378905 0.01079135808 0.01040874859 0.0102585996 0.009759120089 0.008864300638 0.01057918092 0.01141510693 0.01111088047 0.009518142018 0.008858726912 0.01278072192 0.01071119326 0.0109400866 0.01329359388 0.0133739883 0.01287715033 0.008423405083 0.009789939166 0.009135880018 0.008681172061 0.008146721001 0.0103365668 0.008941598096 0.009687209336 0.0 0.0 0.0 0.0 0.0 0.0 0.0 0.0 0.0 0.0 0.0 0.0 0.0 0.0 0.0 0.0 0.0 0.0 0.0 0.0 0.0 0.0 0.0 0.0 0.0 0.0 0.0 0.0 0.0 0.0 0.0 0.0 0.0 0.0 0.0 0.0 0.0 0.0 0.0 0.0 0.0 0.0 0.0 0.0 0.0 0.0 0.0 0.0 0.0 0.0 0.0 0.0 0.0 0.0 0.0 0.0
0.0 0.0 0.0 0.0 0.0 0.0 0.0 0.0 0.0 0.0 0.0 0.0 0.0 0.0 0.0 0.0 0.0 0.0 0.0 0.0 0.0 0.0 0.0 0.0 0.0 0.0 0.0 0.0 0.009963134733 0.01066768291 0.589203304564 0.01014528608 0.009344088862 0.009856076836 0.01057300958 0.01005462409 0.01031476621 0.009562316184 0.009839886386 0.01028636959 0.01019051417 0.01014166438 0.009978990279 0.009681404015 0.01022012184 0.01041637292 0.01033516614 0.009925082888 0.009706052311 0.01068640229 0.01025531141 0.01032424667 0.01077520744 0.01078715188 0.01072976134 0.009516238811 0.009970943443 0.009710284612 0.009601196495 0.009428049166 0.01009473801 0.009656660391 0.009946221211 0.0 0.0 0.0 0.0 0.0 0.0 0.0 0.0 0.0 0.0 0.0 0.0 0.0 0.0 0.0 0.0 0.0 0.0 0.0 0.0 0.0 0.0 0.0 0.0 0.0 0.0 0.0 0.0 0.0 0.0 0.0 0.0 0.0 0.0 0.0 0.0 0.0 0.0 0.0 0.0 0.0 0.0 0.0 0.0 0.0 0.0 0.0 0.0 0.0 0.0 0.0 0.0 0.0 0.0 0.0 0.0
0.0 0.0 0.0 0.0 0.0 0.0 0.0 0.0 0.0 0.0 0.0 0.0 0.0 0.0 0.0 0.0 0.0 0.0 0.0 0.0 0.0 0.0 0.0 0.0 0.0 0.0 0.0 0.0 0.009926790612 0.01045840759 0.01014528608 0.369990089028 0.009481989361 0.009915821646 0.01030932056 0.009997370745 0.0102632628 0.009669295602 0.009868963412 0.01016645665 0.01014402439 0.01009121074 0.01000777783 0.009768162724 0.0101741124 0.01026505596 0.01024124745 0.009926084299 0.009757526269 0.01044508195 0.01019410568 0.01023121796 0.01048164416 0.01046556228 0.01044493101 0.009638905874 0.009999844055 0.009838719381 0.009695097567 0.009571491247 0.01012517386 0.009802876109 0.009989455078 0.0 0.0 0.0 0.0 0.0 0.0 0.0 0.0 0.0 0.0 0.0 0.0 0.0 0.0 0.0 0.0 0.0 0.0 0.0 0.0 0.0 0.0 0.0 0.0 0.0 0.0 0.0 0.0 0.0 0.0 0.0 0.0 0.0 0.0 0.0 0.0 0.0 0.0 0.0 0.0 0.0 0.0 0.0 0.0 0.0 0.0 0.0 0.0 0.0 0.0 0.0 0.0 0.0 0.0 0.0 0.0
0.0 0.0 0.0 0.0 0.0 0.0 0.0 0.0 0.0 0.0 0.0 0.0 0.0 0.0 0.0 0.0 0.0 0.0 0.0 0.0 0.0 0.0 0.0 0.0 0.0 0.0 0.0 0.0 0.009433841162 0.008236924031 0.009344088862 0.009481989361 3.05110589326 0.01013886722 0.008296385612 0.01004551803 0.009253642759 0.01148291082 0.01048797751 0.009287535001 0.009611243682 0.009671014229 0.01004422073 0.01094787258 0.009446760966 0.008948823497 0.009043192239 0.01026751047 0.01095256364 0.008324570466 0.009348627951 0.009218443729 0.008026781187 0.007971800384 0.008261551888 0.01139456401 0.01007197752 0.01076428113 0.01122650618 0.01208774921 0.009638821589 0.01097202296 0.0102152835 0.0 0.0 0.0 0.0 0.0 0.0 0.0 0.0 0.0 0.0 0.0 0.0 0.0 0.0 0.0 0.0 0.0 0.0 0.0 0.0 0.0 0.0 0.0 0.0 0.0 0.0 0.0 0.0 0.0 0.0 0.0 0.0 0.0 0.0 0.0 0.0 0.0 0.0 0.0 0.0 0.0 0.0 0.0 0.0 0.0 0.0 0.0 0.0 0.0 0.0 0.0 0.0 0.0 0.0 0.0 0.0
0.0 0.0 0.0 0.0 0.0 0.0 0.0 0.0 0.0 0.0 0.0 0.0 0.0 0.0 0.0 0.0 0.0 0.0 0.0 0.0 0.0 0.0 0.0 0.0 0.0 0.0 0.0 0.0 0.009878806079 0.009525554104 0.009856076836 0.009915821646 0.01013886722 0.721918697731 0.009506057061 0.00993744538 0.009759490553 0.01016315438 0.01003346065 0.009810621156 0.009863111593 0.009879751711 0.00997116648 0.01007967457 0.009863942297 0.00972840382 0.009780787464 0.01000685041 0.01009281753 0.009486555839 0.009855167441 0.009823381771 0.009362868974 0.009335015756 0.009534717633 0.01019646603 0.009950432958 0.01003513835 0.01010822829 0.01019341837 0.009846935199 0.01005648215 0.009952828265 0.0 0.0 0.0 0.0 0.0 0.0 0.0 0.0 0.0 0.0 0.0 0.0 0.0 0.0 0.0 0.0 0.0 0.0 0.0 0.0 0.0 0.0 0.0 0.0 0.0 0.0 0.0 0.0 0.0 0.0 0.0 0.0 0.0 0.0 0.0 0.0 0.0 0.0 0.0 0.0 0.0 0.0 0.0 0.0 0.0 0.0 0.0 0.0 0.0 0.0 0.0 0.0 0.0 0.0 0.0 0.0
0.0 0.0 0.0 0.0 0.0 0.0 0.0 0.0 0.0 0.0 0.0 0.0 0.0 0.0 0.0 0.0 0.0 0.0 0.0 0.0 0.0 0.0 0.0 0.0 0.0 0.0 0.0 0.0 0.01032992793 0.01257547497 0.01057300958 0.01030932056 0.008296385612 0.009506057061 0.569444624205 0.009765794891 0.01073819302 0.008452467705 0.009195741815 0.01069636031 0.01021874114 0.0101116769 0.009614026724 0.008785354244 0.01040001899 0.01127341366 0.01100761417 0.009432939302 0.008809306056 0.01262446479 0.01055551366 0.01079128446 0.01340789542 0.01356761191 0.01289331139 0.008423085749 0.009646829369 0.008985028116 0.008642812206 0.008129613455 0.01014144372 0.008821746123 0.009506761248 0.0 0.0 0.0 0.0 0.0 0.0 0.0 0.0 0.0 0.0 0.0 0.0 0.0 0.0 0.0 0.0 0.0 0.0 0.0 0.0 0.0 0.0 0.0 0.0 0.0 0.0 0.0 0.0 0.0 0.0 0.0 0.0 0.0 0.0 0.0 0.0 0.0 0.0 0.0 0.0 0.0 0.0 0.0 0.0 0.0 0.0 0.0 0.0 0.0 0.0 0.0 0.0 0.0 0.0 0.0 0.0
0.0 0.0 0.0 0.0 0.0 0.0 0.0 0.0 0.0 0.0 0.0 0.0 0.0 0.0 0.0 0.0 0.0 0.0 0.0 0.0 0.0 0.0 0.0 0.0 0.0 0.0 0.0 0.0 0.009645834761 0.009873682607 0.01005462409 0.009997370745 0.01004551803 0.00993744538 0.009765794891 1.02504284069 0.01018815326 0.01029494791 0.01025758304 0.01009906462 0.01022737971 0.01019876834 0.01019162329 0.01023420068 0.01012318021 0.01003938381 0.009979261158 0.01024118565 0.01028343933 0.01006229309 0.01008496752 0.01009815534 0.009961058226 0.009953910417 0.009975684682 0.01021225366 0.01018509386 0.01017460055 0.01020510727 0.01029643172 0.01013967974 0.01017362291 0.01025703156 0.0 0.0 0.0 0.0 0.0 0.0 0.0 0.0 0.0 0.0 0.0 0.0 0.0 0.0 0.0 0.0 0.0 0.0 0.0 0.0 0.0 0.0 0.0 0.0 0.0 0.0 0.0 0.0 0.0 0.0 0.0 0.0 0.0 0.0 0.0 0.0 0.0 0.0 0.0 0.0 0.0 0.0 0.0 0.0 0.0 0.0 0.0 0.0 0.0 0.0 0.0 0.0 0.0 0.0 0.0 0.0
0.0 0.0 0.0 0.0 0.0 0.0 0.0 0.0 0.0 0.0 0.0 0.0 0.0 0.0 0.0 0.0 0.0 0.0 0.0 0.0 0.0 0.0 0.0 0.0 0.0 0.0 0.0 0.0 0.009816996821 0.01096867488 0.01031476621 0.0102632628 0.009253642759 0.009759490553 0.01073819302 0.01018815326 0.326911773499 0.00959010838 0.009922348456 0.01040608407 0.01042336272 0.01031501788 0.01012622567 0.009735779531 0.01040119151 0.01060910882 0.01048643924 0.009997246621 0.009725854518 0.01113477017 0.01041768288 0.01050040679 0.01126626229 0.01127061415 0.01100373216 0.009465624428 0.01012369406 0.009833721939 0.0096090543 0.009429535311 0.01037955018 0.009785306458 0.01015517302 0.0 0.0 0.0 0.0 0.0 0.0 0.0 0.0 0.0 0.0 0.0 0.0 0.0 0.0 0.0 0.0 0.0 0.0 0.0 0.0 0.0 0.0 0.0 0.0 0.0 0.0 0.0 0.0 0.0 0.0 0.0 0.0 0.0 0.0 0.0 0.0 0.0 0.0 0.0 0.0 0.0 0.0 0.0 0.0 0.0 0.0 0.0 0.0 0.0 0.0 0.0 0.0 0.0 0.0 0.0 0.0
0.0 0.0 0.0 0.0 0.0 0.0 0.0 0.0 0.0 0.0 0.0 0.0 0.0 0.0 0.0 0.0 0.0 0.0 0.0 0.0 0.0 0.0 0.0 0.0 0.0 0.0 0.0 0.0 0.009323392328 0.008485808957 0.009562316184 0.009669295602 0.01148291082 0.01016315438 0.008452467705 0.01029494791 0.00959010838 1.70056872859 0.01068721608 0.009524536207 0.009897895958 0.009926253341 0.01027209907 0.01104044069 0.009701378851 0.009198507145 0.009255548834 0.01046776764 0.01105829052 0.008659402803 0.009592451061 0.009479990614 0.008347460262 0.008278356806 0.008594185135 0.01139314785 0.01027830468 0.01092264073 0.01120793041 0.01191304755 0.009925519741 0.01105348098 0.01047129615 0.0 0.0 0.0 0.0 0.0 0.0 0.0 0.0 0.0 0.0 0.0 0.0 0.0 0.0 0.0 0.0 0.0 0.0 0.0 0.0 0.0 0.0 0.0 0.0 0.0 0.0 0.0 0.0 0.0 0.0 0.0 0.0 0.0 0.0 0.0 0.0 0.0 0.0 0.0 0.0 0.0 0.0 0.0 0.0 0.0 0.0 0.0 0.0 0.0 0.0 0.0 0.0 0.0 0.0 0.0 0.0
0.0 0.0 0.0 0.0 0.0 0.0 0.0 0.0 0.0 0.0 0.0 0.0 0.0 0.0 0.0 0.0 0.0 0.0 0.0 0.0 0.0 0.0 0.0 0.0 0.0 0.0 0.0 0.0 0.009567550706 0.009292378905 0.009839886386 0.009868963412 0.01048797751 0.01003346065 0.009195741815 0.01025758304 0.009922348456 0.01068721608 1.14399975606 0.009843131006 0.01007654356 0.01006812521 0.01022032547 0.01052921802 0.009935927612 0.009669943756 0.009677118158 0.01030631158 0.01054969807 0.009429772704 0.00987232729 0.00982960706 0.009230171926 0.009189786774 0.00934814397 0.01060667356 0.0102168372 0.01043319728 0.01055734984 0.0108149533 0.01002842384 0.01050121115 0.01033020587 0.0 0.0 0.0 0.0 0.0 0.0 0.0 0.0 0.0 0.0 0.0 0.0 0.0 0.0 0.0 0.0 0.0 0.0 0.0 0.0 0.0 0.0 0.0 0.0 0.0 0.0 0.0 0.0 0.0 0.0 0.0 0.0 0.0 0.0 0.0 0.0 0.0 0.0 0.0 0.0 0.0 0.0 0.0 0.0 0.0 0.0 0.0 0.0 0.0 0.0 0.0 0.0 0.0 0.0 0.0 0.0
0.0 0.0 0.0 0.0 0.0 0.0 0.0 0.0 0.0 0.0 0.0 0.0 0.0 0.0 0.0 0.0 0.0 0.0 0.0 0.0 0.0 0.0 0.0 0.0 0.0 0.0 0.0 0.0 0.009950173502 0.01079135808 0.01028636959 0.01016645665 0.009287535001 0.009810621156 0.01069636031 0.01009906462 0.01040608407 0.009524536207 0.009843131006 0.564145371601 0.01024507104 0.01018805336 0.009992870417 0.009654148654 0.01027193238 0.01049717386 0.01039110473 0.00993653276 0.009687085039 0.01086474808 0.01030689493 0.010384415 0.01095753706 0.01098579227 0.01085964956 0.009465450424 0.009986678794 0.009705512024 0.009561717463 0.009365654994 0.01014064555 0.009622810043 0.009965497657 0.0 0.0 0.0 0.0 0.0 0.0 0.0 0.0 0.0 0.0 0.0 0.0 0.0 0.0 0.0 0.0 0.0 0.0 0.0 0.0 0.0 0.0 0.0 0.0 0.0 0.0 0.0 0.0 0.0 0.0 0.0 0.0 0.0 0.0 0.0 0.0 0.0 0.0 0.0 0.0 0.0 0.0 0.0 0.0 0.0 0.0 0.0 0.0 0.0 0.0 0.0 0.0 0.0 0.0 0.0 0.0
0.0 0.0 0.0 0.0 0.0 0.0 0.0 0.0 0.0 0.0 0.0 0.0 0.0 0.0 0.0 0.0 0.0 0.0 0.0 0.0 0.0 0.0 0.0 0.0 0.0 0.0 0.0 0.0 0.009753938844 0.01040874859 0.01019051417 0.01014402439 0.009611243682 0.009863111593 0.01021874114 0.01022737971 0.01042336272 0.009897895958 0.01007654356 0.01024507104 0.864653683535 0.01025952016 0.01016333443 0.009961505563 0.01027219151 0.01031920944 0.01024037144 0.01010962873 0.00997612391 0.01055877506 0.01026017133 0.01029547139 0.01056193708 0.01055376296 0.01045035947 0.009806791092 0.01014919914 0.009983870794 0.009879054264 0.009816470798 0.01025016146 0.00995702264 0.01020066047 0.0 0.0 0.0 0.0 0.0 0.0 0.0 0.0 0.0 0.0 0.0 0.0 0.0 0.0 0.0 0.0 0.0 0.0 0.0 0.0 0.0 0.0 0.0 0.0 0.0 0.0 0.0 0.0 0.0 0.0 0.0 0.0 0.0 0.0 0.0 0.0 0.0 0.0 0.0 0.0 0.0 0.0 0.0 0.0 0.0 0.0 0.0 0.0 0.0 0.0 0.0 0.0 0.0 0.0 0.0 0.0
0.0 0.0 0.0 0.0 0.0 0.0 0.0 0.0 0.0 0.0 0.0 0.0 0.0 0.0 0.0 0.0 0.0 0.0 0.0 0.0 0.0 0.0 0.0 0.0 0.0 0.0 0.0 0.0 0.009779962032 0.0102585996 0.01014166438 0.01009121074 0.009671014229 0.009879751711 0.0101116769 0.01019876834 0.01031501788 0.009926253341 0.01006812521 0.01018805336 0.01025952016 0.910744977708 0.0101328604 0.009978919138 0.01019874159 0.01022560732 0.01016479415 0.01010392794 0.009997086082 0.01038695433 0.01019048719 0.01021856401 0.0103617508 0.01035683439 0.01029305236 0.009847808782 0.01011928349 0.009990671938 0.009912068759 0.009848897637 0.01019810787 0.009951928717 0.01015577515 0.0 0.0 0.0 0.0 0.0 0.0 0.0 0.0 0.0 0.0 0.0 0.0 0.0 0.0 0.0 0.0 0.0 0.0 0.0 0.0 0.0 0.0 0.0 0.0 0.0 0.0 0.0 0.0 0.0 0.0 0.0 0.0 0.0 0.0 0.0 0.0 0.0 0.0 0.0 0.0 0.0 0.0 0.0 0.0 0.0 0.0 0.0 0.0 0.0 0.0 0.0 0.0 0.0 0.0 0.0 0.0
0.0 0.0 0.0 0.0 0.0 0.0 0.0 0.0 0.0 0.0 0.0 0.0 0.0 0.0 0.0 0.0 0.0 0.0 0.0 0.0 0.0 0.0 0.0 0.0 0.0 0.0 0.0 0.0 0.009694924242 0.009759120089 0.009978990279 0.01000777783 0.01004422073 0.00997116648 0.009614026724 0.01019162329 0.01012622567 0.01027209907 0.01022032547 0.009992870417 0.01016333443 0.0101328604 0.760929273717 0.01023297882 0.01007980987 0.00993631519 0.009929064182 0.01018932779 0.01023701858 0.00986883544 0.01003369438 0.010013959 0.009748569367 0.009724651075 0.009766169753 0.01019419924 0.01017646736 0.01022648728 0.0101999263 0.01028391355 0.01015254784 0.01022943112 0.01024909863 0.0 0.0 0.0 0.0 0.0 0.0 0.0 0.0 0.0 0.0 0.0 0.0 0.0 0.0 0.0 0.0 0.0 0.0 0.0 0.0 0.0 0.0 0.0 0.0 0.0 0.0 0.0 0.0 0.0 0.0 0.0 0.0 0.0 0.0 0.0 0.0 0.0 0.0 0.0 0.0 0.0 0.0 0.0 0.0 0.0 0.0 0.0 0.0 0.0 0.0 0.0 0.0 0.0 0.0 0.0 0.0
0.0 0.0 0.0 0.0 0.0 0.0 0.0 0.0 0.0 0.0 0.0 0.0 0.0 0.0 0.0 0.0 0.0 0.0 0.0 0.0 0.0 0.0 0.0 0.0 0.0 0.0 0.0 0.0 0.009476762094 0.008864300638 0.009681404015 0.009768162724 0.01094787258 0.01007967457 0.008785354244 0.01023420068 0.009735779531 0.01104044069 0.01052921802 0.009654148654 0.009961505563 0.009978919138 0.01023297882 0.881255302623 0.009802670144 0.009405694485 0.009459813493 0.0103607901 0.01076234173 0.008998431927 0.009714287359 0.00963106174 0.008735734113 0.008679509281 0.008903556558 0.0109521657 0.01024122488 0.01067557897 0.01085755045 0.01128690025 0.009962502302 0.01077885652 0.01039438522 0.0 0.0 0.0 0.0 0.0 0.0 0.0 0.0 0.0 0.0 0.0 0.0 0.0 0.0 0.0 0.0 0.0 0.0 0.0 0.0 0.0 0.0 0.0 0.0 0.0 0.0 0.0 0.0 0.0 0.0 0.0 0.0 0.0 0.0 0.0 0.0 0.0 0.0 0.0 0.0 0.0 0.0 0.0 0.0 0.0 0.0 0.0 0.0 0.0 0.0 0.0 0.0 0.0 0.0 0.0 0.0
0.0 0.0 0.0 0.0 0.0 0.0 0.0 0.0 0.0 0.0 0.0 0.0 0.0 0.0 0.0 0.0 0.0 0.0 0.0 0.0 0.0 0.0 0.0 0.0 0.0 0.0 0.0 0.0 0.009864184831 0.01057918092 0.01022012184 0.0101741124 0.009446760966 0.009863942297 0.01040001899 0.01012318021 0.01040119151 0.009701378851 0.009935927612 0.01027193238 0.01027219151 0.01019874159 0.01007980987 0.009802670144 0.869088097346 0.01038470569 0.01030967118 0.01000162281 0.009817559401 0.01065504906 0.01027518417 0.01033353372 0.01069146014 0.01069823181 0.01059729932 0.009635195484 0.01006553437 0.009840995151 0.009716088384 0.009593413715 0.01020527604 0.009807440855 0.01007547434 0.0 0.0 0.0 0.0 0.0 0.0 0.0 0.0 0.0 0.0 0.0 0.0 0.0 0.0 0.0 0.0 0.0 0.0 0.0 0.0 0.0 0.0 0.0 0.0 0.0 0.0 0.0 0.0 0.0 0.0 0.0 0.0 0.0 0.0 0.0 0.0 0.0 0.0 0.0 0.0 0.0 0.0 0.0 0.0 0.0 0.0 0.0 0.0 0.0 0.0 0.0 0.0 0.0 0.0 0.0 0.0
0.0 0.0 0.0 0.0 0.0 0.0 0.0 0.0 0.0 0.0 0.0 0.0 0.0 0.0 0.0 0.0 0.0 0.0 0.0 0.0 0.0 0.0 0.0 0.0 0.0 0.0 0.0 0.0 0.01000370388 0.01141510693 0.01041637292 0.01026505596 0.008948823497 0.00972840382 0.01127341366 0.01003938381 0.01060910882 0.009198507145 0.009669943756 0.01049717386 0.01031920944 0.01022560732 0.00993631519 0.009405694485 0.01038470569 0.33141885111 0.01063234619 0.009811728542 0.009433826248 0.01150082117 0.01045044258 0.01058367824 0.01173624774 0.01179944772 0.01151599091 0.009136793745 0.009936919502 0.009527410114 0.009283334021 0.008986436286 0.01021617015 0.009412158717 0.009891616181 0.0 0.0 0.0 0.0 0.0 0.0 0.0 0.0 0.0 0.0 0.0 0.0 0.0 0.0 0.0 0.0 0.0 0.0 0.0 0.0 0.0 0.0 0.0 0.0 0.0 0.0 0.0 0.0 0.0 0.0 0.0 0.0 0.0 0.0 0.0 0.0 0.0 0.0 0.0 0.0 0.0 0.0 0.0 0.0 0.0 0.0 0.0 0.0 0.0 0.0 0.0 0.0 0.0 0.0 0.0 0.0
0.0 0.0 0.0 0.0 0.0 0.0 0.0 0.0 0.0 0.0 0.0 0.0 0.0 0.0 0.0 0.0 0.0 0.0 0.0 0.0 0.0 0.0 0.0 0.0 0.0 0.0 0.0 0.0 0.01004833 0.01111088047 0.01033516614 0.01024124745 0.009043192239 0.009780787464 0.01100761417 0.009979261158 0.01048643924 0.009255548834 0.009677118158 0.01039110473 0.01024037144 0.01016479415 0.009929064182 0.009459813493 0.01030967118 0.01063234619 0.967477924826 0.009805636778 0.009469143492 0.01111091321 0.01036646049 0.01047614017 0.0113164273 0.0113474944 0.01115008428 0.009227912718 0.009924294366 0.009560992852 0.009342813015 0.009059945735 0.01019041755 0.009473907226 0.009872513394 0.0 0.0 0.0 0.0 0.0 0.0 0.0 0.0 0.0 0.0 0.0 0.0 0.0 0.0 0.0 0.0 0.0 0.0 0.0 0.0 0.0 0.0 0.0 0.0 0.0 0.0 0.0 0.0 0.0 0.0 0.0 0.0 0.0 0.0 0.0 0.0 0.0 0.0 0.0 0.0 0.0 0.0 0.0 0.0 0.0 0.0 0.0 0.0 0.0 0.0 0.0 0.0 0.0 0.0 0.0 0.0
0.0 0.0 0.0 0.0 0.0 0.0 0.0 0.0 0.0 0.0 0.0 0.0 0.0 0.0 0.0 0.0 0.0 0.0 0.0 0.0 0.0 0.0 0.0 0.0 0.0 0.0 0.0 0.0 0.009633568065 0.009518142018 0.009925082888 0.009926084299 0.01026751047 0.01000685041 0.009432939302 0.01024118565 0.009997246621 0.01046776764 0.01030631158 0.00993653276 0.01010962873 0.01010392794 0.01018932779 0.0103607901 0.01000162281 0.009811728542 0.009805636778 1.21287181615 0.01039700528 0.009656490007 0.009957489389 0.00993626267 0.009493722994 0.009465282842 0.009592349675 0.01041048904 0.01018402601 0.01029032284 0.01037336331 0.01053658959 0.01006184484 0.01030501784 0.01026121299 0.0 0.0 0.0 0.0 0.0 0.0 0.0 0.0 0.0 0.0 0.0 0.0 0.0 0.0 0.0 0.0 0.0 0.0 0.0 0.0 0.0 0.0 0.0 0.0 0.0 0.0 0.0 0.0 0.0 0.0 0.0 0.0 0.0 0.0 0.0 0.0 0.0 0.0 0.0 0.0 0.0 0.0 0.0 0.0 0.0 0.0 0.0 0.0 0.0 0.0 0.0 0.0 0.0 0.0 0.0 0.0
0.0 0.0 0.0 0.0 0.0 0.0 0.0 0.0 0.0 0.0 0.0 0.0 0.0 0.0 0.0 0.0 0.0 0.0 0.0 0.0 0.0 0.0 0.0 0.0 0.0 0.0 0.0 0.0 0.009461780779 0.008858726912 0.009706052311 0.009757526269 0.01095256364 0.01009281753 0.008809306056 0.01028343933 0.009725854518 0.01105829052 0.01054969807 0.009687085039 0.00997612391 0.009997086082 0.01023701858 0.01076234173 0.009817559401 0.009433826248 0.009469143492 0.01039700528 0.909586794828 0.009025471759 0.009727140256 0.009653967057 0.008749634388 0.008700252526 0.008957782823 0.01097215844 0.01024387679 0.01061867729 0.01086311874 0.01130213414 0.009935745513 0.01071527044 0.01038120515 0.0 0.0 0.0 0.0 0.0 0.0 0.0 0.0 0.0 0.0 0.0 0.0 0.0 0.0 0.0 0.0 0.0 0.0 0.0 0.0 0.0 0.0 0.0 0.0 0.0 0.0 0.0 0.0 0.0 0.0 0.0 0.0 0.0 0.0 0.0 0.0 0.0 0.0 0.0 0.0 0.0 0.0 0.0 0.0 0.0 0.0 0.0 0.0 0.0 0.0 0.0 0.0 0.0 0.0 0.0 0.0
0.0 0.0 0.0 0.0 0.0 0.0 0.0 0.0 0.0 0.0 0.0 0.0 0.0 0.0 0.0 0.0 0.0 0.0 0.0 0.0 0.0 0.0 0.0 0.0 0.0 0.0 0.0 0.0 0.01002223374 0.01278072192 0.01068640229 0.01044508195 0.008324570466 0.009486555839 0.01262446479 0.01006229309 0.01113477017 0.008659402803 0.009429772704 0.01086474808 0.01055877506 0.01038695433 0.00986883544 0.008998431927 0.01065504906 0.01150082117 0.01111091321 0.009656490007 0.009025471759 0.856618721493 0.01078508221 0.01102501536 0.01360892976 0.01375036965 0.01301246252 0.008547688445 0.009907380009 0.009240700571 0.008818828492 0.00833103005 0.01044546158 0.009054343663 0.009849609198 0.0 0.0 0.0 0.0 0.0 0.0 0.0 0.0 0.0 0.0 0.0 0.0 0.0 0.0 0.0 0.0 0.0 0.0 0.0 0.0 0.0 0.0 0.0 0.0 0.0 0.0 0.0 0.0 0.0 0.0 0.0 0.0 0.0 0.0 0.0 0.0 0.0 0.0 0.0 0.0 0.0 0.0 0.0 0.0 0.0 0.0 0.0 0.0 0.0 0.0 0.0 0.0 0.0 0.0 0.0 0.0
