71 71
0.28251468065 0.01265952118 0.01234661652 0.01268564731 0.01166140083 0.01196786995 0.01213285676 0.01259437793 0.01222728422 0.0118737301 0.0126809649 0.01262415489 0.01206972428 0.0 0.0 0.0 0.0 0.0 0.0 0.0 0.0 0.0 0.0 0.0 0.0 0.0 0.0 0.0 0.0 0.0 0.0 0.0 0.0 0.0 0.0 0.0 0.0 0.0 0.0 0.0 0.0 0.0 0.0 0.0 0.0 0.0 0.0 0.0 0.0 0.0 0.0 0.0 0.0 0.0 0.0 0.0 0.0 0.0 0.0 0.0 0.0 0.0 0.0 0.0 0.0 0.0 0.0 0.0 0.0 0.0 0.0
0.01265952118 0.620984069448 0.01235731652 0.01306957596 0.01115258828 0.01163047345 0.01193240796 0.01284461637 0.01210871157 0.0115283163 0.01307971665 0.01295878708 0.01182441183 0.0 0.0 0.0 0.0 0.0 0.0 0.0 0.0 0.0 0.0 0.0 0.0 0.0 0.0 0.0 0.0 0.0 0.0 0.0 0.0 0.0 0.0 0.0 0.0 0.0 0.0 0.0 0.0 0.0 0.0 0.0 0.0 0.0 0.0 0.0 0.0 0.0 0.0 0.0 0.0 0.0 0.0 0.0 0.0 0.0 0.0 0.0 0.0 0.0 0.0 0.0 0.0 0.0 0.0 0.0 0.0 0.0 0.0
0.01234661652 0.01235731652 0.432966710279 0.01238616231 0.01217882555 0.01209276775 0.01239389889 0.01232386424 0.01231878559 0.01210525586 0.01235934655 0.01238255161 0.01223691673 0.0 0.0 0.0 0.0 0.0 0.0 0.0 0.0 0.0 0.0 0.0 0.0 0.0 0.0 0.0 0.0 0.0 0.0 0.0 0.0 0.0 0.0 0.0 0.0 0.0 0.0 0.0 0.0 0.0 0.0 0.0 0.0 0.0 0.0 0.0 0.0 0.0 0.0 0.0 0.0 0.0 0.0 0.0 0.0 0.0 0.0 0.0 0.0 0.0 0.0 0.0 0.0 0.0 0.0 0.0 0.0 0.0 0.0
0.01268564731 0.01306957596 0.01238616231 0.279554254132 0.01094524376 0.01143958556 0.01194483795 0.01290551526 0.01207642546 0.01137757943 0.01319209741 0.01312830448 0.01174854565 0.0 0.0 0.0 0.0 0.0 0.0 0.0 0.0 0.0 0.0 0.0 0.0 0.0 0.0 0.0 0.0 0.0 0.0 0.0 0.0 0.0 0.0 0.0 0.0 0.0 0.0 0.0 0.0 0.0 0.0 0.0 0.0 0.0 0.0 0.0 0.0 0.0 0.0 0.0 0.0 0.0 0.0 0.0 0.0 0.0 0.0 0.0 0.0 0.0 0.0 0.0 0.0 0.0 0.0 0.0 0.0 0.0 0.0
0.01166140083 0.01115258828 0.01217882555 0.01094524376 0.148297794008 0.01360555089 0.012726499 0.01129610733 0.01254431025 0.01361735125 0.01092386609 0.0110592025 0.01301804919 0.0 0.0 0.0 0.0 0.0 0.0 0.0 0.0 0.0 0.0 0.0 0.0 0.0 0.0 0.0 0.0 0.0 0.0 0.0 0.0 0.0 0.0 0.0 0.0 0.0 0.0 0.0 0.0 0.0 0.0 0.0 0.0 0.0 0.0 0.0 0.0 0.0 0.0 0.0 0.0 0.0 0.0 0.0 0.0 0.0 0.0 0.0 0.0 0.0 0.0 0.0 0.0 0.0 0.0 0.0 0.0 0.0 0.0
0.01196786995 0.01163047345 0.01209276775 0.01143958556 0.01360555089 0.244769892719 0.0123870901 0.01175550617 0.01244349469 0.01317845688 0.01145154533 0.01150197271 0.01274030347 0.0 0.0 0.0 0.0 0.0 0.0 0.0 0.0 0.0 0.0 0.0 0.0 0.0 0.0 0.0 0.0 0.0 0.0 0.0 0.0 0.0 0.0 0.0 0.0 0.0 0.0 0.0 0.0 0.0 0.0 0.0 0.0 0.0 0.0 0.0 0.0 0.0 0.0 0.0 0.0 0.0 0.0 0.0 0.0 0.0 0.0 0.0 0.0 0.0 0.0 0.0 0.0 0.0 0.0 0.0 0.0 0.0 0.0
0.01213285676 0.01193240796 0.01239389889 0.01194483795 0.012726499 0.0123870901 0.352119598748 0.01202264837 0.01245524816 0.01261246719 0.01194838917 0.0120240761 0.01259233439 0.0 0.0 0.0 0.0 0.0 0.0 0.0 0.0 0.0 0.0 0.0 0.0 0.0 0.0 0.0 0.0 0.0 0.0 0.0 0.0 0.0 0.0 0.0 0.0 0.0 0.0 0.0 0.0 0.0 0.0 0.0 0.0 0.0 0.0 0.0 0.0 0.0 0.0 0.0 0.0 0.0 0.0 0.0 0.0 0.0 0.0 0.0 0.0 0.0 0.0 0.0 0.0 0.0 0.0 0.0 0.0 0.0 0.0
0.01259437793 0.01284461637 0.01232386424 0.01290551526 0.01129610733 0.01175550617 0.01202264837 0.309174443247 0.01216583955 0.01169670489 0.01291654944 0.01283749399 0.0119355289 0.0 0.0 0.0 0.0 0.0 0.0 0.0 0.0 0.0 0.0 0.0 0.0 0.0 0.0 0.0 0.0 0.0 0.0 0.0 0.0 0.0 0.0 0.0 0.0 0.0 0.0 0.0 0.0 0.0 0.0 0.0 0.0 0.0 0.0 0.0 0.0 0.0 0.0 0.0 0.0 0.0 0.0 0.0 0.0 0.0 0.0 0.0 0.0 0.0 0.0 0.0 0.0 0.0 0.0 0.0 0.0 0.0 0.0
0.01222728422 0.01210871157 0.01231878559 0.01207642546 0.01254431025 0.01244349469 0.01245524816 0.01216583955 0.236053188304 0.01247887553 0.0120869731 0.01211312443 0.01245600044 0.0 0.0 0.0 0.0 0.0 0.0 0.0 0.0 0.0 0.0 0.0 0.0 0.0 0.0 0.0 0.0 0.0 0.0 0.0 0.0 0.0 0.0 0.0 0.0 0.0 0.0 0.0 0.0 0.0 0.0 0.0 0.0 0.0 0.0 0.0 0.0 0.0 0.0 0.0 0.0 0.0 0.0 0.0 0.0 0.0 0.0 0.0 0.0 0.0 0.0 0.0 0.0 0.0 0.0 0.0 0.0 0.0 0.0
0.0118737301 0.0115283163 0.01210525586 0.01137757943 0.01361735125 0.01317845688 0.01261246719 0.01169670489 0.01247887553 0.16873696569 0.01145531824 0.01148492605 0.01287243464 0.0 0.0 0.0 0.0 0.0 0.0 0.0 0.0 0.0 0.0 0.0 0.0 0.0 0.0 0.0 0.0 0.0 0.0 0.0 0.0 0.0 0.0 0.0 0.0 0.0 0.0 0.0 0.0 0.0 0.0 0.0 0.0 0.0 0.0 0.0 0.0 0.0 0.0 0.0 0.0 0.0 0.0 0.0 0.0 0.0 0.0 0.0 0.0 0.0 0.0 0.0 0.0 0.0 0.0 0.0 0.0 0.0 0.0
0.0126809649 0.01307971665 0.01235934655 0.01319209741 0.01092386609 0.01145154533 0.01194838917 0.01291654944 0.0120869731 0.01145531824 0.33407019924 0.01309759423 0.01179191786 0.0 0.0 0.0 0.0 0.0 0.0 0.0 0.0 0.0 0.0 0.0 0.0 0.0 0.0 0.0 0.0 0.0 0.0 0.0 0.0 0.0 0.0 0.0 0.0 0.0 0.0 0.0 0.0 0.0 0.0 0.0 0.0 0.0 0.0 0.0 0.0 0.0 0.0 0.0 0.0 0.0 0.0 0.0 0.0 0.0 0.0 0.0 0.0 0.0 0.0 0.0 0.0 0.0 0.0 0.0 0.0 0.0 0.0
0.01262415489 0.01295878708 0.01238255161 0.01312830448 0.0110592025 0.01150197271 0.0120240761 0.01283749399 0.01211312443 0.01148492605 0.01309759423 0.419219856377 0.01182284044 0.0 0.0 0.0 0.0 0.0 0.0 0.0 0.0 0.0 0.0 0.0 0.0 0.0 0.0 0.0 0.0 0.0 0.0 0.0 0.0 0.0 0.0 0.0 0.0 0.0 0.0 0.0 0.0 0.0 0.0 0.0 0.0 0.0 0.0 0.0 0.0 0.0 0.0 0.0 0.0 0.0 0.0 0.0 0.0 0.0 0.0 0.0 0.0 0.0 0.0 0.0 0.0 0.0 0.0 0.0 0.0 0.0 0.0
0.01206972428 0.01182441183 0.01223691673 0.01174854565 0.01301804919 0.01274030347 0.01259233439 0.0119355289 0.01245600044 0.01287243464 0.01179191786 0.01182284044 0.205907543298 0.0 0.0 0.0 0.0 0.0 0.0 0.0 0.0 0.0 0.0 0.0 0.0 0.0 0.0 0.0 0.0 0.0 0.0 0.0 0.0 0.0 0.0 0.0 0.0 0.0 0.0 0.0 0.0 0.0 0.0 0.0 0.0 0.0 0.0 0.0 0.0 0.0 0.0 0.0 0.0 0.0 0.0 0.0 0.0 0.0 0.0 0.0 0.0 0.0 0.0 0.0 0.0 0.0 0.0 0.0 0.0 0.0 0.0
0.0 0.0 0.0 0.0 0.0 0.0 0.0 0.0 0.0 0.0 0.0 0.0 0.0 0.226118824357 0.005202136813 0.005820511094 0.006014998935 0.005950056727 0.005437481613 0.006250738097 0.00636859858 0.005807374577 0.005126233438 0.005107562322 0.004841365929 0.004754777084 0.004797352816 0.005642980156 0.005149085069 0.004773674072 0.005597108386 0.005428161873 0.005295604147 0.004828179874 0.005946587084 0.005803265189 0.005215701766 0.0 0.0 0.0 0.0 0.0 0.0 0.0 0.0 0.0 0.0 0.0 0.0 0.0 0.0 0.0 0.0 0.0 0.0 0.0 0.0 0.0 0.0 0.0 0.0 0.0 0.0 0.0 0.0 0.0 0.0 0.0 0.0 0.0 0.0
0.0 0.0 0.0 0.0 0.0 0.0 0.0 0.0 0.0 0.0 0.0 0.0 0.0 0.005202136813 0.102654100219 0.005313534133 0.00521494763 0.005227815454 0.005510046518 0.005074797916 0.005021548275 0.005314859185 0.005673098984 0.005696553626 0.005801817238 0.005805648222 0.00582112554 0.005408626057 0.005668763991 0.005833122625 0.005420733182 0.005517139442 0.005583693026 0.005810774349 0.005250918757 0.005319734108 0.005615601534 0.0 0.0 0.0 0.0 0.0 0.0 0.0 0.0 0.0 0.0 0.0 0.0 0.0 0.0 0.0 0.0 0.0 0.0 0.0 0.0 0.0 0.0 0.0 0.0 0.0 0.0 0.0 0.0 0.0 0.0 0.0 0.0 0.0 0.0
0.0 0.0 0.0 0.0 0.0 0.0 0.0 0.0 0.0 0.0 0.0 0.0 0.0 0.005820511094 0.005313534133 0.375851403413 0.005807936149 0.005769153758 0.005466067014 0.005911957997 0.005987577995 0.005690393325 0.005262412092 0.0052508453 0.005059434438 0.004997298421 0.00502476965 0.005592643343 0.005274980967 0.005016358376 0.00556729483 0.005460363831 0.005373136259 0.00504528136 0.005769416355 0.005692128072 0.005323286103 0.0 0.0 0.0 0.0 0.0 0.0 0.0 0.0 0.0 0.0 0.0 0.0 0.0 0.0 0.0 0.0 0.0 0.0 0.0 0.0 0.0 0.0 0.0 0.0 0.0 0.0 0.0 0.0 0.0 0.0 0.0 0.0 0.0 0.0
0.0 0.0 0.0 0.0 0.0 0.0 0.0 0.0 0.0 0.0 0.0 0.0 0.0 0.006014998935 0.00521494763 0.005807936149 0.32620631528 0.005906109222 0.005445977689 0.006228655135 0.00633315765 0.005791334278 0.005141460944 0.005126620382 0.004853277175 0.004754670746 0.004811327669 0.005638451706 0.00517077577 0.00479819468 0.005590167404 0.005434277927 0.005303626134 0.004842918528 0.005936347819 0.00579421476 0.005223206712 0.0 0.0 0.0 0.0 0.0 0.0 0.0 0.0 0.0 0.0 0.0 0.0 0.0 0.0 0.0 0.0 0.0 0.0 0.0 0.0 0.0 0.0 0.0 0.0 0.0 0.0 0.0 0.0 0.0 0.0 0.0 0.0 0.0 0.0
0.0 0.0 0.0 0.0 0.0 0.0 0.0 0.0 0.0 0.0 0.0 0.0 0.0 0.005950056727 0.005227815454 0.005769153758 0.005906109222 0.227532856687 0.005418055593 0.006173245916 0.00628696465 0.005781578347 0.005165140399 0.005130798763 0.004969832349 0.004980111744 0.004930438383 0.005612729168 0.005147867582 0.004878011241 0.005596769936 0.005418572857 0.005319523419 0.004951672453 0.005848064554 0.005745365301 0.005270945094 0.0 0.0 0.0 0.0 0.0 0.0 0.0 0.0 0.0 0.0 0.0 0.0 0.0 0.0 0.0 0.0 0.0 0.0 0.0 0.0 0.0 0.0 0.0 0.0 0.0 0.0 0.0 0.0 0.0 0.0 0.0 0.0 0.0 0.0
0.0 0.0 0.0 0.0 0.0 0.0 0.0 0.0 0.0 0.0 0.0 0.0 0.0 0.005437481613 0.005510046518 0.005466067014 0.005445977689 0.005418055593 0.366285155897 0.005383788311 0.005374777142 0.00546754524 0.005521610093 0.005519560945 0.005468135659 0.00542964497 0.005463874575 0.005477904622 0.005527006665 0.005524536747 0.005488774547 0.005506344141 0.005507710862 0.005467915213 0.005456048724 0.005474654342 0.005511525301 0.0 0.0 0.0 0.0 0.0 0.0 0.0 0.0 0.0 0.0 0.0 0.0 0.0 0.0 0.0 0.0 0.0 0.0 0.0 0.0 0.0 0.0 0.0 0.0 0.0 0.0 0.0 0.0 0.0 0.0 0.0 0.0 0.0 0.0
0.0 0.0 0.0 0.0 0.0 0.0 0.0 0.0 0.0 0.0 0.0 0.0 0.0 0.006250738097 0.005074797916 0.005911957997 0.006228655135 0.006173245916 0.005383788311 37.3404472855 0.006846608304 0.005892863382 0.004995833717 0.004970740244 0.004643531791 0.004520190832 0.004601213091 0.005614843484 0.00501764157 0.004524917695 0.00561544473 0.005378054787 0.005211941537 0.004623087576 0.006125721143 0.005897930041 0.005101187931 0.0 0.0 0.0 0.0 0.0 0.0 0.0 0.0 0.0 0.0 0.0 0.0 0.0 0.0 0.0 0.0 0.0 0.0 0.0 0.0 0.0 0.0 0.0 0.0 0.0 0.0 0.0 0.0 0.0 0.0 0.0 0.0 0.0 0.0
0.0 0.0 0.0 0.0 0.0 0.0 0.0 0.0 0.0 0.0 0.0 0.0 0.0 0.00636859858 0.005021548275 0.005987577995 0.00633315765 0.00628696465 0.005374777142 0.006846608304 1.23666277797 0.005987295318 0.004910050829 0.004879861184 0.004520908598 0.00440624568 0.004471489283 0.005702747028 0.00494189578 0.004415675507 0.005631902462 0.00535910736 0.005166284028 0.004519077394 0.00620752391 0.005954746218 0.005040536715 0.0 0.0 0.0 0.0 0.0 0.0 0.0 0.0 0.0 0.0 0.0 0.0 0.0 0.0 0.0 0.0 0.0 0.0 0.0 0.0 0.0 0.0 0.0 0.0 0.0 0.0 0.0 0.0 0.0 0.0 0.0 0.0 0.0 0.0
0.0 0.0 0.0 0.0 0.0 0.0 0.0 0.0 0.0 0.0 0.0 0.0 0.0 0.005807374577 0.005314859185 0.005690393325 0.005791334278 0.005781578347 0.00546754524 0.005892863382 0.005987295318 0.466985901763 0.005271722649 0.005252039136 0.00509058129 0.005034067808 0.005050133241 0.005583905516 0.005275377469 0.005042576051 0.005564178105 0.005456608578 0.005375217388 0.005067564085 0.005752241502 0.005680705052 0.005331437759 0.0 0.0 0.0 0.0 0.0 0.0 0.0 0.0 0.0 0.0 0.0 0.0 0.0 0.0 0.0 0.0 0.0 0.0 0.0 0.0 0.0 0.0 0.0 0.0 0.0 0.0 0.0 0.0 0.0 0.0 0.0 0.0 0.0 0.0
0.0 0.0 0.0 0.0 0.0 0.0 0.0 0.0 0.0 0.0 0.0 0.0 0.0 0.005126233438 0.005673098984 0.005262412092 0.005141460944 0.005165140399 0.005521610093 0.004995833717 0.004910050829 0.005271722649 0.225885900472 0.005747452675 0.005878150132 0.005865965811 0.00590972097 0.005375387697 0.005724498355 0.005977597463 0.005402675425 0.005521649052 0.005607804397 0.005897132802 0.00518638574 0.005274286839 0.005655017245 0.0 0.0 0.0 0.0 0.0 0.0 0.0 0.0 0.0 0.0 0.0 0.0 0.0 0.0 0.0 0.0 0.0 0.0 0.0 0.0 0.0 0.0 0.0 0.0 0.0 0.0 0.0 0.0 0.0 0.0 0.0 0.0 0.0 0.0
0.0 0.0 0.0 0.0 0.0 0.0 0.0 0.0 0.0 0.0 0.0 0.0 0.0 0.005107562322 0.005696553626 0.0052508453 0.005126620382 0.005130798763 0.005519560945 0.004970740244 0.004879861184 0.005252039136 0.005747452675 0.21953858946 0.005919044552 0.005899999369 0.005953413777 0.005374617143 0.005746078272 0.005980020647 0.005390146535 0.005525005828 0.005615791491 0.0059351118 0.005173277038 0.005260112099 0.005656192223 0.0 0.0 0.0 0.0 0.0 0.0 0.0 0.0 0.0 0.0 0.0 0.0 0.0 0.0 0.0 0.0 0.0 0.0 0.0 0.0 0.0 0.0 0.0 0.0 0.0 0.0 0.0 0.0 0.0 0.0 0.0 0.0 0.0 0.0
0.0 0.0 0.0 0.0 0.0 0.0 0.0 0.0 0.0 0.0 0.0 0.0 0.0 0.004841365929 0.005801817238 0.005059434438 0.004853277175 0.004969832349 0.005468135659 0.004643531791 0.004520908598 0.00509058129 0.005878150132 0.005919044552 0.20901998983 0.006601591386 0.006490317445 0.005272247772 0.005848295445 0.006370502389 0.005300047377 0.005502335973 0.005672884941 0.006431718385 0.004918238852 0.005065861073 0.005767169401 0.0 0.0 0.0 0.0 0.0 0.0 0.0 0.0 0.0 0.0 0.0 0.0 0.0 0.0 0.0 0.0 0.0 0.0 0.0 0.0 0.0 0.0 0.0 0.0 0.0 0.0 0.0 0.0 0.0 0.0 0.0 0.0 0.0 0.0
0.0 0.0 0.0 0.0 0.0 0.0 0.0 0.0 0.0 0.0 0.0 0.0 0.0 0.004754777084 0.005805648222 0.004997298421 0.004754670746 0.004980111744 0.00542964497 0.004520190832 0.00440624568 0.005034067808 0.005865965811 0.005899999369 0.006601591386 0.232094122877 0.006668580215 0.005240704785 0.005814130492 0.006445730034 0.005288036306 0.005483689434 0.005681860728 0.00659091278 0.004823585659 0.005004032715 0.005815414146 0.0 0.0 0.0 0.0 0.0 0.0 0.0 0.0 0.0 0.0 0.0 0.0 0.0 0.0 0.0 0.0 0.0 0.0 0.0 0.0 0.0 0.0 0.0 0.0 0.0 0.0 0.0 0.0 0.0 0.0 0.0 0.0 0.0 0.0
0.0 0.0 0.0 0.0 0.0 0.0 0.0 0.0 0.0 0.0 0.0 0.0 0.0 0.004797352816 0.00582112554 0.00502476965 0.004811327669 0.004930438383 0.005463874575 0.004601213091 0.004471489283 0.005050133241 0.00590972097 0.005953413777 0.006490317445 0.006668580215 0.238906820491 0.005250279096 0.005884419511 0.006462801793 0.00528117679 0.005495768786 0.00568318429 0.006535861619 0.004884197152 0.005031407135 0.005781556733 0.0 0.0 0.0 0.0 0.0 0.0 0.0 0.0 0.0 0.0 0.0 0.0 0.0 0.0 0.0 0.0 0.0 0.0 0.0 0.0 0.0 0.0 0.0 0.0 0.0 0.0 0.0 0.0 0.0 0.0 0.0 0.0 0.0 0.0
0.0 0.0 0.0 0.0 0.0 0.0 0.0 0.0 0.0 0.0 0.0 0.0 0.0 0.005642980156 0.005408626057 0.005592643343 0.005638451706 0.005612729168 0.005477904622 0.005614843484 0.005702747028 0.005583905516 0.005375387697 0.005374617143 0.005272247772 0.005240704785 0.005250279096 0.956441350541 0.005382914074 0.005238739283 0.00552835615 0.005478336393 0.005434365831 0.005264725559 0.005620412001 0.005586904583 0.005408574191 0.0 0.0 0.0 0.0 0.0 0.0 0.0 0.0 0.0 0.0 0.0 0.0 0.0 0.0 0.0 0.0 0.0 0.0 0.0 0.0 0.0 0.0 0.0 0.0 0.0 0.0 0.0 0.0 0.0 0.0 0.0 0.0 0.0 0.0
0.0 0.0 0.0 0.0 0.0 0.0 0.0 0.0 0.0 0.0 0.0 0.0 0.0 0.005149085069 0.005668763991 0.005274980967 0.00517077577 0.005147867582 0.005527006665 0.00501764157 0.00494189578 0.005275377469 0.005724498355 0.005746078272 0.005848295445 0.005814130492 0.005884419511 0.005382914074 0.191172962818 0.005946297173 0.00540123631 0.00552386561 0.005602159764 0.005873712216 0.005215070036 0.005287187088 0.005638051633 0.0 0.0 0.0 0.0 0.0 0.0 0.0 0.0 0.0 0.0 0.0 0.0 0.0 0.0 0.0 0.0 0.0 0.0 0.0 0.0 0.0 0.0 0.0 0.0 0.0 0.0 0.0 0.0 0.0 0.0 0.0 0.0 0.0 0.0
0.0 0.0 0.0 0.0 0.0 0.0 0.0 0.0 0.0 0.0 0.0 0.0 0.0 0.004773674072 0.005833122625 0.005016358376 0.00479819468 0.004878011241 0.005524536747 0.004524917695 0.004415675507 0.005042576051 0.005977597463 0.005980020647 0.006370502389 0.006445730034 0.006462801793 0.005238739283 0.005946297173 0.18230893025 0.005297140986 0.005521349446 0.00571197714 0.006436748864 0.0048840918 0.005037134211 0.005819715737 0.0 0.0 0.0 0.0 0.0 0.0 0.0 0.0 0.0 0.0 0.0 0.0 0.0 0.0 0.0 0.0 0.0 0.0 0.0 0.0 0.0 0.0 0.0 0.0 0.0 0.0 0.0 0.0 0.0 0.0 0.0 0.0 0.0 0.0
0.0 0.0 0.0 0.0 0.0 0.0 0.0 0.0 0.0 0.0 0.0 0.0 0.0 0.005597108386 0.005420733182 0.00556729483 0.005590167404 0.005596769936 0.005488774547 0.00561544473 0.005631902462 0.005564178105 0.005402675425 0.005390146535 0.005300047377 0.005288036306 0.00528117679 0.00552835615 0.00540123631 0.005297140986 0.262771332269 0.005484819308 0.005450952901 0.00528970475 0.005581032981 0.005566319437 0.005438617375 0.0 0.0 0.0 0.0 0.0 0.0 0.0 0.0 0.0 0.0 0.0 0.0 0.0 0.0 0.0 0.0 0.0 0.0 0.0 0.0 0.0 0.0 0.0 0.0 0.0 0.0 0.0 0.0 0.0 0.0 0.0 0.0 0.0 0.0
0.0 0.0 0.0 0.0 0.0 0.0 0.0 0.0 0.0 0.0 0.0 0.0 0.0 0.005428161873 0.005517139442 0.005460363831 0.005434277927 0.005418572857 0.005506344141 0.005378054787 0.00535910736 0.005456608578 0.005521649052 0.005525005828 0.005502335973 0.005483689434 0.005495768786 0.005478336393 0.00552386561 0.005521349446 0.005484819308 0.134653546627 0.00550897193 0.005493947846 0.005441283932 0.005467109912 0.0055143131 0.0 0.0 0.0 0.0 0.0 0.0 0.0 0.0 0.0 0.0 0.0 0.0 0.0 0.0 0.0 0.0 0.0 0.0 0.0 0.0 0.0 0.0 0.0 0.0 0.0 0.0 0.0 0.0 0.0 0.0 0.0 0.0 0.0 0.0
0.0 0.0 0.0 0.0 0.0 0.0 0.0 0.0 0.0 0.0 0.0 0.0 0.0 0.005295604147 0.005583693026 0.005373136259 0.005303626134 0.005319523419 0.005507710862 0.005211941537 0.005166284028 0.005375217388 0.005607804397 0.005615791491 0.005672884941 0.005681860728 0.00568318429 0.005434365831 0.005602159764 0.00571197714 0.005450952901 0.00550897193 0.150141149101 0.005677244945 0.005329261403 0.005379873254 0.005577242199 0.0 0.0 0.0 0.0 0.0 0.0 0.0 0.0 0.0 0.0 0.0 0.0 0.0 0.0 0.0 0.0 0.0 0.0 0.0 0.0 0.0 0.0 0.0 0.0 0.0 0.0 0.0 0.0 0.0 0.0 0.0 0.0 0.0 0.0
0.0 0.0 0.0 0.0 0.0 0.0 0.0 0.0 0.0 0.0 0.0 0.0 0.0 0.004828179874 0.005810774349 0.00504528136 0.004842918528 0.004951672453 0.005467915213 0.004623087576 0.004519077394 0.005067564085 0.005897132802 0.0059351118 0.006431718385 0.00659091278 0.006535861619 0.005264725559 0.005873712216 0.006436748864 0.00528970475 0.005493947846 0.005677244945 0.178931701273 0.004919164289 0.005048870403 0.005768406183 0.0 0.0 0.0 0.0 0.0 0.0 0.0 0.0 0.0 0.0 0.0 0.0 0.0 0.0 0.0 0.0 0.0 0.0 0.0 0.0 0.0 0.0 0.0 0.0 0.0 0.0 0.0 0.0 0.0 0.0 0.0 0.0 0.0 0.0
0.0 0.0 0.0 0.0 0.0 0.0 0.0 0.0 0.0 0.0 0.0 0.0 0.0 0.005946587084 0.005250918757 0.005769416355 0.005936347819 0.005848064554 0.005456048724 0.006125721143 0.00620752391 0.005752241502 0.00518638574 0.005173277038 0.004918238852 0.004823585659 0.004884197152 0.005620412001 0.005215070036 0.0048840918 0.005581032981 0.005441283932 0.005329261403 0.004919164289 0.221301912231 0.005755224044 0.005256315243 0.0 0.0 0.0 0.0 0.0 0.0 0.0 0.0 0.0 0.0 0.0 0.0 0.0 0.0 0.0 0.0 0.0 0.0 0.0 0.0 0.0 0.0 0.0 0.0 0.0 0.0 0.0 0.0 0.0 0.0 0.0 0.0 0.0 0.0
0.0 0.0 0.0 0.0 0.0 0.0 0.0 0.0 0.0 0.0 0.0 0.0 0.0 0.005803265189 0.005319734108 0.005692128072 0.00579421476 0.005745365301 0.005474654342 0.005897930041 0.005954746218 0.005680705052 0.005274286839 0.005260112099 0.005065861073 0.005004032715 0.005031407135 0.005586904583 0.005287187088 0.005037134211 0.005566319437 0.005467109912 0.005379873254 0.005048870403 0.005755224044 0.45099410557 0.005334235539 0.0 0.0 0.0 0.0 0.0 0.0 0.0 0.0 0.0 0.0 0.0 0.0 0.0 0.0 0.0 0.0 0.0 0.0 0.0 0.0 0.0 0.0 0.0 0.0 0.0 0.0 0.0 0.0 0.0 0.0 0.0 0.0 0.0 0.0
0.0 0.0 0.0 0.0 0.0 0.0 0.0 0.0 0.0 0.0 0.0 0.0 0.0 0.005215701766 0.005615601534 0.005323286103 0.005223206712 0.005270945094 0.005511525301 0.005101187931 0.005040536715 0.005331437759 0.005655017245 0.005656192223 0.005767169401 0.005815414146 0.005781556733 0.005408574191 0.005638051633 0.005819715737 0.005438617375 0.0055143131 0.005577242199 0.005768406183 0.005256315243 0.005334235539 0.138212585335 0.0 0.0 0.0 0.0 0.0 0.0 0.0 0.0 0.0 0.0 0.0 0.0 0.0 0.0 0.0 0.0 0.0 0.0 0.0 0.0 0.0 0.0 0.0 0.0 0.0 0.0 0.0 0.0 0.0 0.0 0.0 0.0 0.0 0.0
0.0 0.0 0.0 0.0 0.0 0.0 0.0 0.0 0.0 0.0 0.0 0.0 0.0 0.0 0.0 0.0 0.0 0.0 0.0 0.0 0.0 0.0 0.0 0.0 0.0 0.0 0.0 0.0 0.0 0.0 0.0 0.0 0.0 0.0 0.0 0.0 0.0 0.201481738656 0.006215554783 0.006446792284 0.006491029446 0.006444536603 0.006367682185 0.006483260594 0.006413066576 0.00645694312 0.006317725654 0.006222537913 0.006417948486 0.006243002539 0.006131890113 0.005905402027 0.006357025416 0.006218805198 0.006328474416 0.006088991176 0.006340088867 0.006488135347 0.006149571883 0.006132346753 0.0 0.0 0.0 0.0 0.0 0.0 0.0 0.0 0.0 0.0 0.0
0.0 0.0 0.0 0.0 0.0 0.0 0.0 0.0 0.0 0.0 0.0 0.0 0.0 0.0 0.0 0.0 0.0 0.0 0.0 0.0 0.0 0.0 0.0 0.0 0.0 0.0 0.0 0.0 0.0 0.0 0.0 0.0 0.0 0.0 0.0 0.0 0.0 0.006215554783 0.148066208071 0.006051851126 0.005930260969 0.005983868132 0.006254590501 0.005899515883 0.006137268585 0.006044815906 0.006334176828 0.006462315454 0.00611957646 0.006469660133 0.006607573322 0.006843996611 0.006258533493 0.006516687008 0.006310927772 0.00667749125 0.006285875856 0.005928701509 0.006598572535 0.006612158153 0.0 0.0 0.0 0.0 0.0 0.0 0.0 0.0 0.0 0.0 0.0
0.0 0.0 0.0 0.0 0.0 0.0 0.0 0.0 0.0 0.0 0.0 0.0 0.0 0.0 0.0 0.0 0.0 0.0 0.0 0.0 0.0 0.0 0.0 0.0 0.0 0.0 0.0 0.0 0.0 0.0 0.0 0.0 0.0 0.0 0.0 0.0 0.0 0.006446792284 0.006051851126 0.358116083913 0.006955110026 0.006852012398 0.006404860836 0.006979637023 0.006571395858 0.006751166808 0.006304477456 0.006105562837 0.00663102489 0.006096045281 0.005814190446 0.005332714172 0.006411450177 0.006023256797 0.006304810068 0.005754935705 0.006339144018 0.006944169198 0.005900978655 0.005814258811 0.0 0.0 0.0 0.0 0.0 0.0 0.0 0.0 0.0 0.0 0.0
0.0 0.0 0.0 0.0 0.0 0.0 0.0 0.0 0.0 0.0 0.0 0.0 0.0 0.0 0.0 0.0 0.0 0.0 0.0 0.0 0.0 0.0 0.0 0.0 0.0 0.0 0.0 0.0 0.0 0.0 0.0 0.0 0.0 0.0 0.0 0.0 0.0 0.006491029446 0.005930260969 0.006955110026 0.366534035828 0.007122367331 0.00642816743 0.007341634395 0.006681889502 0.006954498248 0.006281067698 0.005985305887 0.006755704604 0.005999309508 0.005615102292 0.004987372169 0.006428277686 0.005894805685 0.006291228054 0.005530690337 0.006334525561 0.007269501529 0.005710425488 0.00561368039 0.0 0.0 0.0 0.0 0.0 0.0 0.0 0.0 0.0 0.0 0.0
0.0 0.0 0.0 0.0 0.0 0.0 0.0 0.0 0.0 0.0 0.0 0.0 0.0 0.0 0.0 0.0 0.0 0.0 0.0 0.0 0.0 0.0 0.0 0.0 0.0 0.0 0.0 0.0 0.0 0.0 0.0 0.0 0.0 0.0 0.0 0.0 0.0 0.006444536603 0.005983868132 0.006852012398 0.007122367331 0.329586264164 0.006394479282 0.007236296514 0.006613906704 0.006825681326 0.006308190879 0.006115030243 0.006698451826 0.006044496219 0.005704939561 0.005153831297 0.006425549033 0.00594591955 0.00627990181 0.005658965845 0.006323802623 0.00710816416 0.005852093055 0.005708823934 0.0 0.0 0.0 0.0 0.0 0.0 0.0 0.0 0.0 0.0 0.0
0.0 0.0 0.0 0.0 0.0 0.0 0.0 0.0 0.0 0.0 0.0 0.0 0.0 0.0 0.0 0.0 0.0 0.0 0.0 0.0 0.0 0.0 0.0 0.0 0.0 0.0 0.0 0.0 0.0 0.0 0.0 0.0 0.0 0.0 0.0 0.0 0.0 0.006367682185 0.006254590501 0.006404860836 0.00642816743 0.006394479282 0.555949376114 0.0064197692 0.006384898693 0.006411765595 0.006322902928 0.006242757888 0.006385489946 0.006272317048 0.006183796528 0.006012241621 0.00635314381 0.006252800719 0.006333366935 0.006149372321 0.006345506236 0.006423556515 0.006190761023 0.006183705938 0.0 0.0 0.0 0.0 0.0 0.0 0.0 0.0 0.0 0.0 0.0
0.0 0.0 0.0 0.0 0.0 0.0 0.0 0.0 0.0 0.0 0.0 0.0 0.0 0.0 0.0 0.0 0.0 0.0 0.0 0.0 0.0 0.0 0.0 0.0 0.0 0.0 0.0 0.0 0.0 0.0 0.0 0.0 0.0 0.0 0.0 0.0 0.0 0.006483260594 0.005899515883 0.006979637023 0.007341634395 0.007236296514 0.0064197692 1.43074658975 0.006693523631 0.006961736465 0.006276890649 0.005990385529 0.006779023507 0.005974016942 0.005578288295 0.004918786645 0.006430619379 0.00586625831 0.006278539463 0.005491620337 0.006323723277 0.007325221439 0.00569547196 0.005577610548 0.0 0.0 0.0 0.0 0.0 0.0 0.0 0.0 0.0 0.0 0.0
0.0 0.0 0.0 0.0 0.0 0.0 0.0 0.0 0.0 0.0 0.0 0.0 0.0 0.0 0.0 0.0 0.0 0.0 0.0 0.0 0.0 0.0 0.0 0.0 0.0 0.0 0.0 0.0 0.0 0.0 0.0 0.0 0.0 0.0 0.0 0.0 0.0 0.006413066576 0.006137268585 0.006571395858 0.006681889502 0.006613906704 0.006384898693 0.006693523631 0.339613090166 0.006580748665 0.006310703816 0.006167052823 0.006505439844 0.006177361377 0.005998210104 0.005647846366 0.006378508736 0.006137500925 0.00632083631 0.005937114962 0.00633937525 0.006679518676 0.006041423828 0.005998342779 0.0 0.0 0.0 0.0 0.0 0.0 0.0 0.0 0.0 0.0 0.0
0.0 0.0 0.0 0.0 0.0 0.0 0.0 0.0 0.0 0.0 0.0 0.0 0.0 0.0 0.0 0.0 0.0 0.0 0.0 0.0 0.0 0.0 0.0 0.0 0.0 0.0 0.0 0.0 0.0 0.0 0.0 0.0 0.0 0.0 0.0 0.0 0.0 0.00645694312 0.006044815906 0.006751166808 0.006954498248 0.006825681326 0.006411765595 0.006961736465 0.006580748665 0.26413470397 0.006294629321 0.006062828585 0.006621348766 0.006099975973 0.005818722123 0.005332641382 0.006397332201 0.006029352873 0.006310658451 0.005746743184 0.006339173631 0.006944398905 0.005874686025 0.005819101977 0.0 0.0 0.0 0.0 0.0 0.0 0.0 0.0 0.0 0.0 0.0
0.0 0.0 0.0 0.0 0.0 0.0 0.0 0.0 0.0 0.0 0.0 0.0 0.0 0.0 0.0 0.0 0.0 0.0 0.0 0.0 0.0 0.0 0.0 0.0 0.0 0.0 0.0 0.0 0.0 0.0 0.0 0.0 0.0 0.0 0.0 0.0 0.0 0.006317725654 0.006334176828 0.006304477456 0.006281067698 0.006308190879 0.006322902928 0.006276890649 0.006310703816 0.006294629321 0.23283660639 0.006417124315 0.006318844318 0.006351568492 0.006254916213 0.006110448288 0.006350599238 0.006320828164 0.006319031876 0.006308767823 0.006317966819 0.006272864459 0.006372707446 0.006267374372 0.0 0.0 0.0 0.0 0.0 0.0 0.0 0.0 0.0 0.0 0.0
0.0 0.0 0.0 0.0 0.0 0.0 0.0 0.0 0.0 0.0 0.0 0.0 0.0 0.0 0.0 0.0 0.0 0.0 0.0 0.0 0.0 0.0 0.0 0.0 0.0 0.0 0.0 0.0 0.0 0.0 0.0 0.0 0.0 0.0 0.0 0.0 0.0 0.006222537913 0.006462315454 0.006105562837 0.005985305887 0.006115030243 0.006242757888 0.005990385529 0.006167052823 0.006062828585 0.006417124315 0.195167944941 0.006185168447 0.006451168523 0.006464810116 0.006544644493 0.006324383207 0.006437130453 0.006294163957 0.006610313682 0.006276640867 0.005982622432 0.006662934665 0.006482837103 0.0 0.0 0.0 0.0 0.0 0.0 0.0 0.0 0.0 0.0 0.0
0.0 0.0 0.0 0.0 0.0 0.0 0.0 0.0 0.0 0.0 0.0 0.0 0.0 0.0 0.0 0.0 0.0 0.0 0.0 0.0 0.0 0.0 0.0 0.0 0.0 0.0 0.0 0.0 0.0 0.0 0.0 0.0 0.0 0.0 0.0 0.0 0.0 0.006417948486 0.00611957646 0.00663102489 0.006755704604 0.006698451826 0.006385489946 0.006779023507 0.006505439844 0.006621348766 0.006318844318 0.006185168447 0.42886841607 0.006152670234 0.005937808259 0.005538564658 0.006397915462 0.006100439236 0.006311546521 0.005888423598 0.006335626462 0.006751562555 0.006022422346 0.005938393281 0.0 0.0 0.0 0.0 0.0 0.0 0.0 0.0 0.0 0.0 0.0
0.0 0.0 0.0 0.0 0.0 0.0 0.0 0.0 0.0 0.0 0.0 0.0 0.0 0.0 0.0 0.0 0.0 0.0 0.0 0.0 0.0 0.0 0.0 0.0 0.0 0.0 0.0 0.0 0.0 0.0 0.0 0.0 0.0 0.0 0.0 0.0 0.0 0.006243002539 0.006469660133 0.006096045281 0.005999309508 0.006044496219 0.006272317048 0.005974016942 0.006177361377 0.006099975973 0.006351568492 0.006451168523 0.006152670234 0.283038519894 0.006517381634 0.006674704032 0.006270332184 0.006475699272 0.006319675534 0.006602378284 0.006300478688 0.005994966902 0.006528222047 0.006532628034 0.0 0.0 0.0 0.0 0.0 0.0 0.0 0.0 0.0 0.0 0.0
0.0 0.0 0.0 0.0 0.0 0.0 0.0 0.0 0.0 0.0 0.0 0.0 0.0 0.0 0.0 0.0 0.0 0.0 0.0 0.0 0.0 0.0 0.0 0.0 0.0 0.0 0.0 0.0 0.0 0.0 0.0 0.0 0.0 0.0 0.0 0.0 0.0 0.006131890113 0.006607573322 0.005814190446 0.005615102292 0.005704939561 0.006183796528 0.005578288295 0.005998210104 0.005818722123 0.006254916213 0.006464810116 0.005937808259 0.006517381634 0.254916637242 0.007740326011 0.006160315356 0.006643434012 0.006303723809 0.00697173368 0.006267966965 0.005631895952 0.006729711248 0.00695548353 0.0 0.0 0.0 0.0 0.0 0.0 0.0 0.0 0.0 0.0 0.0
0.0 0.0 0.0 0.0 0.0 0.0 0.0 0.0 0.0 0.0 0.0 0.0 0.0 0.0 0.0 0.0 0.0 0.0 0.0 0.0 0.0 0.0 0.0 0.0 0.0 0.0 0.0 0.0 0.0 0.0 0.0 0.0 0.0 0.0 0.0 0.0 0.0 0.005905402027 0.006843996611 0.005332714172 0.004987372169 0.005153831297 0.006012241621 0.004918786645 0.005647846366 0.005332641382 0.006110448288 0.006544644493 0.005538564658 0.006674704032 0.007740326011 0.144727035633 0.005946975089 0.006886940173 0.006258474465 0.007771550896 0.00621481776 0.005010778747 0.007055212865 0.007681075341 0.0 0.0 0.0 0.0 0.0 0.0 0.0 0.0 0.0 0.0 0.0
0.0 0.0 0.0 0.0 0.0 0.0 0.0 0.0 0.0 0.0 0.0 0.0 0.0 0.0 0.0 0.0 0.0 0.0 0.0 0.0 0.0 0.0 0.0 0.0 0.0 0.0 0.0 0.0 0.0 0.0 0.0 0.0 0.0 0.0 0.0 0.0 0.0 0.006357025416 0.006258533493 0.006411450177 0.006428277686 0.006425549033 0.00635314381 0.006430619379 0.006378508736 0.006397332201 0.006350599238 0.006324383207 0.006397915462 0.006270332184 0.006160315356 0.005946975089 0.253602392129 0.006242602589 0.006321938683 0.006157109395 0.006333745777 0.006423173754 0.006247629947 0.00616231152 0.0 0.0 0.0 0.0 0.0 0.0 0.0 0.0 0.0 0.0 0.0
0.0 0.0 0.0 0.0 0.0 0.0 0.0 0.0 0.0 0.0 0.0 0.0 0.0 0.0 0.0 0.0 0.0 0.0 0.0 0.0 0.0 0.0 0.0 0.0 0.0 0.0 0.0 0.0 0.0 0.0 0.0 0.0 0.0 0.0 0.0 0.0 0.0 0.006218805198 0.006516687008 0.006023256797 0.005894805685 0.00594591955 0.006252800719 0.00586625831 0.006137500925 0.006029352873 0.006320828164 0.006437130453 0.006100439236 0.006475699272 0.006643434012 0.006886940173 0.006242602589 0.144344011827 0.006320132254 0.006677421758 0.00629011694 0.005902237184 0.00658082159 0.006652131711 0.0 0.0 0.0 0.0 0.0 0.0 0.0 0.0 0.0 0.0 0.0
0.0 0.0 0.0 0.0 0.0 0.0 0.0 0.0 0.0 0.0 0.0 0.0 0.0 0.0 0.0 0.0 0.0 0.0 0.0 0.0 0.0 0.0 0.0 0.0 0.0 0.0 0.0 0.0 0.0 0.0 0.0 0.0 0.0 0.0 0.0 0.0 0.0 0.006328474416 0.006310927772 0.006304810068 0.006291228054 0.00627990181 0.006333366935 0.006278539463 0.00632083631 0.006310658451 0.006319031876 0.006294163957 0.006311546521 0.006319675534 0.006303723809 0.006258474465 0.006321938683 0.006320132254 0.282316063457 0.006281596409 0.006331933831 0.006290233741 0.006287602088 0.006304350004 0.0 0.0 0.0 0.0 0.0 0.0 0.0 0.0 0.0 0.0 0.0
0.0 0.0 0.0 0.0 0.0 0.0 0.0 0.0 0.0 0.0 0.0 0.0 0.0 0.0 0.0 0.0 0.0 0.0 0.0 0.0 0.0 0.0 0.0 0.0 0.0 0.0 0.0 0.0 0.0 0.0 0.0 0.0 0.0 0.0 0.0 0.0 0.0 0.006088991176 0.00667749125 0.005754935705 0.005530690337 0.005658965845 0.006149372321 0.005491620337 0.005937114962 0.005746743184 0.006308767823 0.006610313682 0.005888423598 0.006602378284 0.00697173368 0.007771550896 0.006157109395 0.006677421758 0.006281596409 0.111008898182 0.006235689456 0.005536477546 0.006881396602 0.006974014129 0.0 0.0 0.0 0.0 0.0 0.0 0.0 0.0 0.0 0.0 0.0
0.0 0.0 0.0 0.0 0.0 0.0 0.0 0.0 0.0 0.0 0.0 0.0 0.0 0.0 0.0 0.0 0.0 0.0 0.0 0.0 0.0 0.0 0.0 0.0 0.0 0.0 0.0 0.0 0.0 0.0 0.0 0.0 0.0 0.0 0.0 0.0 0.0 0.006340088867 0.006285875856 0.006339144018 0.006334525561 0.006323802623 0.006345506236 0.006323723277 0.00633937525 0.006339173631 0.006317966819 0.006276640867 0.006335626462 0.006300478688 0.006267966965 0.00621481776 0.006333745777 0.00629011694 0.006331933831 0.006235689456 0.189628617641 0.006329552592 0.00625015123 0.006267746711 0.0 0.0 0.0 0.0 0.0 0.0 0.0 0.0 0.0 0.0 0.0
0.0 0.0 0.0 0.0 0.0 0.0 0.0 0.0 0.0 0.0 0.0 0.0 0.0 0.0 0.0 0.0 0.0 0.0 0.0 0.0 0.0 0.0 0.0 0.0 0.0 0.0 0.0 0.0 0.0 0.0 0.0 0.0 0.0 0.0 0.0 0.0 0.0 0.006488135347 0.005928701509 0.006944169198 0.007269501529 0.00710816416 0.006423556515 0.007325221439 0.006679518676 0.006944398905 0.006272864459 0.005982622432 0.006751562555 0.005994966902 0.005631895952 0.005010778747 0.006423173754 0.005902237184 0.006290233741 0.005536477546 0.006329552592 0.70371797937 0.005717738818 0.005628514105 0.0 0.0 0.0 0.0 0.0 0.0 0.0 0.0 0.0 0.0 0.0
0.0 0.0 0.0 0.0 0.0 0.0 0.0 0.0 0.0 0.0 0.0 0.0 0.0 0.0 0.0 0.0 0.0 0.0 0.0 0.0 0.0 0.0 0.0 0.0 0.0 0.0 0.0 0.0 0.0 0.0 0.0 0.0 0.0 0.0 0.0 0.0 0.0 0.006149571883 0.006598572535 0.005900978655 0.005710425488 0.005852093055 0.006190761023 0.00569547196 0.006041423828 0.005874686025 0.006372707446 0.006662934665 0.006022422346 0.006528222047 0.006729711248 0.007055212865 0.006247629947 0.00658082159 0.006287602088 0.006881396602 0.00625015123 0.005717738818 0.121053332975 0.006737868444 0.0 0.0 0.0 0.0 0.0 0.0 0.0 0.0 0.0 0.0 0.0
0.0 0.0 0.0 0.0 0.0 0.0 0.0 0.0 0.0 0.0 0.0 0.0 0.0 0.0 0.0 0.0 0.0 0.0 0.0 0.0 0.0 0.0 0.0 0.0 0.0 0.0 0.0 0.0 0.0 0.0 0.0 0.0 0.0 0.0 0.0 0.0 0.0 0.006132346753 0.006612158153 0.005814258811 0.00561368039 0.005708823934 0.006183705938 0.005577610548 0.005998342779 0.005819101977 0.006267374372 0.006482837103 0.005938393281 0.006532628034 0.00695548353 0.007681075341 0.00616231152 0.006652131711 0.006304350004 0.006974014129 0.006267746711 0.005628514105 0.006737868444 0.118506448937 0.0 0.0 0.0 0.0 0.0 0.0 0.0 0.0 0.0 0.0 0.0
0.0 0.0 0.0 0.0 0.0 0.0 0.0 0.0 0.0 0.0 0.0 0.0 0.0 0.0 0.0 0.0 0.0 0.0 0.0 0.0 0.0 0.0 0.0 0.0 0.0 0.0 0.0 0.0 0.0 0.0 0.0 0.0 0.0 0.0 0.0 0.0 0.0 0.0 0.0 0.0 0.0 0.0 0.0 0.0 0.0 0.0 0.0 0.0 0.0 0.0 0.0 0.0 0.0 0.0 0.0 0.0 0.0 0.0 0.0 0.0 0.150990890894 0.009169589731 0.009336803927 0.009179912178 0.009387097046 0.009578970382 0.009396118321 0.009455999401 0.009485512285 0.009396873408 0.009416880807
0.0 0.0 0.0 0.0 0.0 0.0 0.0 0.0 0.0 0.0 0.0 0.0 0.0 0.0 0.0 0.0 0.0 0.0 0.0 0.0 0.0 0.0 0.0 0.0 0.0 0.0 0.0 0.0 0.0 0.0 0.0 0.0 0.0 0.0 0.0 0.0 0.0 0.0 0.0 0.0 0.0 0.0 0.0 0.0 0.0 0.0 0.0 0.0 0.0 0.0 0.0 0.0 0.0 0.0 0.0 0.0 0.0 0.0 0.0 0.0 0.009169589731 0.408635184487 0.009685426122 0.01155786255 0.01004888008 0.007618458554 0.00963851693 0.009032368838 0.008779777197 0.009269180514 0.00936331352
0.0 0.0 0.0 0.0 0.0 0.0 0.0 0.0 0.0 0.0 0.0 0.0 0.0 0.0 0.0 0.0 0.0 0.0 0.0 0.0 0.0 0.0 0.0 0.0 0.0 0.0 0.0 0.0 0.0 0.0 0.0 0.0 0.0 0.0 0.0 0.0 0.0 0.0 0.0 0.0 0.0 0.0 0.0 0.0 0.0 0.0 0.0 0.0 0.0 0.0 0.0 0.0 0.0 0.0 0.0 0.0 0.0 0.0 0.0 0.0 0.009336803927 0.009685426122 0.213096187853 0.009645946469 0.009429821638 0.009097185294 0.009444139513 0.009391004097 0.009355340631 0.009493948359 0.009429124184
0.0 0.0 0.0 0.0 0.0 0.0 0.0 0.0 0.0 0.0 0.0 0.0 0.0 0.0 0.0 0.0 0.0 0.0 0.0 0.0 0.0 0.0 0.0 0.0 0.0 0.0 0.0 0.0 0.0 0.0 0.0 0.0 0.0 0.0 0.0 0.0 0.0 0.0 0.0 0.0 0.0 0.0 0.0 0.0 0.0 0.0 0.0 0.0 0.0 0.0 0.0 0.0 0.0 0.0 0.0 0.0 0.0 0.0 0.0 0.0 0.009179912178 0.01155786255 0.009645946469 0.404281538426 0.01010864271 0.007555622353 0.009646731629 0.009007276828 0.008747384566 0.00923040105 0.009348968518
0.0 0.0 0.0 0.0 0.0 0.0 0.0 0.0 0.0 0.0 0.0 0.0 0.0 0.0 0.0 0.0 0.0 0.0 0.0 0.0 0.0 0.0 0.0 0.0 0.0 0.0 0.0 0.0 0.0 0.0 0.0 0.0 0.0 0.0 0.0 0.0 0.0 0.0 0.0 0.0 0.0 0.0 0.0 0.0 0.0 0.0 0.0 0.0 0.0 0.0 0.0 0.0 0.0 0.0 0.0 0.0 0.0 0.0 0.0 0.0 0.009387097046 0.01004888008 0.009429821638 0.01010864271 0.250079620911 0.008631357854 0.009546854795 0.00927017396 0.009149639105 0.009294821907 0.009400079624
0.0 0.0 0.0 0.0 0.0 0.0 0.0 0.0 0.0 0.0 0.0 0.0 0.0 0.0 0.0 0.0 0.0 0.0 0.0 0.0 0.0 0.0 0.0 0.0 0.0 0.0 0.0 0.0 0.0 0.0 0.0 0.0 0.0 0.0 0.0 0.0 0.0 0.0 0.0 0.0 0.0 0.0 0.0 0.0 0.0 0.0 0.0 0.0 0.0 0.0 0.0 0.0 0.0 0.0 0.0 0.0 0.0 0.0 0.0 0.0 0.009578970382 0.007618458554 0.009097185294 0.007555622353 0.008631357854 0.0895362195826 0.009039242351 0.009758305301 0.01012408253 0.009624686048 0.009401866293
0.0 0.0 0.0 0.0 0.0 0.0 0.0 0.0 0.0 0.0 0.0 0.0 0.0 0.0 0.0 0.0 0.0 0.0 0.0 0.0 0.0 0.0 0.0 0.0 0.0 0.0 0.0 0.0 0.0 0.0 0.0 0.0 0.0 0.0 0.0 0.0 0.0 0.0 0.0 0.0 0.0 0.0 0.0 0.0 0.0 0.0 0.0 0.0 0.0 0.0 0.0 0.0 0.0 0.0 0.0 0.0 0.0 0.0 0.0 0.0 0.009396118321 0.00963851693 0.009444139513 0.009646731629 0.009546854795 0.009039242351 0.865943253927 0.009379050438 0.009306303032 0.009384777144 0.009440743711
0.0 0.0 0.0 0.0 0.0 0.0 0.0 0.0 0.0 0.0 0.0 0.0 0.0 0.0 0.0 0.0 0.0 0.0 0.0 0.0 0.0 0.0 0.0 0.0 0.0 0.0 0.0 0.0 0.0 0.0 0.0 0.0 0.0 0.0 0.0 0.0 0.0 0.0 0.0 0.0 0.0 0.0 0.0 0.0 0.0 0.0 0.0 0.0 0.0 0.0 0.0 0.0 0.0 0.0 0.0 0.0 0.0 0.0 0.0 0.0 0.009455999401 0.009032368838 0.009391004097 0.009007276828 0.00927017396 0.009758305301 0.009379050438 0.152999429999 0.009557232807 0.009470188571 0.00944310942
0.0 0.0 0.0 0.0 0.0 0.0 0.0 0.0 0.0 0.0 0.0 0.0 0.0 0.0 0.0 0.0 0.0 0.0 0.0 0.0 0.0 0.0 0.0 0.0 0.0 0.0 0.0 0.0 0.0 0.0 0.0 0.0 0.0 0.0 0.0 0.0 0.0 0.0 0.0 0.0 0.0 0.0 0.0 0.0 0.0 0.0 0.0 0.0 0.0 0.0 0.0 0.0 0.0 0.0 0.0 0.0 0.0 0.0 0.0 0.0 0.009485512285 0.008779777197 0.009355340631 0.008747384566 0.009149639105 0.01012408253 0.009306303032 0.009557232807 0.0865133298612 0.00949884563 0.00943010503
0.0 0.0 0.0 0.0 0.0 0.0 0.0 0.0 0.0 0.0 0.0 0.0 0.0 0.0 0.0 0.0 0.0 0.0 0.0 0.0 0.0 0.0 0.0 0.0 0.0 0.0 0.0 0.0 0.0 0.0 0.0 0.0 0.0 0.0 0.0 0.0 0.0 0.0 0.0 0.0 0.0 0.0 0.0 0.0 0.0 0.0 0.0 0.0 0.0 0.0 0.0 0.0 0.0 0.0 0.0 0.0 0.0 0.0 0.0 0.0 0.009396873408 0.009269180514 0.009493948359 0.00923040105 0.009294821907 0.009624686048 0.009384777144 0.009470188571 0.00949884563 0.124181282356 0.009435246734
0.0 0.0 0.0 0.0 0.0 0.0 0.0 0.0 0.0 0.0 0.0 0.0 0.0 0.0 0.0 0.0 0.0 0.0 0.0 0.0 0.0 0.0 0.0 0.0 0.0 0.0 0.0 0.0 0.0 0.0 0.0 0.0 0.0 0.0 0.0 0.0 0.0 0.0 0.0 0.0 0.0 0.0 0.0 0.0 0.0 0.0 0.0 0.0 0.0 0.0 0.0 0.0 0.0 0.0 0.0 0.0 0.0 0.0 0.0 0.0 0.009416880807 0.00936331352 0.009429124184 0.009348968518 0.009400079624 0.009401866293 0.009440743711 0.00944310942 0.00943010503 0.009435246734 0.121080731029
