140 140
0.822443995793 0.01263885444 0.01295060847 0.01244684467 0.0119386099 0.01325924021 0.01263498305 0.01326274676 0.01172905455 0.01287846196 0.01234450125 0.01370238038 0.01259909358 0.01334661085 0.01238178703 0.01261975484 0.01295825358 0.01204881686 0.01216428716 0.0128568319 0.01009334901 0.01099191087 0.01406023409 0.01380085033 0.01384119662 0.01293809036 0.01283176228 0.01276041775 0.01390537835 0.01272277783 0.01205184546 0.01249556735 0.01167497658 0.0 0.0 0.0 0.0 0.0 0.0 0.0 0.0 0.0 0.0 0.0 0.0 0.0 0.0 0.0 0.0 0.0 0.0 0.0 0.0 0.0 0.0 0.0 0.0 0.0 0.0 0.0 0.0 0.0 0.0 0.0 0.0 0.0 0.0 0.0 0.0 0.0 0.0 0.0 0.0 0.0 0.0 0.0 0.0 0.0 0.0 0.0 0.0 0.0 0.0 0.0 0.0 0.0 0.0 0.0 0.0 0.0 0.0 0.0 0.0 0.0 0.0 0.0 0.0 0.0 0.0 0.0 0.0 0.0 0.0 0.0 0.0 0.0 0.0 0.0 0.0 0.0 0.0 0.0 0.0 0.0 0.0 0.0 0.0 0.0 0.0 0.0 0.0 0.0 0.0 0.0 0.0 0.0 0.0 0.0 0.0 0.0 0.0 0.0 0.0 0.0 0.0 0.0 0.0 0.0 0.0 0.0
0.01263885444 0.615668370103 0.01269186445 0.01303431206 0.01274973768 0.01270293595 0.01262659247 0.0126580519 0.01249548432 0.01274970035 0.01270241455 0.01271345193 0.01270225314 0.01266200323 0.01261532826 0.01266022631 0.01250246422 0.0127433784 0.01245413589 0.01258218866 0.01221865631 0.01205688743 0.0126948775 0.01274501497 0.01270104847 0.01263917884 0.0127290589 0.01264343978 0.01267188714 0.01263688955 0.01265039817 0.01262660657 0.01247766558 0.0 0.0 0.0 0.0 0.0 0.0 0.0 0.0 0.0 0.0 0.0 0.0 0.0 0.0 0.0 0.0 0.0 0.0 0.0 0.0 0.0 0.0 0.0 0.0 0.0 0.0 0.0 0.0 0.0 0.0 0.0 0.0 0.0 0.0 0.0 0.0 0.0 0.0 0.0 0.0 0.0 0.0 0.0 0.0 0.0 0.0 0.0 0.0 0.0 0.0 0.0 0.0 0.0 0.0 0.0 0.0 0.0 0.0 0.0 0.0 0.0 0.0 0.0 0.0 0.0 0.0 0.0 0.0 0.0 0.0 0.0 0.0 0.0 0.0 0.0 0.0 0.0 0.0 0.0 0.0 0.0 0.0 0.0 0.0 0.0 0.0 0.0 0.0 0.0 0.0 0.0 0.0 0.0 0.0 0.0 0.0 0.0 0.0 0.0 0.0 0.0 0.0 0.0 0.0 0.0 0.0 0.0
0.01295060847 0.01269186445 0.458556967694 0.01264924619 0.01238477098 0.01277721787 0.01257353153 0.01277943523 0.01220752493 0.01270553797 0.01249590956 0.01291589807 0.01259000407 0.0128040768 0.01248397821 0.01259639784 0.01264978571 0.01239689527 0.01236224372 0.01263912358 0.01149137574 0.01179484293 0.01299569502 0.01295430853 0.01296070401 0.01268275636 0.01268222363 0.01262491688 0.01296115612 0.01262291761 0.01238607071 0.01252039793 0.01219261628 0.0 0.0 0.0 0.0 0.0 0.0 0.0 0.0 0.0 0.0 0.0 0.0 0.0 0.0 0.0 0.0 0.0 0.0 0.0 0.0 0.0 0.0 0.0 0.0 0.0 0.0 0.0 0.0 0.0 0.0 0.0 0.0 0.0 0.0 0.0 0.0 0.0 0.0 0.0 0.0 0.0 0.0 0.0 0.0 0.0 0.0 0.0 0.0 0.0 0.0 0.0 0.0 0.0 0.0 0.0 0.0 0.0 0.0 0.0 0.0 0.0 0.0 0.0 0.0 0.0 0.0 0.0 0.0 0.0 0.0 0.0 0.0 0.0 0.0 0.0 0.0 0.0 0.0 0.0 0.0 0.0 0.0 0.0 0.0 0.0 0.0 0.0 0.0 0.0 0.0 0.0 0.0 0.0 0.0 0.0 0.0 0.0 0.0 0.0 0.0 0.0 0.0 0.0 0.0 0.0 0.0 0.0
0.01244684467 0.01303431206 0.01264924619 0.360056124762 0.01295176744 0.01264405994 0.01265175665 0.01257748059 0.01268936797 0.01274416802 0.01284070687 0.01256118464 0.01273718355 0.01254337771 0.01266817638 0.01266985327 0.0124058003 0.01295519965 0.01251661205 0.01252971881 0.01281586417 0.01230666213 0.01249160462 0.01259517955 0.01252449898 0.01258536389 0.01275281501 0.01265392045 0.01249563173 0.01264732839 0.01280133542 0.01271299806 0.01265962021 0.0 0.0 0.0 0.0 0.0 0.0 0.0 0.0 0.0 0.0 0.0 0.0 0.0 0.0 0.0 0.0 0.0 0.0 0.0 0.0 0.0 0.0 0.0 0.0 0.0 0.0 0.0 0.0 0.0 0.0 0.0 0.0 0.0 0.0 0.0 0.0 0.0 0.0 0.0 0.0 0.0 0.0 0.0 0.0 0.0 0.0 0.0 0.0 0.0 0.0 0.0 0.0 0.0 0.0 0.0 0.0 0.0 0.0 0.0 0.0 0.0 0.0 0.0 0.0 0.0 0.0 0.0 0.0 0.0 0.0 0.0 0.0 0.0 0.0 0.0 0.0 0.0 0.0 0.0 0.0 0.0 0.0 0.0 0.0 0.0 0.0 0.0 0.0 0.0 0.0 0.0 0.0 0.0 0.0 0.0 0.0 0.0 0.0 0.0 0.0 0.0 0.0 0.0 0.0 0.0 0.0 0.0
0.0119386099 0.01274973768 0.01238477098 0.01295176744 0.436196856019 0.01233001451 0.01259055655 0.01225912758 0.01308714911 0.01247753996 0.01279789422 0.01207528422 0.01265760312 0.012214072 0.01272255568 0.01258501105 0.01226144855 0.01307871753 0.01270155834 0.01239644528 0.01394257293 0.01307994117 0.01187720397 0.01204401321 0.01199058945 0.01239176768 0.01252467945 0.0125272218 0.01196724595 0.01249894177 0.01296651348 0.0126423777 0.01303584466 0.0 0.0 0.0 0.0 0.0 0.0 0.0 0.0 0.0 0.0 0.0 0.0 0.0 0.0 0.0 0.0 0.0 0.0 0.0 0.0 0.0 0.0 0.0 0.0 0.0 0.0 0.0 0.0 0.0 0.0 0.0 0.0 0.0 0.0 0.0 0.0 0.0 0.0 0.0 0.0 0.0 0.0 0.0 0.0 0.0 0.0 0.0 0.0 0.0 0.0 0.0 0.0 0.0 0.0 0.0 0.0 0.0 0.0 0.0 0.0 0.0 0.0 0.0 0.0 0.0 0.0 0.0 0.0 0.0 0.0 0.0 0.0 0.0 0.0 0.0 0.0 0.0 0.0 0.0 0.0 0.0 0.0 0.0 0.0 0.0 0.0 0.0 0.0 0.0 0.0 0.0 0.0 0.0 0.0 0.0 0.0 0.0 0.0 0.0 0.0 0.0 0.0 0.0 0.0 0.0 0.0 0.0
0.01325924021 0.01270293595 0.01277721787 0.01264405994 0.01233001451 0.658708921196 0.01264583255 0.01294376587 0.01219736792 0.01276183922 0.01251898878 0.0131689719 0.01264836255 0.01298440087 0.01251543996 0.01263305014 0.01274076896 0.01240885229 0.01235305045 0.01272462176 0.01137537405 0.01168044516 0.01332132365 0.01322120409 0.01323632292 0.01277594718 0.01275898415 0.01271323708 0.01326527445 0.01266769196 0.01237501682 0.01255905998 0.01212432428 0.0 0.0 0.0 0.0 0.0 0.0 0.0 0.0 0.0 0.0 0.0 0.0 0.0 0.0 0.0 0.0 0.0 0.0 0.0 0.0 0.0 0.0 0.0 0.0 0.0 0.0 0.0 0.0 0.0 0.0 0.0 0.0 0.0 0.0 0.0 0.0 0.0 0.0 0.0 0.0 0.0 0.0 0.0 0.0 0.0 0.0 0.0 0.0 0.0 0.0 0.0 0.0 0.0 0.0 0.0 0.0 0.0 0.0 0.0 0.0 0.0 0.0 0.0 0.0 0.0 0.0 0.0 0.0 0.0 0.0 0.0 0.0 0.0 0.0 0.0 0.0 0.0 0.0 0.0 0.0 0.0 0.0 0.0 0.0 0.0 0.0 0.0 0.0 0.0 0.0 0.0 0.0 0.0 0.0 0.0 0.0 0.0 0.0 0.0 0.0 0.0 0.0 0.0 0.0 0.0 0.0 0.0
0.01263498305 0.01262659247 0.01257353153 0.01265175665 0.01259055655 0.01264583255 0.662598434508 0.01266205856 0.01259558778 0.01260350538 0.01263806392 0.0126115972 0.01264657202 0.01261428351 0.01261582747 0.01261693522 0.01256613249 0.01265297561 0.01255006289 0.01260144359 0.01244578152 0.01238926242 0.01254728649 0.0125960206 0.01260870561 0.01261577783 0.01265743902 0.0126617964 0.01263447585 0.01260296426 0.01260804726 0.01260722795 0.01252045565 0.0 0.0 0.0 0.0 0.0 0.0 0.0 0.0 0.0 0.0 0.0 0.0 0.0 0.0 0.0 0.0 0.0 0.0 0.0 0.0 0.0 0.0 0.0 0.0 0.0 0.0 0.0 0.0 0.0 0.0 0.0 0.0 0.0 0.0 0.0 0.0 0.0 0.0 0.0 0.0 0.0 0.0 0.0 0.0 0.0 0.0 0.0 0.0 0.0 0.0 0.0 0.0 0.0 0.0 0.0 0.0 0.0 0.0 0.0 0.0 0.0 0.0 0.0 0.0 0.0 0.0 0.0 0.0 0.0 0.0 0.0 0.0 0.0 0.0 0.0 0.0 0.0 0.0 0.0 0.0 0.0 0.0 0.0 0.0 0.0 0.0 0.0 0.0 0.0 0.0 0.0 0.0 0.0 0.0 0.0 0.0 0.0 0.0 0.0 0.0 0.0 0.0 0.0 0.0 0.0 0.0 0.0
0.01326274676 0.0126580519 0.01277943523 0.01257748059 0.01225912758 0.01294376587 0.01266205856 0.775684237648 0.01214822042 0.0127802898 0.01253305674 0.01313115632 0.01264581951 0.01298749832 0.01251043441 0.01263381311 0.01278461138 0.01235674483 0.01236988141 0.01274124365 0.01123168532 0.01167728925 0.01322414012 0.01316016492 0.01319340361 0.01280964211 0.01277951851 0.01274550428 0.01326174988 0.0126832881 0.01231850061 0.01259029193 0.01209196642 0.0 0.0 0.0 0.0 0.0 0.0 0.0 0.0 0.0 0.0 0.0 0.0 0.0 0.0 0.0 0.0 0.0 0.0 0.0 0.0 0.0 0.0 0.0 0.0 0.0 0.0 0.0 0.0 0.0 0.0 0.0 0.0 0.0 0.0 0.0 0.0 0.0 0.0 0.0 0.0 0.0 0.0 0.0 0.0 0.0 0.0 0.0 0.0 0.0 0.0 0.0 0.0 0.0 0.0 0.0 0.0 0.0 0.0 0.0 0.0 0.0 0.0 0.0 0.0 0.0 0.0 0.0 0.0 0.0 0.0 0.0 0.0 0.0 0.0 0.0 0.0 0.0 0.0 0.0 0.0 0.0 0.0 0.0 0.0 0.0 0.0 0.0 0.0 0.0 0.0 0.0 0.0 0.0 0.0 0.0 0.0 0.0 0.0 0.0 0.0 0.0 0.0 0.0 0.0 0.0 0.0 0.0
0.01172905455 0.01249548432 0.01220752493 0.01268936797 0.01308714911 0.01219736792 0.01259558778 0.01214822042 0.413090546279 0.01228321439 0.01273510719 0.01181886363 0.0126260892 0.01206598179 0.01277149043 0.01253499895 0.01223257597 0.01321628949 0.01287955786 0.01235242661 0.01539634513 0.01400313805 0.01152535573 0.01174502278 0.01173408337 0.012300214 0.01241085901 0.01249072 0.01174072918 0.01240561917 0.01308130582 0.01263303152 0.01336403387 0.0 0.0 0.0 0.0 0.0 0.0 0.0 0.0 0.0 0.0 0.0 0.0 0.0 0.0 0.0 0.0 0.0 0.0 0.0 0.0 0.0 0.0 0.0 0.0 0.0 0.0 0.0 0.0 0.0 0.0 0.0 0.0 0.0 0.0 0.0 0.0 0.0 0.0 0.0 0.0 0.0 0.0 0.0 0.0 0.0 0.0 0.0 0.0 0.0 0.0 0.0 0.0 0.0 0.0 0.0 0.0 0.0 0.0 0.0 0.0 0.0 0.0 0.0 0.0 0.0 0.0 0.0 0.0 0.0 0.0 0.0 0.0 0.0 0.0 0.0 0.0 0.0 0.0 0.0 0.0 0.0 0.0 0.0 0.0 0.0 0.0 0.0 0.0 0.0 0.0 0.0 0.0 0.0 0.0 0.0 0.0 0.0 0.0 0.0 0.0 0.0 0.0 0.0 0.0 0.0 0.0 0.0
0.01287846196 0.01274970035 0.01270553797 0.01274416802 0.01247753996 0.01276183922 0.01260350538 0.0127802898 0.01228321439 0.592238569511 0.0125829695 0.01286223305 0.01262945205 0.01277082334 0.01253158212 0.01261786705 0.01261938593 0.01249617506 0.0124043423 0.01263050014 0.0116769146 0.01188288758 0.01290807221 0.01289216211 0.01288379473 0.01268355436 0.01270706787 0.01265239287 0.01289419184 0.01263293996 0.01245600231 0.01257704795 0.01227289921 0.0 0.0 0.0 0.0 0.0 0.0 0.0 0.0 0.0 0.0 0.0 0.0 0.0 0.0 0.0 0.0 0.0 0.0 0.0 0.0 0.0 0.0 0.0 0.0 0.0 0.0 0.0 0.0 0.0 0.0 0.0 0.0 0.0 0.0 0.0 0.0 0.0 0.0 0.0 0.0 0.0 0.0 0.0 0.0 0.0 0.0 0.0 0.0 0.0 0.0 0.0 0.0 0.0 0.0 0.0 0.0 0.0 0.0 0.0 0.0 0.0 0.0 0.0 0.0 0.0 0.0 0.0 0.0 0.0 0.0 0.0 0.0 0.0 0.0 0.0 0.0 0.0 0.0 0.0 0.0 0.0 0.0 0.0 0.0 0.0 0.0 0.0 0.0 0.0 0.0 0.0 0.0 0.0 0.0 0.0 0.0 0.0 0.0 0.0 0.0 0.0 0.0 0.0 0.0 0.0 0.0 0.0
0.01234450125 0.01270241455 0.01249590956 0.01284070687 0.01279789422 0.01251898878 0.01263806392 0.01253305674 0.01273510719 0.0125829695 0.876303241918 0.01238207228 0.01264616191 0.01243028271 0.01265819874 0.01259966453 0.01243611671 0.01283278584 0.01261834266 0.01251308233 0.01296123008 0.0126540114 0.01227890206 0.01236891865 0.01234030314 0.01252263876 0.01264400165 0.01264714045 0.01236774962 0.01259019525 0.01274113492 0.01269993825 0.01270001051 0.0 0.0 0.0 0.0 0.0 0.0 0.0 0.0 0.0 0.0 0.0 0.0 0.0 0.0 0.0 0.0 0.0 0.0 0.0 0.0 0.0 0.0 0.0 0.0 0.0 0.0 0.0 0.0 0.0 0.0 0.0 0.0 0.0 0.0 0.0 0.0 0.0 0.0 0.0 0.0 0.0 0.0 0.0 0.0 0.0 0.0 0.0 0.0 0.0 0.0 0.0 0.0 0.0 0.0 0.0 0.0 0.0 0.0 0.0 0.0 0.0 0.0 0.0 0.0 0.0 0.0 0.0 0.0 0.0 0.0 0.0 0.0 0.0 0.0 0.0 0.0 0.0 0.0 0.0 0.0 0.0 0.0 0.0 0.0 0.0 0.0 0.0 0.0 0.0 0.0 0.0 0.0 0.0 0.0 0.0 0.0 0.0 0.0 0.0 0.0 0.0 0.0 0.0 0.0 0.0 0.0 0.0
0.01370238038 0.01271345193 0.01291589807 0.01256118464 0.01207528422 0.0131689719 0.0126115972 0.01313115632 0.01181886363 0.01286223305 0.01238207228 0.652837453505 0.01260558532 0.0132366434 0.01240574692 0.01261812705 0.012862369 0.01214387564 0.01219059258 0.01280179266 0.01036252433 0.01110719127 0.01392002681 0.01366726117 0.01367511325 0.01287660665 0.01279725444 0.01271480017 0.01370994118 0.01269722322 0.01214061513 0.01249004813 0.01178546646 0.0 0.0 0.0 0.0 0.0 0.0 0.0 0.0 0.0 0.0 0.0 0.0 0.0 0.0 0.0 0.0 0.0 0.0 0.0 0.0 0.0 0.0 0.0 0.0 0.0 0.0 0.0 0.0 0.0 0.0 0.0 0.0 0.0 0.0 0.0 0.0 0.0 0.0 0.0 0.0 0.0 0.0 0.0 0.0 0.0 0.0 0.0 0.0 0.0 0.0 0.0 0.0 0.0 0.0 0.0 0.0 0.0 0.0 0.0 0.0 0.0 0.0 0.0 0.0 0.0 0.0 0.0 0.0 0.0 0.0 0.0 0.0 0.0 0.0 0.0 0.0 0.0 0.0 0.0 0.0 0.0 0.0 0.0 0.0 0.0 0.0 0.0 0.0 0.0 0.0 0.0 0.0 0.0 0.0 0.0 0.0 0.0 0.0 0.0 0.0 0.0 0.0 0.0 0.0 0.0 0.0 0.0
0.01259909358 0.01270225314 0.01259000407 0.01273718355 0.01265760312 0.01264836255 0.01264657202 0.01264581951 0.0126260892 0.01262945205 0.01264616191 0.01260558532 0.442021202202 0.01262260061 0.01263623359 0.01263926976 0.01255144971 0.01270669048 0.01254286997 0.01259718267 0.01254411398 0.01234863066 0.01251896974 0.01259022322 0.01259447301 0.01262480888 0.01266009735 0.01265890746 0.01260098805 0.01259641117 0.01265098343 0.01259640179 0.01254764959 0.0 0.0 0.0 0.0 0.0 0.0 0.0 0.0 0.0 0.0 0.0 0.0 0.0 0.0 0.0 0.0 0.0 0.0 0.0 0.0 0.0 0.0 0.0 0.0 0.0 0.0 0.0 0.0 0.0 0.0 0.0 0.0 0.0 0.0 0.0 0.0 0.0 0.0 0.0 0.0 0.0 0.0 0.0 0.0 0.0 0.0 0.0 0.0 0.0 0.0 0.0 0.0 0.0 0.0 0.0 0.0 0.0 0.0 0.0 0.0 0.0 0.0 0.0 0.0 0.0 0.0 0.0 0.0 0.0 0.0 0.0 0.0 0.0 0.0 0.0 0.0 0.0 0.0 0.0 0.0 0.0 0.0 0.0 0.0 0.0 0.0 0.0 0.0 0.0 0.0 0.0 0.0 0.0 0.0 0.0 0.0 0.0 0.0 0.0 0.0 0.0 0.0 0.0 0.0 0.0 0.0 0.0
0.01334661085 0.01266200323 0.0128040768 0.01254337771 0.012214072 0.01298440087 0.01261428351 0.01298749832 0.01206598179 0.01277082334 0.01243028271 0.0132366434 0.01262260061 0.352254479625 0.01246943199 0.01262038175 0.01279148017 0.01228111558 0.01230207833 0.01274092391 0.01103650133 0.01151575353 0.01339954153 0.01328486195 0.01331398909 0.012804221 0.01273449871 0.01269105111 0.01333998063 0.01265102437 0.0122728154 0.01250313793 0.01201385776 0.0 0.0 0.0 0.0 0.0 0.0 0.0 0.0 0.0 0.0 0.0 0.0 0.0 0.0 0.0 0.0 0.0 0.0 0.0 0.0 0.0 0.0 0.0 0.0 0.0 0.0 0.0 0.0 0.0 0.0 0.0 0.0 0.0 0.0 0.0 0.0 0.0 0.0 0.0 0.0 0.0 0.0 0.0 0.0 0.0 0.0 0.0 0.0 0.0 0.0 0.0 0.0 0.0 0.0 0.0 0.0 0.0 0.0 0.0 0.0 0.0 0.0 0.0 0.0 0.0 0.0 0.0 0.0 0.0 0.0 0.0 0.0 0.0 0.0 0.0 0.0 0.0 0.0 0.0 0.0 0.0 0.0 0.0 0.0 0.0 0.0 0.0 0.0 0.0 0.0 0.0 0.0 0.0 0.0 0.0 0.0 0.0 0.0 0.0 0.0 0.0 0.0 0.0 0.0 0.0 0.0 0.0
0.01238178703 0.01261532826 0.01248397821 0.01266817638 0.01272255568 0.01251543996 0.01261582747 0.01251043441 0.01277149043 0.01253158212 0.01265819874 0.01240574692 0.01263623359 0.01246943199 0.428572101797 0.01259855862 0.01247501058 0.01276102491 0.01261446626 0.01253106624 0.01299214276 0.01268434405 0.01228998817 0.01237385907 0.01237069001 0.01253326603 0.01258015898 0.01260090063 0.01238305807 0.01254368769 0.01271626015 0.01259308467 0.01270214788 0.0 0.0 0.0 0.0 0.0 0.0 0.0 0.0 0.0 0.0 0.0 0.0 0.0 0.0 0.0 0.0 0.0 0.0 0.0 0.0 0.0 0.0 0.0 0.0 0.0 0.0 0.0 0.0 0.0 0.0 0.0 0.0 0.0 0.0 0.0 0.0 0.0 0.0 0.0 0.0 0.0 0.0 0.0 0.0 0.0 0.0 0.0 0.0 0.0 0.0 0.0 0.0 0.0 0.0 0.0 0.0 0.0 0.0 0.0 0.0 0.0 0.0 0.0 0.0 0.0 0.0 0.0 0.0 0.0 0.0 0.0 0.0 0.0 0.0 0.0 0.0 0.0 0.0 0.0 0.0 0.0 0.0 0.0 0.0 0.0 0.0 0.0 0.0 0.0 0.0 0.0 0.0 0.0 0.0 0.0 0.0 0.0 0.0 0.0 0.0 0.0 0.0 0.0 0.0 0.0 0.0 0.0
0.01261975484 0.01266022631 0.01259639784 0.01266985327 0.01258501105 0.01263305014 0.01261693522 0.01263381311 0.01253499895 0.01261786705 0.01259966453 0.01261812705 0.01263926976 0.01262038175 0.01259855862 2.4675853804 0.01256393525 0.01260945117 0.01251610334 0.0125963703 0.01231403921 0.01227796388 0.01256677306 0.01260929595 0.01261345838 0.01261263467 0.01264346748 0.01263587606 0.01261968347 0.01259540786 0.01258552697 0.01256799363 0.01247086021 0.0 0.0 0.0 0.0 0.0 0.0 0.0 0.0 0.0 0.0 0.0 0.0 0.0 0.0 0.0 0.0 0.0 0.0 0.0 0.0 0.0 0.0 0.0 0.0 0.0 0.0 0.0 0.0 0.0 0.0 0.0 0.0 0.0 0.0 0.0 0.0 0.0 0.0 0.0 0.0 0.0 0.0 0.0 0.0 0.0 0.0 0.0 0.0 0.0 0.0 0.0 0.0 0.0 0.0 0.0 0.0 0.0 0.0 0.0 0.0 0.0 0.0 0.0 0.0 0.0 0.0 0.0 0.0 0.0 0.0 0.0 0.0 0.0 0.0 0.0 0.0 0.0 0.0 0.0 0.0 0.0 0.0 0.0 0.0 0.0 0.0 0.0 0.0 0.0 0.0 0.0 0.0 0.0 0.0 0.0 0.0 0.0 0.0 0.0 0.0 0.0 0.0 0.0 0.0 0.0 0.0 0.0
0.01295825358 0.01250246422 0.01264978571 0.0124058003 0.01226144855 0.01274076896 0.01256613249 0.01278461138 0.01223257597 0.01261938593 0.01243611671 0.012862369 0.01255144971 0.01279148017 0.01247501058 0.01256393525 0.846510018968 0.01230723544 0.01240171939 0.01265071662 0.01158977419 0.01197469361 0.01291043788 0.01286938398 0.01291574753 0.01267546181 0.01262374111 0.01261901624 0.01293878684 0.01258452526 0.01233192811 0.01249521527 0.01219397254 0.0 0.0 0.0 0.0 0.0 0.0 0.0 0.0 0.0 0.0 0.0 0.0 0.0 0.0 0.0 0.0 0.0 0.0 0.0 0.0 0.0 0.0 0.0 0.0 0.0 0.0 0.0 0.0 0.0 0.0 0.0 0.0 0.0 0.0 0.0 0.0 0.0 0.0 0.0 0.0 0.0 0.0 0.0 0.0 0.0 0.0 0.0 0.0 0.0 0.0 0.0 0.0 0.0 0.0 0.0 0.0 0.0 0.0 0.0 0.0 0.0 0.0 0.0 0.0 0.0 0.0 0.0 0.0 0.0 0.0 0.0 0.0 0.0 0.0 0.0 0.0 0.0 0.0 0.0 0.0 0.0 0.0 0.0 0.0 0.0 0.0 0.0 0.0 0.0 0.0 0.0 0.0 0.0 0.0 0.0 0.0 0.0 0.0 0.0 0.0 0.0 0.0 0.0 0.0 0.0 0.0 0.0
0.01204881686 0.0127433784 0.01239689527 0.01295519965 0.01307871753 0.01240885229 0.01265297561 0.01235674483 0.01321628949 0.01249617506 0.01283278584 0.01214387564 0.01270669048 0.01228111558 0.01276102491 0.01260945117 0.01230723544 0.379319206151 0.01273746376 0.01244075756 0.01422512657 0.01319979766 0.01192803532 0.0121052801 0.01207260511 0.0124438136 0.01257992096 0.01259229926 0.01207103699 0.01252376014 0.01300168072 0.0126919261 0.01308802081 0.0 0.0 0.0 0.0 0.0 0.0 0.0 0.0 0.0 0.0 0.0 0.0 0.0 0.0 0.0 0.0 0.0 0.0 0.0 0.0 0.0 0.0 0.0 0.0 0.0 0.0 0.0 0.0 0.0 0.0 0.0 0.0 0.0 0.0 0.0 0.0 0.0 0.0 0.0 0.0 0.0 0.0 0.0 0.0 0.0 0.0 0.0 0.0 0.0 0.0 0.0 0.0 0.0 0.0 0.0 0.0 0.0 0.0 0.0 0.0 0.0 0.0 0.0 0.0 0.0 0.0 0.0 0.0 0.0 0.0 0.0 0.0 0.0 0.0 0.0 0.0 0.0 0.0 0.0 0.0 0.0 0.0 0.0 0.0 0.0 0.0 0.0 0.0 0.0 0.0 0.0 0.0 0.0 0.0 0.0 0.0 0.0 0.0 0.0 0.0 0.0 0.0 0.0 0.0 0.0 0.0 0.0
0.01216428716 0.01245413589 0.01236224372 0.01251661205 0.01270155834 0.01235305045 0.01255006289 0.01236988141 0.01287955786 0.0124043423 0.01261834266 0.01219059258 0.01254286997 0.01230207833 0.01261446626 0.01251610334 0.01240171939 0.01273746376 0.504687085149 0.01244835588 0.01338890672 0.01306645645 0.01205052968 0.01214480778 0.01214203968 0.01241818312 0.01246509086 0.01251527143 0.01216522837 0.01247209901 0.01271193466 0.01256624586 0.01281036249 0.0 0.0 0.0 0.0 0.0 0.0 0.0 0.0 0.0 0.0 0.0 0.0 0.0 0.0 0.0 0.0 0.0 0.0 0.0 0.0 0.0 0.0 0.0 0.0 0.0 0.0 0.0 0.0 0.0 0.0 0.0 0.0 0.0 0.0 0.0 0.0 0.0 0.0 0.0 0.0 0.0 0.0 0.0 0.0 0.0 0.0 0.0 0.0 0.0 0.0 0.0 0.0 0.0 0.0 0.0 0.0 0.0 0.0 0.0 0.0 0.0 0.0 0.0 0.0 0.0 0.0 0.0 0.0 0.0 0.0 0.0 0.0 0.0 0.0 0.0 0.0 0.0 0.0 0.0 0.0 0.0 0.0 0.0 0.0 0.0 0.0 0.0 0.0 0.0 0.0 0.0 0.0 0.0 0.0 0.0 0.0 0.0 0.0 0.0 0.0 0.0 0.0 0.0 0.0 0.0 0.0 0.0
0.0128568319 0.01258218866 0.01263912358 0.01252971881 0.01239644528 0.01272462176 0.01260144359 0.01274124365 0.01235242661 0.01263050014 0.01251308233 0.01280179266 0.01259718267 0.01274092391 0.01253106624 0.0125963703 0.01265071662 0.01244075756 0.01244835588 0.579606507838 0.0118417341 0.0120687918 0.01283129916 0.01280308076 0.01282935189 0.0126608512 0.01264961735 0.0126389051 0.01284745435 0.01260120258 0.01243914881 0.0125334122 0.01230115489 0.0 0.0 0.0 0.0 0.0 0.0 0.0 0.0 0.0 0.0 0.0 0.0 0.0 0.0 0.0 0.0 0.0 0.0 0.0 0.0 0.0 0.0 0.0 0.0 0.0 0.0 0.0 0.0 0.0 0.0 0.0 0.0 0.0 0.0 0.0 0.0 0.0 0.0 0.0 0.0 0.0 0.0 0.0 0.0 0.0 0.0 0.0 0.0 0.0 0.0 0.0 0.0 0.0 0.0 0.0 0.0 0.0 0.0 0.0 0.0 0.0 0.0 0.0 0.0 0.0 0.0 0.0 0.0 0.0 0.0 0.0 0.0 0.0 0.0 0.0 0.0 0.0 0.0 0.0 0.0 0.0 0.0 0.0 0.0 0.0 0.0 0.0 0.0 0.0 0.0 0.0 0.0 0.0 0.0 0.0 0.0 0.0 0.0 0.0 0.0 0.0 0.0 0.0 0.0 0.0 0.0 0.0
0.01009334901 0.01221865631 0.01149137574 0.01281586417 0.01394257293 0.01137537405 0.01244578152 0.01123168532 0.01539634513 0.0116769146 0.01296123008 0.01036252433 0.01254411398 0.01103650133 0.01299214276 0.01231403921 0.01158977419 0.01422512657 0.01338890672 0.0118417341 0.286507374283 0.0177207875 0.009687979814 0.01020639741 0.01014265325 0.01170035271 0.01195723451 0.0121749051 0.01012148927 0.01202481528 0.01386296471 0.01267693176 0.01488242267 0.0 0.0 0.0 0.0 0.0 0.0 0.0 0.0 0.0 0.0 0.0 0.0 0.0 0.0 0.0 0.0 0.0 0.0 0.0 0.0 0.0 0.0 0.0 0.0 0.0 0.0 0.0 0.0 0.0 0.0 0.0 0.0 0.0 0.0 0.0 0.0 0.0 0.0 0.0 0.0 0.0 0.0 0.0 0.0 0.0 0.0 0.0 0.0 0.0 0.0 0.0 0.0 0.0 0.0 0.0 0.0 0.0 0.0 0.0 0.0 0.0 0.0 0.0 0.0 0.0 0.0 0.0 0.0 0.0 0.0 0.0 0.0 0.0 0.0 0.0 0.0 0.0 0.0 0.0 0.0 0.0 0.0 0.0 0.0 0.0 0.0 0.0 0.0 0.0 0.0 0.0 0.0 0.0 0.0 0.0 0.0 0.0 0.0 0.0 0.0 0.0 0.0 0.0 0.0 0.0 0.0 0.0
0.01099191087 0.01205688743 0.01179484293 0.01230666213 0.01307994117 0.01168044516 0.01238926242 0.01167728925 0.01400313805 0.01188288758 0.0126540114 0.01110719127 0.01234863066 0.01151575353 0.01268434405 0.01227796388 0.01197469361 0.01319979766 0.01306645645 0.0120687918 0.0177207875 0.326975201434 0.01071105331 0.01099019397 0.01097305992 0.01194103488 0.01205984189 0.01220750435 0.01098971182 0.01215551309 0.01309639128 0.01256364639 0.01381974104 0.0 0.0 0.0 0.0 0.0 0.0 0.0 0.0 0.0 0.0 0.0 0.0 0.0 0.0 0.0 0.0 0.0 0.0 0.0 0.0 0.0 0.0 0.0 0.0 0.0 0.0 0.0 0.0 0.0 0.0 0.0 0.0 0.0 0.0 0.0 0.0 0.0 0.0 0.0 0.0 0.0 0.0 0.0 0.0 0.0 0.0 0.0 0.0 0.0 0.0 0.0 0.0 0.0 0.0 0.0 0.0 0.0 0.0 0.0 0.0 0.0 0.0 0.0 0.0 0.0 0.0 0.0 0.0 0.0 0.0 0.0 0.0 0.0 0.0 0.0 0.0 0.0 0.0 0.0 0.0 0.0 0.0 0.0 0.0 0.0 0.0 0.0 0.0 0.0 0.0 0.0 0.0 0.0 0.0 0.0 0.0 0.0 0.0 0.0 0.0 0.0 0.0 0.0 0.0 0.0 0.0 0.0
0.01406023409 0.0126948775 0.01299569502 0.01249160462 0.01187720397 0.01332132365 0.01254728649 0.01322414012 0.01152535573 0.01290807221 0.01227890206 0.01392002681 0.01251896974 0.01339954153 0.01228998817 0.01256677306 0.01291043788 0.01192803532 0.01205052968 0.01283129916 0.009687979814 0.01071105331 2.56464627513 0.01407434206 0.01404394527 0.01290153221 0.01280007455 0.01268261857 0.01409014785 0.01270194083 0.01195125205 0.01243659143 0.01152855727 0.0 0.0 0.0 0.0 0.0 0.0 0.0 0.0 0.0 0.0 0.0 0.0 0.0 0.0 0.0 0.0 0.0 0.0 0.0 0.0 0.0 0.0 0.0 0.0 0.0 0.0 0.0 0.0 0.0 0.0 0.0 0.0 0.0 0.0 0.0 0.0 0.0 0.0 0.0 0.0 0.0 0.0 0.0 0.0 0.0 0.0 0.0 0.0 0.0 0.0 0.0 0.0 0.0 0.0 0.0 0.0 0.0 0.0 0.0 0.0 0.0 0.0 0.0 0.0 0.0 0.0 0.0 0.0 0.0 0.0 0.0 0.0 0.0 0.0 0.0 0.0 0.0 0.0 0.0 0.0 0.0 0.0 0.0 0.0 0.0 0.0 0.0 0.0 0.0 0.0 0.0 0.0 0.0 0.0 0.0 0.0 0.0 0.0 0.0 0.0 0.0 0.0 0.0 0.0 0.0 0.0 0.0
0.01380085033 0.01274501497 0.01295430853 0.01259517955 0.01204401321 0.01322120409 0.0125960206 0.01316016492 0.01174502278 0.01289216211 0.01236891865 0.01366726117 0.01259022322 0.01328486195 0.01237385907 0.01260929595 0.01286938398 0.0121052801 0.01214480778 0.01280308076 0.01020639741 0.01099019397 0.01407434206 1.01334189757 0.01379278225 0.01288508843 0.01281452676 0.0127115553 0.01382294341 0.01270660602 0.01210188525 0.01248655285 0.01171693451 0.0 0.0 0.0 0.0 0.0 0.0 0.0 0.0 0.0 0.0 0.0 0.0 0.0 0.0 0.0 0.0 0.0 0.0 0.0 0.0 0.0 0.0 0.0 0.0 0.0 0.0 0.0 0.0 0.0 0.0 0.0 0.0 0.0 0.0 0.0 0.0 0.0 0.0 0.0 0.0 0.0 0.0 0.0 0.0 0.0 0.0 0.0 0.0 0.0 0.0 0.0 0.0 0.0 0.0 0.0 0.0 0.0 0.0 0.0 0.0 0.0 0.0 0.0 0.0 0.0 0.0 0.0 0.0 0.0 0.0 0.0 0.0 0.0 0.0 0.0 0.0 0.0 0.0 0.0 0.0 0.0 0.0 0.0 0.0 0.0 0.0 0.0 0.0 0.0 0.0 0.0 0.0 0.0 0.0 0.0 0.0 0.0 0.0 0.0 0.0 0.0 0.0 0.0 0.0 0.0 0.0 0.0
0.01384119662 0.01270104847 0.01296070401 0.01252449898 0.01199058945 0.01323632292 0.01260870561 0.01319340361 0.01173408337 0.01288379473 0.01234030314 0.01367511325 0.01259447301 0.01331398909 0.01237069001 0.01261345838 0.01291574753 0.01207260511 0.01214203968 0.01282935189 0.01014265325 0.01097305992 0.01404394527 0.01379278225 1.29501541092 0.01291227688 0.0128218119 0.01272895511 0.01384841192 0.01271119197 0.01207586303 0.01247834527 0.0116901798 0.0 0.0 0.0 0.0 0.0 0.0 0.0 0.0 0.0 0.0 0.0 0.0 0.0 0.0 0.0 0.0 0.0 0.0 0.0 0.0 0.0 0.0 0.0 0.0 0.0 0.0 0.0 0.0 0.0 0.0 0.0 0.0 0.0 0.0 0.0 0.0 0.0 0.0 0.0 0.0 0.0 0.0 0.0 0.0 0.0 0.0 0.0 0.0 0.0 0.0 0.0 0.0 0.0 0.0 0.0 0.0 0.0 0.0 0.0 0.0 0.0 0.0 0.0 0.0 0.0 0.0 0.0 0.0 0.0 0.0 0.0 0.0 0.0 0.0 0.0 0.0 0.0 0.0 0.0 0.0 0.0 0.0 0.0 0.0 0.0 0.0 0.0 0.0 0.0 0.0 0.0 0.0 0.0 0.0 0.0 0.0 0.0 0.0 0.0 0.0 0.0 0.0 0.0 0.0 0.0 0.0 0.0
0.01293809036 0.01263917884 0.01268275636 0.01258536389 0.01239176768 0.01277594718 0.01261577783 0.01280964211 0.012300214 0.01268355436 0.01252263876 0.01287660665 0.01262480888 0.012804221 0.01253326603 0.01261263467 0.01267546181 0.0124438136 0.01241818312 0.0126608512 0.01170035271 0.01194103488 0.01290153221 0.01288508843 0.01291227688 0.879826976825 0.01268517418 0.01266204987 0.01293013467 0.01261803531 0.0124225833 0.01254523978 0.01226204578 0.0 0.0 0.0 0.0 0.0 0.0 0.0 0.0 0.0 0.0 0.0 0.0 0.0 0.0 0.0 0.0 0.0 0.0 0.0 0.0 0.0 0.0 0.0 0.0 0.0 0.0 0.0 0.0 0.0 0.0 0.0 0.0 0.0 0.0 0.0 0.0 0.0 0.0 0.0 0.0 0.0 0.0 0.0 0.0 0.0 0.0 0.0 0.0 0.0 0.0 0.0 0.0 0.0 0.0 0.0 0.0 0.0 0.0 0.0 0.0 0.0 0.0 0.0 0.0 0.0 0.0 0.0 0.0 0.0 0.0 0.0 0.0 0.0 0.0 0.0 0.0 0.0 0.0 0.0 0.0 0.0 0.0 0.0 0.0 0.0 0.0 0.0 0.0 0.0 0.0 0.0 0.0 0.0 0.0 0.0 0.0 0.0 0.0 0.0 0.0 0.0 0.0 0.0 0.0 0.0 0.0 0.0
0.01283176228 0.0127290589 0.01268222363 0.01275281501 0.01252467945 0.01275898415 0.01265743902 0.01277951851 0.01241085901 0.01270706787 0.01264400165 0.01279725444 0.01266009735 0.01273449871 0.01258015898 0.01264346748 0.01262374111 0.01257992096 0.01246509086 0.01264961735 0.01195723451 0.01205984189 0.01280007455 0.01281452676 0.0128218119 0.01268517418 0.56643584423 0.01270568948 0.01284266966 0.01266391976 0.01252783476 0.01263159684 0.01235196301 0.0 0.0 0.0 0.0 0.0 0.0 0.0 0.0 0.0 0.0 0.0 0.0 0.0 0.0 0.0 0.0 0.0 0.0 0.0 0.0 0.0 0.0 0.0 0.0 0.0 0.0 0.0 0.0 0.0 0.0 0.0 0.0 0.0 0.0 0.0 0.0 0.0 0.0 0.0 0.0 0.0 0.0 0.0 0.0 0.0 0.0 0.0 0.0 0.0 0.0 0.0 0.0 0.0 0.0 0.0 0.0 0.0 0.0 0.0 0.0 0.0 0.0 0.0 0.0 0.0 0.0 0.0 0.0 0.0 0.0 0.0 0.0 0.0 0.0 0.0 0.0 0.0 0.0 0.0 0.0 0.0 0.0 0.0 0.0 0.0 0.0 0.0 0.0 0.0 0.0 0.0 0.0 0.0 0.0 0.0 0.0 0.0 0.0 0.0 0.0 0.0 0.0 0.0 0.0 0.0 0.0 0.0
0.01276041775 0.01264343978 0.01262491688 0.01265392045 0.0125272218 0.01271323708 0.0126617964 0.01274550428 0.01249072 0.01265239287 0.01264714045 0.01271480017 0.01265890746 0.01269105111 0.01260090063 0.01263587606 0.01261901624 0.01259229926 0.01251527143 0.0126389051 0.0121749051 0.01220750435 0.01268261857 0.0127115553 0.01272895511 0.01266204987 0.01270568948 0.517666949114 0.01276378234 0.01263816808 0.01255825314 0.0126194583 0.01240836997 0.0 0.0 0.0 0.0 0.0 0.0 0.0 0.0 0.0 0.0 0.0 0.0 0.0 0.0 0.0 0.0 0.0 0.0 0.0 0.0 0.0 0.0 0.0 0.0 0.0 0.0 0.0 0.0 0.0 0.0 0.0 0.0 0.0 0.0 0.0 0.0 0.0 0.0 0.0 0.0 0.0 0.0 0.0 0.0 0.0 0.0 0.0 0.0 0.0 0.0 0.0 0.0 0.0 0.0 0.0 0.0 0.0 0.0 0.0 0.0 0.0 0.0 0.0 0.0 0.0 0.0 0.0 0.0 0.0 0.0 0.0 0.0 0.0 0.0 0.0 0.0 0.0 0.0 0.0 0.0 0.0 0.0 0.0 0.0 0.0 0.0 0.0 0.0 0.0 0.0 0.0 0.0 0.0 0.0 0.0 0.0 0.0 0.0 0.0 0.0 0.0 0.0 0.0 0.0 0.0 0.0 0.0
0.01390537835 0.01267188714 0.01296115612 0.01249563173 0.01196724595 0.01326527445 0.01263447585 0.01326174988 0.01174072918 0.01289419184 0.01236774962 0.01370994118 0.01260098805 0.01333998063 0.01238305807 0.01261968347 0.01293878684 0.01207103699 0.01216522837 0.01284745435 0.01012148927 0.01098971182 0.01409014785 0.01382294341 0.01384841192 0.01293013467 0.01284266966 0.01276378234 0.843272817682 0.01273056857 0.01206796415 0.01250700787 0.01168448391 0.0 0.0 0.0 0.0 0.0 0.0 0.0 0.0 0.0 0.0 0.0 0.0 0.0 0.0 0.0 0.0 0.0 0.0 0.0 0.0 0.0 0.0 0.0 0.0 0.0 0.0 0.0 0.0 0.0 0.0 0.0 0.0 0.0 0.0 0.0 0.0 0.0 0.0 0.0 0.0 0.0 0.0 0.0 0.0 0.0 0.0 0.0 0.0 0.0 0.0 0.0 0.0 0.0 0.0 0.0 0.0 0.0 0.0 0.0 0.0 0.0 0.0 0.0 0.0 0.0 0.0 0.0 0.0 0.0 0.0 0.0 0.0 0.0 0.0 0.0 0.0 0.0 0.0 0.0 0.0 0.0 0.0 0.0 0.0 0.0 0.0 0.0 0.0 0.0 0.0 0.0 0.0 0.0 0.0 0.0 0.0 0.0 0.0 0.0 0.0 0.0 0.0 0.0 0.0 0.0 0.0 0.0
0.01272277783 0.01263688955 0.01262291761 0.01264732839 0.01249894177 0.01266769196 0.01260296426 0.0126832881 0.01240561917 0.01263293996 0.01259019525 0.01269722322 0.01259641117 0.01265102437 0.01254368769 0.01259540786 0.01258452526 0.01252376014 0.01247209901 0.01260120258 0.01202481528 0.01215551309 0.01270194083 0.01270660602 0.01271119197 0.01261803531 0.01266391976 0.01263816808 0.01273056857 1.19753860538 0.01250498156 0.01258370941 0.01237248623 0.0 0.0 0.0 0.0 0.0 0.0 0.0 0.0 0.0 0.0 0.0 0.0 0.0 0.0 0.0 0.0 0.0 0.0 0.0 0.0 0.0 0.0 0.0 0.0 0.0 0.0 0.0 0.0 0.0 0.0 0.0 0.0 0.0 0.0 0.0 0.0 0.0 0.0 0.0 0.0 0.0 0.0 0.0 0.0 0.0 0.0 0.0 0.0 0.0 0.0 0.0 0.0 0.0 0.0 0.0 0.0 0.0 0.0 0.0 0.0 0.0 0.0 0.0 0.0 0.0 0.0 0.0 0.0 0.0 0.0 0.0 0.0 0.0 0.0 0.0 0.0 0.0 0.0 0.0 0.0 0.0 0.0 0.0 0.0 0.0 0.0 0.0 0.0 0.0 0.0 0.0 0.0 0.0 0.0 0.0 0.0 0.0 0.0 0.0 0.0 0.0 0.0 0.0 0.0 0.0 0.0 0.0
0.01205184546 0.01265039817 0.01238607071 0.01280133542 0.01296651348 0.01237501682 0.01260804726 0.01231850061 0.01308130582 0.01245600231 0.01274113492 0.01214061513 0.01265098343 0.0122728154 0.01271626015 0.01258552697 0.01233192811 0.01300168072 0.01271193466 0.01243914881 0.01386296471 0.01309639128 0.01195125205 0.01210188525 0.01207586303 0.0124225833 0.01252783476 0.01255825314 0.01206796415 0.01250498156 0.506807997553 0.012625736 0.01297582135 0.0 0.0 0.0 0.0 0.0 0.0 0.0 0.0 0.0 0.0 0.0 0.0 0.0 0.0 0.0 0.0 0.0 0.0 0.0 0.0 0.0 0.0 0.0 0.0 0.0 0.0 0.0 0.0 0.0 0.0 0.0 0.0 0.0 0.0 0.0 0.0 0.0 0.0 0.0 0.0 0.0 0.0 0.0 0.0 0.0 0.0 0.0 0.0 0.0 0.0 0.0 0.0 0.0 0.0 0.0 0.0 0.0 0.0 0.0 0.0 0.0 0.0 0.0 0.0 0.0 0.0 0.0 0.0 0.0 0.0 0.0 0.0 0.0 0.0 0.0 0.0 0.0 0.0 0.0 0.0 0.0 0.0 0.0 0.0 0.0 0.0 0.0 0.0 0.0 0.0 0.0 0.0 0.0 0.0 0.0 0.0 0.0 0.0 0.0 0.0 0.0 0.0 0.0 0.0 0.0 0.0 0.0
0.01249556735 0.01262660657 0.01252039793 0.01271299806 0.0126423777 0.01255905998 0.01260722795 0.01259029193 0.01263303152 0.01257704795 0.01269993825 0.01249004813 0.01259640179 0.01250313793 0.01259308467 0.01256799363 0.01249521527 0.0126919261 0.01256624586 0.0125334122 0.01267693176 0.01256364639 0.01243659143 0.01248655285 0.01247834527 0.01254523978 0.01263159684 0.0126194583 0.01250700787 0.01258370941 0.012625736 0.453324977585 0.01259085006 0.0 0.0 0.0 0.0 0.0 0.0 0.0 0.0 0.0 0.0 0.0 0.0 0.0 0.0 0.0 0.0 0.0 0.0 0.0 0.0 0.0 0.0 0.0 0.0 0.0 0.0 0.0 0.0 0.0 0.0 0.0 0.0 0.0 0.0 0.0 0.0 0.0 0.0 0.0 0.0 0.0 0.0 0.0 0.0 0.0 0.0 0.0 0.0 0.0 0.0 0.0 0.0 0.0 0.0 0.0 0.0 0.0 0.0 0.0 0.0 0.0 0.0 0.0 0.0 0.0 0.0 0.0 0.0 0.0 0.0 0.0 0.0 0.0 0.0 0.0 0.0 0.0 0.0 0.0 0.0 0.0 0.0 0.0 0.0 0.0 0.0 0.0 0.0 0.0 0.0 0.0 0.0 0.0 0.0 0.0 0.0 0.0 0.0 0.0 0.0 0.0 0.0 0.0 0.0 0.0 0.0 0.0
0.01167497658 0.01247766558 0.01219261628 0.01265962021 0.01303584466 0.01212432428 0.01252045565 0.01209196642 0.01336403387 0.01227289921 0.01270001051 0.01178546646 0.01254764959 0.01201385776 0.01270214788 0.01247086021 0.01219397254 0.01308802081 0.01281036249 0.01230115489 0.01488242267 0.01381974104 0.01152855727 0.01171693451 0.0116901798 0.01226204578 0.01235196301 0.01240836997 0.01168448391 0.01237248623 0.01297582135 0.01259085006 0.434748199747 0.0 0.0 0.0 0.0 0.0 0.0 0.0 0.0 0.0 0.0 0.0 0.0 0.0 0.0 0.0 0.0 0.0 0.0 0.0 0.0 0.0 0.0 0.0 0.0 0.0 0.0 0.0 0.0 0.0 0.0 0.0 0.0 0.0 0.0 0.0 0.0 0.0 0.0 0.0 0.0 0.0 0.0 0.0 0.0 0.0 0.0 0.0 0.0 0.0 0.0 0.0 0.0 0.0 0.0 0.0 0.0 0.0 0.0 0.0 0.0 0.0 0.0 0.0 0.0 0.0 0.0 0.0 0.0 0.0 0.0 0.0 0.0 0.0 0.0 0.0 0.0 0.0 0.0 0.0 0.0 0.0 0.0 0.0 0.0 0.0 0.0 0.0 0.0 0.0 0.0 0.0 0.0 0.0 0.0 0.0 0.0 0.0 0.0 0.0 0.0 0.0 0.0 0.0 0.0 0.0 0.0 0.0
0.0 0.0 0.0 0.0 0.0 0.0 0.0 0.0 0.0 0.0 0.0 0.0 0.0 0.0 0.0 0.0 0.0 0.0 0.0 0.0 0.0 0.0 0.0 0.0 0.0 0.0 0.0 0.0 0.0 0.0 0.0 0.0 0.0 1.77082843991 0.007351397651 0.00644218183 0.007847254711 0.007314026067 0.008602843585 0.008000492971 0.007189483047 0.007372722492 0.006418149882 0.007472571311 0.007756227988 0.008338144956 0.007378396933 0.006967028105 0.006965822612 0.007868092253 0.008362936932 0.006728730953 0.006499324567 0.007176963288 0.00717454004 0.006132727131 0.006338034983 0.006416437033 0.008573645436 0.007758861013 0.008194829283 0.008357937099 0.008952795919 0.00756081191 0.008461125945 0.007996995058 0.008076174383 0.007641407398 0.007060666234 0.009277953516 0.007834271683 0.00665709575 0.006935475996 0.006972387812 0.0 0.0 0.0 0.0 0.0 0.0 0.0 0.0 0.0 0.0 0.0 0.0 0.0 0.0 0.0 0.0 0.0 0.0 0.0 0.0 0.0 0.0 0.0 0.0 0.0 0.0 0.0 0.0 0.0 0.0 0.0 0.0 0.0 0.0 0.0 0.0 0.0 0.0 0.0 0.0 0.0 0.0 0.0 0.0 0.0 0.0 0.0 0.0 0.0 0.0 0.0 0.0 0.0 0.0 0.0 0.0 0.0 0.0 0.0 0.0 0.0 0.0 0.0 0.0 0.0 0.0
0.0 0.0 0.0 0.0 0.0 0.0 0.0 0.0 0.0 0.0 0.0 0.0 0.0 0.0 0.0 0.0 0.0 0.0 0.0 0.0 0.0 0.0 0.0 0.0 0.0 0.0 0.0 0.0 0.0 0.0 0.0 0.0 0.0 0.007351397651 0.375085240259 0.007704000467 0.007488820116 0.007630360239 0.007406888976 0.007487281494 0.007602151347 0.007620436648 0.00775779212 0.007578638221 0.007533504222 0.007439049933 0.007640517547 0.007671570062 0.007730481848 0.007527957722 0.007432121362 0.007681462083 0.007759165899 0.007674211371 0.007677006593 0.007771325164 0.00770839901 0.007766104789 0.007405487512 0.007537414587 0.007453250426 0.00741407478 0.007359001348 0.007542170047 0.007408609956 0.007488660597 0.007494542612 0.007529892502 0.007691955898 0.007334295151 0.007514505814 0.007719977013 0.007685275628 0.007723622355 0.0 0.0 0.0 0.0 0.0 0.0 0.0 0.0 0.0 0.0 0.0 0.0 0.0 0.0 0.0 0.0 0.0 0.0 0.0 0.0 0.0 0.0 0.0 0.0 0.0 0.0 0.0 0.0 0.0 0.0 0.0 0.0 0.0 0.0 0.0 0.0 0.0 0.0 0.0 0.0 0.0 0.0 0.0 0.0 0.0 0.0 0.0 0.0 0.0 0.0 0.0 0.0 0.0 0.0 0.0 0.0 0.0 0.0 0.0 0.0 0.0 0.0 0.0 0.0 0.0 0.0
0.0 0.0 0.0 0.0 0.0 0.0 0.0 0.0 0.0 0.0 0.0 0.0 0.0 0.0 0.0 0.0 0.0 0.0 0.0 0.0 0.0 0.0 0.0 0.0 0.0 0.0 0.0 0.0 0.0 0.0 0.0 0.0 0.0 0.00644218183 0.007704000467 0.273729381261 0.007146478683 0.007696051045 0.006489564476 0.006974492647 0.007942550708 0.007704619019 0.009383718554 0.007536702835 0.007183548435 0.00668338214 0.00766421847 0.008308077639 0.008300919299 0.007140138055 0.006693570462 0.00869729297 0.009208076551 0.007955712152 0.008022448794 0.009905724715 0.00952866492 0.009495889989 0.006544598792 0.007212993636 0.006810055087 0.006702248367 0.00624727114 0.007353829292 0.006575249365 0.006994226702 0.006917012776 0.007369785027 0.008174791385 0.006096276246 0.007171369421 0.008769037155 0.008331381595 0.008245817463 0.0 0.0 0.0 0.0 0.0 0.0 0.0 0.0 0.0 0.0 0.0 0.0 0.0 0.0 0.0 0.0 0.0 0.0 0.0 0.0 0.0 0.0 0.0 0.0 0.0 0.0 0.0 0.0 0.0 0.0 0.0 0.0 0.0 0.0 0.0 0.0 0.0 0.0 0.0 0.0 0.0 0.0 0.0 0.0 0.0 0.0 0.0 0.0 0.0 0.0 0.0 0.0 0.0 0.0 0.0 0.0 0.0 0.0 0.0 0.0 0.0 0.0 0.0 0.0 0.0 0.0
0.0 0.0 0.0 0.0 0.0 0.0 0.0 0.0 0.0 0.0 0.0 0.0 0.0 0.0 0.0 0.0 0.0 0.0 0.0 0.0 0.0 0.0 0.0 0.0 0.0 0.0 0.0 0.0 0.0 0.0 0.0 0.0 0.0 0.007847254711 0.007488820116 0.007146478683 0.935281723203 0.007553690301 0.007861958505 0.007758276132 0.007490771201 0.007565979932 0.007178315107 0.007595201359 0.007659086549 0.007824831082 0.007542393601 0.007369941905 0.007351466671 0.007698915206 0.007826545383 0.007291955981 0.007247978574 0.007452748796 0.007447620232 0.00707893666 0.007155258645 0.007150180646 0.007834158528 0.007672920618 0.007806286162 0.007845159654 0.0079485901 0.007614367893 0.007834603012 0.007762261669 0.00776933028 0.007647048497 0.007452369209 0.007966358871 0.007678205829 0.00731448593 0.007385660105 0.007359512922 0.0 0.0 0.0 0.0 0.0 0.0 0.0 0.0 0.0 0.0 0.0 0.0 0.0 0.0 0.0 0.0 0.0 0.0 0.0 0.0 0.0 0.0 0.0 0.0 0.0 0.0 0.0 0.0 0.0 0.0 0.0 0.0 0.0 0.0 0.0 0.0 0.0 0.0 0.0 0.0 0.0 0.0 0.0 0.0 0.0 0.0 0.0 0.0 0.0 0.0 0.0 0.0 0.0 0.0 0.0 0.0 0.0 0.0 0.0 0.0 0.0 0.0 0.0 0.0 0.0 0.0
0.0 0.0 0.0 0.0 0.0 0.0 0.0 0.0 0.0 0.0 0.0 0.0 0.0 0.0 0.0 0.0 0.0 0.0 0.0 0.0 0.0 0.0 0.0 0.0 0.0 0.0 0.0 0.0 0.0 0.0 0.0 0.0 0.0 0.007314026067 0.007630360239 0.007696051045 0.007553690301 0.236021055444 0.007415870669 0.00752619875 0.007639459822 0.007656385431 0.007748116381 0.007620764596 0.007557048174 0.007456644964 0.007637882528 0.007643104002 0.007659496809 0.007529416225 0.007431262896 0.007686012651 0.007818166979 0.00764130201 0.007652414465 0.00784094002 0.00776740813 0.007682569064 0.007363850898 0.007565331646 0.007500120974 0.007439349094 0.007344438404 0.007630490843 0.007444658313 0.007561700303 0.007516652307 0.007563835911 0.007709732622 0.007244873061 0.007516058207 0.007804791433 0.007709927054 0.00767015836 0.0 0.0 0.0 0.0 0.0 0.0 0.0 0.0 0.0 0.0 0.0 0.0 0.0 0.0 0.0 0.0 0.0 0.0 0.0 0.0 0.0 0.0 0.0 0.0 0.0 0.0 0.0 0.0 0.0 0.0 0.0 0.0 0.0 0.0 0.0 0.0 0.0 0.0 0.0 0.0 0.0 0.0 0.0 0.0 0.0 0.0 0.0 0.0 0.0 0.0 0.0 0.0 0.0 0.0 0.0 0.0 0.0 0.0 0.0 0.0 0.0 0.0 0.0 0.0 0.0 0.0
0.0 0.0 0.0 0.0 0.0 0.0 0.0 0.0 0.0 0.0 0.0 0.0 0.0 0.0 0.0 0.0 0.0 0.0 0.0 0.0 0.0 0.0 0.0 0.0 0.0 0.0 0.0 0.0 0.0 0.0 0.0 0.0 0.0 0.008602843585 0.007406888976 0.006489564476 0.007861958505 0.007415870669 1.41650923844 0.008023999808 0.007230635858 0.007434828921 0.006505220804 0.007516710594 0.007782591605 0.008321601486 0.007433178552 0.007012139824 0.007014933371 0.007874373517 0.008330293221 0.006770977499 0.006614526095 0.007224750739 0.007226366466 0.006244187874 0.006428845287 0.006494022504 0.008476303107 0.007786263596 0.008241294562 0.008326321052 0.008912577403 0.00766262311 0.008451239654 0.008038240321 0.008096936274 0.00766440839 0.007143766939 0.009121824471 0.007825669316 0.006768701713 0.007007143188 0.00703220231 0.0 0.0 0.0 0.0 0.0 0.0 0.0 0.0 0.0 0.0 0.0 0.0 0.0 0.0 0.0 0.0 0.0 0.0 0.0 0.0 0.0 0.0 0.0 0.0 0.0 0.0 0.0 0.0 0.0 0.0 0.0 0.0 0.0 0.0 0.0 0.0 0.0 0.0 0.0 0.0 0.0 0.0 0.0 0.0 0.0 0.0 0.0 0.0 0.0 0.0 0.0 0.0 0.0 0.0 0.0 0.0 0.0 0.0 0.0 0.0 0.0 0.0 0.0 0.0 0.0 0.0
0.0 0.0 0.0 0.0 0.0 0.0 0.0 0.0 0.0 0.0 0.0 0.0 0.0 0.0 0.0 0.0 0.0 0.0 0.0 0.0 0.0 0.0 0.0 0.0 0.0 0.0 0.0 0.0 0.0 0.0 0.0 0.0 0.0 0.008000492971 0.007487281494 0.006974492647 0.007758276132 0.00752619875 0.008023999808 0.789360262278 0.007419566296 0.007532806217 0.007001838555 0.007577758303 0.007696910993 0.007940001523 0.007519135262 0.007280203096 0.00727559529 0.007743022638 0.007938584853 0.007151771992 0.007082728532 0.00740078468 0.007395357561 0.006855450705 0.006957656565 0.006978693459 0.007975172141 0.007706151195 0.007887738939 0.007948024296 0.008147675264 0.007618040624 0.007980767982 0.007826042503 0.007850651885 0.007645853286 0.007373986903 0.008200264247 0.007714216114 0.007173912383 0.007287935592 0.00728847874 0.0 0.0 0.0 0.0 0.0 0.0 0.0 0.0 0.0 0.0 0.0 0.0 0.0 0.0 0.0 0.0 0.0 0.0 0.0 0.0 0.0 0.0 0.0 0.0 0.0 0.0 0.0 0.0 0.0 0.0 0.0 0.0 0.0 0.0 0.0 0.0 0.0 0.0 0.0 0.0 0.0 0.0 0.0 0.0 0.0 0.0 0.0 0.0 0.0 0.0 0.0 0.0 0.0 0.0 0.0 0.0 0.0 0.0 0.0 0.0 0.0 0.0 0.0 0.0 0.0 0.0
0.0 0.0 0.0 0.0 0.0 0.0 0.0 0.0 0.0 0.0 0.0 0.0 0.0 0.0 0.0 0.0 0.0 0.0 0.0 0.0 0.0 0.0 0.0 0.0 0.0 0.0 0.0 0.0 0.0 0.0 0.0 0.0 0.0 0.007189483047 0.007602151347 0.007942550708 0.007490771201 0.007639459822 0.007230635858 0.007419566296 0.348628140057 0.007654863584 0.007982298378 0.007607297759 0.007473496231 0.007309811124 0.007629778065 0.007773424754 0.007755039783 0.007468599695 0.00731465106 0.007872206532 0.007971160995 0.007692371039 0.007691931107 0.008086321722 0.008017240461 0.007974902592 0.007236197621 0.007484362837 0.007356784314 0.007337530706 0.007162673216 0.007536505448 0.007264008314 0.00742558876 0.007392191426 0.007545464441 0.007770332653 0.007108244831 0.007469662112 0.007901518868 0.007790460841 0.007741402487 0.0 0.0 0.0 0.0 0.0 0.0 0.0 0.0 0.0 0.0 0.0 0.0 0.0 0.0 0.0 0.0 0.0 0.0 0.0 0.0 0.0 0.0 0.0 0.0 0.0 0.0 0.0 0.0 0.0 0.0 0.0 0.0 0.0 0.0 0.0 0.0 0.0 0.0 0.0 0.0 0.0 0.0 0.0 0.0 0.0 0.0 0.0 0.0 0.0 0.0 0.0 0.0 0.0 0.0 0.0 0.0 0.0 0.0 0.0 0.0 0.0 0.0 0.0 0.0 0.0 0.0
0.0 0.0 0.0 0.0 0.0 0.0 0.0 0.0 0.0 0.0 0.0 0.0 0.0 0.0 0.0 0.0 0.0 0.0 0.0 0.0 0.0 0.0 0.0 0.0 0.0 0.0 0.0 0.0 0.0 0.0 0.0 0.0 0.0 0.007372722492 0.007620436648 0.007704619019 0.007565979932 0.007656385431 0.007434828921 0.007532806217 0.007654863584 0.460511153668 0.007768864621 0.007621815471 0.007545621653 0.007471131503 0.007633460136 0.007661410021 0.007662843233 0.007548275013 0.007469961317 0.007691458186 0.007807179705 0.007643740401 0.007645234002 0.007818561429 0.007772380529 0.007745026486 0.007407027931 0.007558411921 0.007497170466 0.007488936367 0.007405378634 0.007593589874 0.007445525592 0.007545992161 0.007522599 0.007578240278 0.0077137338 0.007392407795 0.007536636191 0.007768041521 0.007697864826 0.007657333734 0.0 0.0 0.0 0.0 0.0 0.0 0.0 0.0 0.0 0.0 0.0 0.0 0.0 0.0 0.0 0.0 0.0 0.0 0.0 0.0 0.0 0.0 0.0 0.0 0.0 0.0 0.0 0.0 0.0 0.0 0.0 0.0 0.0 0.0 0.0 0.0 0.0 0.0 0.0 0.0 0.0 0.0 0.0 0.0 0.0 0.0 0.0 0.0 0.0 0.0 0.0 0.0 0.0 0.0 0.0 0.0 0.0 0.0 0.0 0.0 0.0 0.0 0.0 0.0 0.0 0.0
0.0 0.0 0.0 0.0 0.0 0.0 0.0 0.0 0.0 0.0 0.0 0.0 0.0 0.0 0.0 0.0 0.0 0.0 0.0 0.0 0.0 0.0 0.0 0.0 0.0 0.0 0.0 0.0 0.0 0.0 0.0 0.0 0.0 0.006418149882 0.00775779212 0.009383718554 0.007178315107 0.007748116381 0.006505220804 0.007001838555 0.007982298378 0.007768864621 0.313682372912 0.007572906285 0.007196746623 0.006698798193 0.007711935193 0.008371884731 0.008371931422 0.007167397584 0.006713147863 0.008772238328 0.009413187032 0.008004463023 0.008089104587 0.01009495819 0.009678603834 0.009718657079 0.006537331597 0.00723570419 0.00683177572 0.006730637963 0.006285622291 0.007384943041 0.006586552735 0.007031906941 0.006954453716 0.007393973616 0.008290110543 0.006137756072 0.00718274048 0.008897693548 0.00841625883 0.008301523477 0.0 0.0 0.0 0.0 0.0 0.0 0.0 0.0 0.0 0.0 0.0 0.0 0.0 0.0 0.0 0.0 0.0 0.0 0.0 0.0 0.0 0.0 0.0 0.0 0.0 0.0 0.0 0.0 0.0 0.0 0.0 0.0 0.0 0.0 0.0 0.0 0.0 0.0 0.0 0.0 0.0 0.0 0.0 0.0 0.0 0.0 0.0 0.0 0.0 0.0 0.0 0.0 0.0 0.0 0.0 0.0 0.0 0.0 0.0 0.0 0.0 0.0 0.0 0.0 0.0 0.0
