72 72
0.713265622662 0.01376650702 0.01320814953 0.01341405479 0.01319301425 0.01310199175 0.0134653399 0.0122769501 0.0133226181 0.01353858268 0.01315654144 0.01364673092 0.01213851223 0.01257294067 0.0 0.0 0.0 0.0 0.0 0.0 0.0 0.0 0.0 0.0 0.0 0.0 0.0 0.0 0.0 0.0 0.0 0.0 0.0 0.0 0.0 0.0 0.0 0.0 0.0 0.0 0.0 0.0 0.0 0.0 0.0 0.0 0.0 0.0 0.0 0.0 0.0 0.0 0.0 0.0 0.0 0.0 0.0 0.0 0.0 0.0 0.0 0.0 0.0 0.0 0.0 0.0 0.0 0.0 0.0 0.0 0.0 0.0
0.01376650702 2.75618740938 0.0132479627 0.01365301825 0.01351339737 0.01266195713 0.01407674793 0.01088348589 0.01368993848 0.01441451033 0.01303956313 0.01469722849 0.01069393472 0.01169179635 0.0 0.0 0.0 0.0 0.0 0.0 0.0 0.0 0.0 0.0 0.0 0.0 0.0 0.0 0.0 0.0 0.0 0.0 0.0 0.0 0.0 0.0 0.0 0.0 0.0 0.0 0.0 0.0 0.0 0.0 0.0 0.0 0.0 0.0 0.0 0.0 0.0 0.0 0.0 0.0 0.0 0.0 0.0 0.0 0.0 0.0 0.0 0.0 0.0 0.0 0.0 0.0 0.0 0.0 0.0 0.0 0.0 0.0
0.01320814953 0.0132479627 0.390040833135 0.01311312008 0.01319274417 0.01324943215 0.01316817857 0.01273783289 0.01317640774 0.01323646268 0.01299007652 0.01322378596 0.01259927636 0.01299190122 0.0 0.0 0.0 0.0 0.0 0.0 0.0 0.0 0.0 0.0 0.0 0.0 0.0 0.0 0.0 0.0 0.0 0.0 0.0 0.0 0.0 0.0 0.0 0.0 0.0 0.0 0.0 0.0 0.0 0.0 0.0 0.0 0.0 0.0 0.0 0.0 0.0 0.0 0.0 0.0 0.0 0.0 0.0 0.0 0.0 0.0 0.0 0.0 0.0 0.0 0.0 0.0 0.0 0.0 0.0 0.0 0.0 0.0
0.01341405479 0.01365301825 0.01311312008 0.371284874457 0.0131945455 0.01291659964 0.01344537536 0.01234052519 0.01330112953 0.01347284113 0.01322591617 0.01356765425 0.01227294571 0.01255518969 0.0 0.0 0.0 0.0 0.0 0.0 0.0 0.0 0.0 0.0 0.0 0.0 0.0 0.0 0.0 0.0 0.0 0.0 0.0 0.0 0.0 0.0 0.0 0.0 0.0 0.0 0.0 0.0 0.0 0.0 0.0 0.0 0.0 0.0 0.0 0.0 0.0 0.0 0.0 0.0 0.0 0.0 0.0 0.0 0.0 0.0 0.0 0.0 0.0 0.0 0.0 0.0 0.0 0.0 0.0 0.0 0.0 0.0
0.01319301425 0.01351339737 0.01319274417 0.0131945455 0.394742744505 0.01299242715 0.01332740994 0.01242292796 0.01329300016 0.01340380978 0.0130613774 0.01342298098 0.01233528024 0.01274188571 0.0 0.0 0.0 0.0 0.0 0.0 0.0 0.0 0.0 0.0 0.0 0.0 0.0 0.0 0.0 0.0 0.0 0.0 0.0 0.0 0.0 0.0 0.0 0.0 0.0 0.0 0.0 0.0 0.0 0.0 0.0 0.0 0.0 0.0 0.0 0.0 0.0 0.0 0.0 0.0 0.0 0.0 0.0 0.0 0.0 0.0 0.0 0.0 0.0 0.0 0.0 0.0 0.0 0.0 0.0 0.0 0.0 0.0
0.01310199175 0.01266195713 0.01324943215 0.01291659964 0.01299242715 1.2281064817 0.01286176096 0.01330986696 0.01298671306 0.01291089065 0.01286629641 0.01280011779 0.01319156244 0.01348423684 0.0 0.0 0.0 0.0 0.0 0.0 0.0 0.0 0.0 0.0 0.0 0.0 0.0 0.0 0.0 0.0 0.0 0.0 0.0 0.0 0.0 0.0 0.0 0.0 0.0 0.0 0.0 0.0 0.0 0.0 0.0 0.0 0.0 0.0 0.0 0.0 0.0 0.0 0.0 0.0 0.0 0.0 0.0 0.0 0.0 0.0 0.0 0.0 0.0 0.0 0.0 0.0 0.0 0.0 0.0 0.0 0.0 0.0
0.0134653399 0.01407674793 0.01316817857 0.01344537536 0.01332740994 0.01286176096 0.421743608289 0.01195774848 0.01342518607 0.01373624199 0.01316048575 0.0138303492 0.0118648242 0.01236660003 0.0 0.0 0.0 0.0 0.0 0.0 0.0 0.0 0.0 0.0 0.0 0.0 0.0 0.0 0.0 0.0 0.0 0.0 0.0 0.0 0.0 0.0 0.0 0.0 0.0 0.0 0.0 0.0 0.0 0.0 0.0 0.0 0.0 0.0 0.0 0.0 0.0 0.0 0.0 0.0 0.0 0.0 0.0 0.0 0.0 0.0 0.0 0.0 0.0 0.0 0.0 0.0 0.0 0.0 0.0 0.0 0.0 0.0
0.0122769501 0.01088348589 0.01273783289 0.01234052519 0.01242292796 0.01330986696 0.01195774848 0.462285642906 0.0122821125 0.01168998807 0.01288243115 0.01151269803 0.01549325451 0.01435648283 0.0 0.0 0.0 0.0 0.0 0.0 0.0 0.0 0.0 0.0 0.0 0.0 0.0 0.0 0.0 0.0 0.0 0.0 0.0 0.0 0.0 0.0 0.0 0.0 0.0 0.0 0.0 0.0 0.0 0.0 0.0 0.0 0.0 0.0 0.0 0.0 0.0 0.0 0.0 0.0 0.0 0.0 0.0 0.0 0.0 0.0 0.0 0.0 0.0 0.0 0.0 0.0 0.0 0.0 0.0 0.0 0.0 0.0
0.0133226181 0.01368993848 0.01317640774 0.01330112953 0.01329300016 0.01298671306 0.01342518607 0.0122821125 0.399641729399 0.01351132023 0.01311050428 0.01356584773 0.01218380745 0.01265024237 0.0 0.0 0.0 0.0 0.0 0.0 0.0 0.0 0.0 0.0 0.0 0.0 0.0 0.0 0.0 0.0 0.0 0.0 0.0 0.0 0.0 0.0 0.0 0.0 0.0 0.0 0.0 0.0 0.0 0.0 0.0 0.0 0.0 0.0 0.0 0.0 0.0 0.0 0.0 0.0 0.0 0.0 0.0 0.0 0.0 0.0 0.0 0.0 0.0 0.0 0.0 0.0 0.0 0.0 0.0 0.0 0.0 0.0
0.01353858268 0.01441451033 0.01323646268 0.01347284113 0.01340380978 0.01291089065 0.01373624199 0.01168998807 0.01351132023 0.71048643921 0.01307353402 0.01403069854 0.01155173292 0.01226643738 0.0 0.0 0.0 0.0 0.0 0.0 0.0 0.0 0.0 0.0 0.0 0.0 0.0 0.0 0.0 0.0 0.0 0.0 0.0 0.0 0.0 0.0 0.0 0.0 0.0 0.0 0.0 0.0 0.0 0.0 0.0 0.0 0.0 0.0 0.0 0.0 0.0 0.0 0.0 0.0 0.0 0.0 0.0 0.0 0.0 0.0 0.0 0.0 0.0 0.0 0.0 0.0 0.0 0.0 0.0 0.0 0.0 0.0
0.01315654144 0.01303956313 0.01299007652 0.01322591617 0.0130613774 0.01286629641 0.01316048575 0.01288243115 0.01311050428 0.01307353402 0.539625258409 0.01313415363 0.01291121731 0.01282091859 0.0 0.0 0.0 0.0 0.0 0.0 0.0 0.0 0.0 0.0 0.0 0.0 0.0 0.0 0.0 0.0 0.0 0.0 0.0 0.0 0.0 0.0 0.0 0.0 0.0 0.0 0.0 0.0 0.0 0.0 0.0 0.0 0.0 0.0 0.0 0.0 0.0 0.0 0.0 0.0 0.0 0.0 0.0 0.0 0.0 0.0 0.0 0.0 0.0 0.0 0.0 0.0 0.0 0.0 0.0 0.0 0.0 0.0
0.01364673092 0.01469722849 0.01322378596 0.01356765425 0.01342298098 0.01280011779 0.0138303492 0.01151269803 0.01356584773 0.01403069854 0.01313415363 0.334013691053 0.01136266194 0.01208868814 0.0 0.0 0.0 0.0 0.0 0.0 0.0 0.0 0.0 0.0 0.0 0.0 0.0 0.0 0.0 0.0 0.0 0.0 0.0 0.0 0.0 0.0 0.0 0.0 0.0 0.0 0.0 0.0 0.0 0.0 0.0 0.0 0.0 0.0 0.0 0.0 0.0 0.0 0.0 0.0 0.0 0.0 0.0 0.0 0.0 0.0 0.0 0.0 0.0 0.0 0.0 0.0 0.0 0.0 0.0 0.0 0.0 0.0
0.01213851223 0.01069393472 0.01259927636 0.01227294571 0.01233528024 0.01319156244 0.0118648242 0.01549325451 0.01218380745 0.01155173292 0.01291121731 0.01136266194 0.164544778595 0.01436860083 0.0 0.0 0.0 0.0 0.0 0.0 0.0 0.0 0.0 0.0 0.0 0.0 0.0 0.0 0.0 0.0 0.0 0.0 0.0 0.0 0.0 0.0 0.0 0.0 0.0 0.0 0.0 0.0 0.0 0.0 0.0 0.0 0.0 0.0 0.0 0.0 0.0 0.0 0.0 0.0 0.0 0.0 0.0 0.0 0.0 0.0 0.0 0.0 0.0 0.0 0.0 0.0 0.0 0.0 0.0 0.0 0.0 0.0
0.01257294067 0.01169179635 0.01299190122 0.01255518969 0.01274188571 0.01348423684 0.01236660003 0.01435648283 0.01265024237 0.01226643738 0.01282091859 0.01208868814 0.01436860083 0.317825896182 0.0 0.0 0.0 0.0 0.0 0.0 0.0 0.0 0.0 0.0 0.0 0.0 0.0 0.0 0.0 0.0 0.0 0.0 0.0 0.0 0.0 0.0 0.0 0.0 0.0 0.0 0.0 0.0 0.0 0.0 0.0 0.0 0.0 0.0 0.0 0.0 0.0 0.0 0.0 0.0 0.0 0.0 0.0 0.0 0.0 0.0 0.0 0.0 0.0 0.0 0.0 0.0 0.0 0.0 0.0 0.0 0.0 0.0
0.0 0.0 0.0 0.0 0.0 0.0 0.0 0.0 0.0 0.0 0.0 0.0 0.0 0.0 0.626569883006 0.01227413191 0.01167399135 0.01240398059 0.01189451571 0.01163923586 0.01260244611 0.01268814803 0.01240277465 0.01203015707 0.0118518575 0.0126234519 0.01167499239 0.0123820843 0.01259995686 0.01254790022 0.01195516966 0.01274961233 0.01294745153 0.01237341892 0.01155164403 0.01149140388 0.01121554916 0.01141033083 0.01119397831 0.0 0.0 0.0 0.0 0.0 0.0 0.0 0.0 0.0 0.0 0.0 0.0 0.0 0.0 0.0 0.0 0.0 0.0 0.0 0.0 0.0 0.0 0.0 0.0 0.0 0.0 0.0 0.0 0.0 0.0 0.0 0.0 0.0
0.0 0.0 0.0 0.0 0.0 0.0 0.0 0.0 0.0 0.0 0.0 0.0 0.0 0.0 0.01227413191 0.510734284999 0.01170791182 0.01240680274 0.0118858805 0.01167053261 0.01259301229 0.01267373552 0.01239549831 0.01206085763 0.0118516879 0.01261077095 0.01168247467 0.01238196163 0.01259513305 0.01247648282 0.01197601837 0.01273545601 0.01287392379 0.01236562154 0.01155662786 0.01149668624 0.01117983992 0.01135580441 0.01116899505 0.0 0.0 0.0 0.0 0.0 0.0 0.0 0.0 0.0 0.0 0.0 0.0 0.0 0.0 0.0 0.0 0.0 0.0 0.0 0.0 0.0 0.0 0.0 0.0 0.0 0.0 0.0 0.0 0.0 0.0 0.0 0.0 0.0
0.0 0.0 0.0 0.0 0.0 0.0 0.0 0.0 0.0 0.0 0.0 0.0 0.0 0.0 0.01167399135 0.01170791182 0.328297190325 0.01153682918 0.01184557065 0.01218960223 0.01130246673 0.01121929844 0.01152906958 0.01190270785 0.01196848577 0.01130366773 0.01203887398 0.0115601008 0.0113580137 0.01125049863 0.01196616776 0.01107624384 0.01093662769 0.01151414452 0.01221134085 0.01219293435 0.01209450787 0.01177072804 0.0121461218 0.0 0.0 0.0 0.0 0.0 0.0 0.0 0.0 0.0 0.0 0.0 0.0 0.0 0.0 0.0 0.0 0.0 0.0 0.0 0.0 0.0 0.0 0.0 0.0 0.0 0.0 0.0 0.0 0.0 0.0 0.0 0.0 0.0
0.0 0.0 0.0 0.0 0.0 0.0 0.0 0.0 0.0 0.0 0.0 0.0 0.0 0.0 0.01240398059 0.01240680274 0.01153682918 0.439598894223 0.01190162854 0.01152363242 0.0129488016 0.01309126816 0.0126085021 0.01206822845 0.01180609775 0.01296162076 0.01158039719 0.0125802578 0.01291800826 0.01285147289 0.01194852791 0.01326585496 0.01345678637 0.01257632605 0.01138985674 0.0113200464 0.01096331363 0.01125128526 0.01093633352 0.0 0.0 0.0 0.0 0.0 0.0 0.0 0.0 0.0 0.0 0.0 0.0 0.0 0.0 0.0 0.0 0.0 0.0 0.0 0.0 0.0 0.0 0.0 0.0 0.0 0.0 0.0 0.0 0.0 0.0 0.0 0.0 0.0
0.0 0.0 0.0 0.0 0.0 0.0 0.0 0.0 0.0 0.0 0.0 0.0 0.0 0.0 0.01189451571 0.0118858805 0.01184557065 0.01190162854 0.523081953526 0.01188730122 0.01191648084 0.01191862682 0.01192847887 0.01190032839 0.01187916775 0.01189895721 0.01190553533 0.01191504251 0.01189378774 0.0118910635 0.0118951004 0.01185677999 0.0118578133 0.01190658368 0.01184853703 0.01187863148 0.01186089369 0.01189290214 0.01182086456 0.0 0.0 0.0 0.0 0.0 0.0 0.0 0.0 0.0 0.0 0.0 0.0 0.0 0.0 0.0 0.0 0.0 0.0 0.0 0.0 0.0 0.0 0.0 0.0 0.0 0.0 0.0 0.0 0.0 0.0 0.0 0.0 0.0
0.0 0.0 0.0 0.0 0.0 0.0 0.0 0.0 0.0 0.0 0.0 0.0 0.0 0.0 0.01163923586 0.01167053261 0.01218960223 0.01152363242 0.01188730122 2.18001734369 0.01132937767 0.0112494799 0.01151560914 0.01187245506 0.01193432102 0.01131129154 0.01205145897 0.01154598214 0.01135244119 0.01127473139 0.01191813029 0.01102551675 0.01095475701 0.0115171835 0.01216227001 0.01218882211 0.01217189 0.01191950297 0.01221478715 0.0 0.0 0.0 0.0 0.0 0.0 0.0 0.0 0.0 0.0 0.0 0.0 0.0 0.0 0.0 0.0 0.0 0.0 0.0 0.0 0.0 0.0 0.0 0.0 0.0 0.0 0.0 0.0 0.0 0.0 0.0 0.0 0.0
0.0 0.0 0.0 0.0 0.0 0.0 0.0 0.0 0.0 0.0 0.0 0.0 0.0 0.0 0.01260244611 0.01259301229 0.01130246673 0.0129488016 0.01191648084 0.01132937767 0.558442217585 0.01381899915 0.01292285789 0.01210028163 0.01169481076 0.01351837532 0.01141115205 0.01287599337 0.01345278145 0.01330428649 0.01190835617 0.01400337195 0.01436902004 0.01286590905 0.01111697713 0.01104105145 0.0105652875 0.01093598933 0.01054646625 0.0 0.0 0.0 0.0 0.0 0.0 0.0 0.0 0.0 0.0 0.0 0.0 0.0 0.0 0.0 0.0 0.0 0.0 0.0 0.0 0.0 0.0 0.0 0.0 0.0 0.0 0.0 0.0 0.0 0.0 0.0 0.0 0.0
0.0 0.0 0.0 0.0 0.0 0.0 0.0 0.0 0.0 0.0 0.0 0.0 0.0 0.0 0.01268814803 0.01267373552 0.01121929844 0.01309126816 0.01191862682 0.0112494799 0.01381899915 0.700138328649 0.0130627058 0.01210715628 0.01163014293 0.0137679348 0.01132413284 0.01300037124 0.01371070197 0.01346826201 0.01189440808 0.01438759848 0.01485855768 0.012975635 0.01099978607 0.01091578784 0.0103670519 0.01071211401 0.01036004123 0.0 0.0 0.0 0.0 0.0 0.0 0.0 0.0 0.0 0.0 0.0 0.0 0.0 0.0 0.0 0.0 0.0 0.0 0.0 0.0 0.0 0.0 0.0 0.0 0.0 0.0 0.0 0.0 0.0 0.0 0.0 0.0 0.0
0.0 0.0 0.0 0.0 0.0 0.0 0.0 0.0 0.0 0.0 0.0 0.0 0.0 0.0 0.01240277465 0.01239549831 0.01152906958 0.0126085021 0.01192847887 0.01151560914 0.01292285789 0.0130627058 0.987678345901 0.01209135738 0.01181409115 0.01294004092 0.01157436652 0.01258019598 0.01289650258 0.01285177469 0.01195147501 0.01315355028 0.01341249136 0.01257416726 0.01139196009 0.01132602964 0.01098699085 0.01127337433 0.01094679775 0.0 0.0 0.0 0.0 0.0 0.0 0.0 0.0 0.0 0.0 0.0 0.0 0.0 0.0 0.0 0.0 0.0 0.0 0.0 0.0 0.0 0.0 0.0 0.0 0.0 0.0 0.0 0.0 0.0 0.0 0.0 0.0 0.0
0.0 0.0 0.0 0.0 0.0 0.0 0.0 0.0 0.0 0.0 0.0 0.0 0.0 0.0 0.01203015707 0.01206085763 0.01190270785 0.01206822845 0.01190032839 0.01187245506 0.01210028163 0.01210715628 0.01209135738 0.28521459756 0.01188601638 0.01210298234 0.011823526 0.01206370197 0.01210339602 0.01201454706 0.01196276928 0.01207868195 0.01209589647 0.01204506722 0.01178741382 0.01176223633 0.0115277263 0.01156133026 0.01154103258 0.0 0.0 0.0 0.0 0.0 0.0 0.0 0.0 0.0 0.0 0.0 0.0 0.0 0.0 0.0 0.0 0.0 0.0 0.0 0.0 0.0 0.0 0.0 0.0 0.0 0.0 0.0 0.0 0.0 0.0 0.0 0.0 0.0
0.0 0.0 0.0 0.0 0.0 0.0 0.0 0.0 0.0 0.0 0.0 0.0 0.0 0.0 0.0118518575 0.0118516879 0.01196848577 0.01180609775 0.01187916775 0.01193432102 0.01169481076 0.01163014293 0.01181409115 0.01188601638 0.577011504666 0.01172138129 0.01194497252 0.01182268308 0.0117260804 0.01179759326 0.01192771458 0.01166447483 0.01158663937 0.01183264449 0.0119814037 0.01196929935 0.0120023146 0.01200949546 0.01195293506 0.0 0.0 0.0 0.0 0.0 0.0 0.0 0.0 0.0 0.0 0.0 0.0 0.0 0.0 0.0 0.0 0.0 0.0 0.0 0.0 0.0 0.0 0.0 0.0 0.0 0.0 0.0 0.0 0.0 0.0 0.0 0.0 0.0
0.0 0.0 0.0 0.0 0.0 0.0 0.0 0.0 0.0 0.0 0.0 0.0 0.0 0.0 0.0126234519 0.01261077095 0.01130366773 0.01296162076 0.01189895721 0.01131129154 0.01351837532 0.0137679348 0.01294004092 0.01210298234 0.01172138129 0.552438629819 0.01140898115 0.01289223268 0.01344986296 0.01336690258 0.01191929307 0.01400479303 0.01438213342 0.01289571537 0.01112258077 0.0110354567 0.01057202741 0.01098457772 0.01054546422 0.0 0.0 0.0 0.0 0.0 0.0 0.0 0.0 0.0 0.0 0.0 0.0 0.0 0.0 0.0 0.0 0.0 0.0 0.0 0.0 0.0 0.0 0.0 0.0 0.0 0.0 0.0 0.0 0.0 0.0 0.0 0.0 0.0
0.0 0.0 0.0 0.0 0.0 0.0 0.0 0.0 0.0 0.0 0.0 0.0 0.0 0.0 0.01167499239 0.01168247467 0.01203887398 0.01158039719 0.01190553533 0.01205145897 0.01141115205 0.01132413284 0.01157436652 0.011823526 0.01194497252 0.01140898115 0.242515156584 0.01160326288 0.01142619436 0.01146370575 0.01188746205 0.01123861979 0.01112268802 0.01160939282 0.01209517234 0.01212939115 0.01225960745 0.01218721257 0.01222665173 0.0 0.0 0.0 0.0 0.0 0.0 0.0 0.0 0.0 0.0 0.0 0.0 0.0 0.0 0.0 0.0 0.0 0.0 0.0 0.0 0.0 0.0 0.0 0.0 0.0 0.0 0.0 0.0 0.0 0.0 0.0 0.0 0.0
0.0 0.0 0.0 0.0 0.0 0.0 0.0 0.0 0.0 0.0 0.0 0.0 0.0 0.0 0.0123820843 0.01238196163 0.0115601008 0.0125802578 0.01191504251 0.01154598214 0.01287599337 0.01300037124 0.01258019598 0.01206370197 0.01182268308 0.01289223268 0.01160326288 0.760973910071 0.01285059893 0.01280310843 0.01195559307 0.01317061914 0.01332609 0.01254485194 0.01142092923 0.01135514022 0.01101291506 0.0112970744 0.0109807419 0.0 0.0 0.0 0.0 0.0 0.0 0.0 0.0 0.0 0.0 0.0 0.0 0.0 0.0 0.0 0.0 0.0 0.0 0.0 0.0 0.0 0.0 0.0 0.0 0.0 0.0 0.0 0.0 0.0 0.0 0.0 0.0 0.0
0.0 0.0 0.0 0.0 0.0 0.0 0.0 0.0 0.0 0.0 0.0 0.0 0.0 0.0 0.01259995686 0.01259513305 0.0113580137 0.01291800826 0.01189378774 0.01135244119 0.01345278145 0.01371070197 0.01289650258 0.01210339602 0.0117260804 0.01344986296 0.01142619436 0.01285059893 0.603875177773 0.01325178507 0.01193258762 0.01395597617 0.01427812728 0.01283924119 0.01116242976 0.01107329306 0.01060181342 0.01095373613 0.01058038291 0.0 0.0 0.0 0.0 0.0 0.0 0.0 0.0 0.0 0.0 0.0 0.0 0.0 0.0 0.0 0.0 0.0 0.0 0.0 0.0 0.0 0.0 0.0 0.0 0.0 0.0 0.0 0.0 0.0 0.0 0.0 0.0 0.0
0.0 0.0 0.0 0.0 0.0 0.0 0.0 0.0 0.0 0.0 0.0 0.0 0.0 0.0 0.01254790022 0.01247648282 0.01125049863 0.01285147289 0.0118910635 0.01127473139 0.01330428649 0.01346826201 0.01285177469 0.01201454706 0.01179759326 0.01336690258 0.01146370575 0.01280310843 0.01325178507 0.498074119785 0.01187305934 0.01387423484 0.01430838598 0.01288292981 0.01119796066 0.01111685064 0.01086094437 0.01145740451 0.0107721389 0.0 0.0 0.0 0.0 0.0 0.0 0.0 0.0 0.0 0.0 0.0 0.0 0.0 0.0 0.0 0.0 0.0 0.0 0.0 0.0 0.0 0.0 0.0 0.0 0.0 0.0 0.0 0.0 0.0 0.0 0.0 0.0 0.0
0.0 0.0 0.0 0.0 0.0 0.0 0.0 0.0 0.0 0.0 0.0 0.0 0.0 0.0 0.01195516966 0.01197601837 0.01196616776 0.01194852791 0.0118951004 0.01191813029 0.01190835617 0.01189440808 0.01195147501 0.01196276928 0.01192771458 0.01191929307 0.01188746205 0.01195559307 0.01193258762 0.01187305934 0.689669474559 0.01184574161 0.01183382201 0.01193591257 0.01189096994 0.01186521851 0.01172533863 0.0117052229 0.0117093062 0.0 0.0 0.0 0.0 0.0 0.0 0.0 0.0 0.0 0.0 0.0 0.0 0.0 0.0 0.0 0.0 0.0 0.0 0.0 0.0 0.0 0.0 0.0 0.0 0.0 0.0 0.0 0.0 0.0 0.0 0.0 0.0 0.0
0.0 0.0 0.0 0.0 0.0 0.0 0.0 0.0 0.0 0.0 0.0 0.0 0.0 0.0 0.01274961233 0.01273545601 0.01107624384 0.01326585496 0.01185677999 0.01102551675 0.01400337195 0.01438759848 0.01315355028 0.01207868195 0.01166447483 0.01400479303 0.01123861979 0.01317061914 0.01395597617 0.01387423484 0.01184574161 46.719253543 0.01533761632 0.0131074277 0.01088404582 0.01079321301 0.01026828796 0.01071151088 0.0102602422 0.0 0.0 0.0 0.0 0.0 0.0 0.0 0.0 0.0 0.0 0.0 0.0 0.0 0.0 0.0 0.0 0.0 0.0 0.0 0.0 0.0 0.0 0.0 0.0 0.0 0.0 0.0 0.0 0.0 0.0 0.0 0.0 0.0
0.0 0.0 0.0 0.0 0.0 0.0 0.0 0.0 0.0 0.0 0.0 0.0 0.0 0.0 0.01294745153 0.01287392379 0.01093662769 0.01345678637 0.0118578133 0.01095475701 0.01436902004 0.01485855768 0.01341249136 0.01209589647 0.01158663937 0.01438213342 0.01112268802 0.01332609 0.01427812728 0.01430838598 0.01183382201 0.01533761632 2.88603335883 0.01337743378 0.01073368204 0.01060571803 0.01002832038 0.01057965902 0.009998490419 0.0 0.0 0.0 0.0 0.0 0.0 0.0 0.0 0.0 0.0 0.0 0.0 0.0 0.0 0.0 0.0 0.0 0.0 0.0 0.0 0.0 0.0 0.0 0.0 0.0 0.0 0.0 0.0 0.0 0.0 0.0 0.0 0.0
0.0 0.0 0.0 0.0 0.0 0.0 0.0 0.0 0.0 0.0 0.0 0.0 0.0 0.0 0.01237341892 0.01236562154 0.01151414452 0.01257632605 0.01190658368 0.0115171835 0.01286590905 0.012975635 0.01257416726 0.01204506722 0.01183264449 0.01289571537 0.01160939282 0.01254485194 0.01283924119 0.01288292981 0.01193591257 0.0131074277 0.01337743378 0.860383971899 0.01141223013 0.01135272552 0.01107468736 0.01143983221 0.01102181333 0.0 0.0 0.0 0.0 0.0 0.0 0.0 0.0 0.0 0.0 0.0 0.0 0.0 0.0 0.0 0.0 0.0 0.0 0.0 0.0 0.0 0.0 0.0 0.0 0.0 0.0 0.0 0.0 0.0 0.0 0.0 0.0 0.0
0.0 0.0 0.0 0.0 0.0 0.0 0.0 0.0 0.0 0.0 0.0 0.0 0.0 0.0 0.01155164403 0.01155662786 0.01221134085 0.01138985674 0.01184853703 0.01216227001 0.01111697713 0.01099978607 0.01139196009 0.01178741382 0.0119814037 0.01112258077 0.01209517234 0.01142092923 0.01116242976 0.01119796066 0.01189096994 0.01088404582 0.01073368204 0.01141223013 0.471091390033 0.01228693575 0.0124418535 0.01217213859 0.01244017375 0.0 0.0 0.0 0.0 0.0 0.0 0.0 0.0 0.0 0.0 0.0 0.0 0.0 0.0 0.0 0.0 0.0 0.0 0.0 0.0 0.0 0.0 0.0 0.0 0.0 0.0 0.0 0.0 0.0 0.0 0.0 0.0 0.0
0.0 0.0 0.0 0.0 0.0 0.0 0.0 0.0 0.0 0.0 0.0 0.0 0.0 0.0 0.01149140388 0.01149668624 0.01219293435 0.0113200464 0.01187863148 0.01218882211 0.01104105145 0.01091578784 0.01132602964 0.01176223633 0.01196929935 0.0110354567 0.01212939115 0.01135514022 0.01107329306 0.01111685064 0.01186521851 0.01079321301 0.01060571803 0.01135272552 0.01228693575 0.334584084479 0.01257044186 0.01230739559 0.01255902396 0.0 0.0 0.0 0.0 0.0 0.0 0.0 0.0 0.0 0.0 0.0 0.0 0.0 0.0 0.0 0.0 0.0 0.0 0.0 0.0 0.0 0.0 0.0 0.0 0.0 0.0 0.0 0.0 0.0 0.0 0.0 0.0 0.0
0.0 0.0 0.0 0.0 0.0 0.0 0.0 0.0 0.0 0.0 0.0 0.0 0.0 0.0 0.01121554916 0.01117983992 0.01209450787 0.01096331363 0.01186089369 0.01217189 0.0105652875 0.0103670519 0.01098699085 0.0115277263 0.0120023146 0.01057202741 0.01225960745 0.01101291506 0.01060181342 0.01086094437 0.01172533863 0.01026828796 0.01002832038 0.01107468736 0.0124418535 0.01257044186 0.592358296722 0.01324568935 0.01327858862 0.0 0.0 0.0 0.0 0.0 0.0 0.0 0.0 0.0 0.0 0.0 0.0 0.0 0.0 0.0 0.0 0.0 0.0 0.0 0.0 0.0 0.0 0.0 0.0 0.0 0.0 0.0 0.0 0.0 0.0 0.0 0.0 0.0
0.0 0.0 0.0 0.0 0.0 0.0 0.0 0.0 0.0 0.0 0.0 0.0 0.0 0.0 0.01141033083 0.01135580441 0.01177072804 0.01125128526 0.01189290214 0.01191950297 0.01093598933 0.01071211401 0.01127337433 0.01156133026 0.01200949546 0.01098457772 0.01218721257 0.0112970744 0.01095373613 0.01145740451 0.0117052229 0.01071151088 0.01057965902 0.01143983221 0.01217213859 0.01230739559 0.01324568935 0.574384140363 0.01304530894 0.0 0.0 0.0 0.0 0.0 0.0 0.0 0.0 0.0 0.0 0.0 0.0 0.0 0.0 0.0 0.0 0.0 0.0 0.0 0.0 0.0 0.0 0.0 0.0 0.0 0.0 0.0 0.0 0.0 0.0 0.0 0.0 0.0
0.0 0.0 0.0 0.0 0.0 0.0 0.0 0.0 0.0 0.0 0.0 0.0 0.0 0.0 0.01119397831 0.01116899505 0.0121461218 0.01093633352 0.01182086456 0.01221478715 0.01054646625 0.01036004123 0.01094679775 0.01154103258 0.01195293506 0.01054546422 0.01222665173 0.0109807419 0.01058038291 0.0107721389 0.0117093062 0.0102602422 0.009998490419 0.01102181333 0.01244017375 0.01255902396 0.01327858862 0.01304530894 0.615767789088 0.0 0.0 0.0 0.0 0.0 0.0 0.0 0.0 0.0 0.0 0.0 0.0 0.0 0.0 0.0 0.0 0.0 0.0 0.0 0.0 0.0 0.0 0.0 0.0 0.0 0.0 0.0 0.0 0.0 0.0 0.0 0.0 0.0
0.0 0.0 0.0 0.0 0.0 0.0 0.0 0.0 0.0 0.0 0.0 0.0 0.0 0.0 0.0 0.0 0.0 0.0 0.0 0.0 0.0 0.0 0.0 0.0 0.0 0.0 0.0 0.0 0.0 0.0 0.0 0.0 0.0 0.0 0.0 0.0 0.0 0.0 0.0 3.15218767411 0.01332874092 0.01315167074 0.01333883642 0.01441216547 0.01502636471 0.01612486161 0.0115152379 0.0130555562 0.01131359469 0.01360073566 0.012165105 0.0148470391 0.01573789853 0.01543061288 0.0134981092 0.01606158948 0.01410102348 0.01479761404 0.01324686514 0.01237105394 0.01454128893 0.012300011 0.0 0.0 0.0 0.0 0.0 0.0 0.0 0.0 0.0 0.0
0.0 0.0 0.0 0.0 0.0 0.0 0.0 0.0 0.0 0.0 0.0 0.0 0.0 0.0 0.0 0.0 0.0 0.0 0.0 0.0 0.0 0.0 0.0 0.0 0.0 0.0 0.0 0.0 0.0 0.0 0.0 0.0 0.0 0.0 0.0 0.0 0.0 0.0 0.0 0.01332874092 0.641582338925 0.0128482816 0.01286883413 0.0130627637 0.01318373281 0.01333905174 0.01226995963 0.01280412686 0.01221940325 0.01293484545 0.01247849155 0.01314732842 0.01327926208 0.01321932535 0.01289511234 0.01333928422 0.01304657418 0.01314931374 0.01280804242 0.01256684482 0.01310533336 0.01256047075 0.0 0.0 0.0 0.0 0.0 0.0 0.0 0.0 0.0 0.0
0.0 0.0 0.0 0.0 0.0 0.0 0.0 0.0 0.0 0.0 0.0 0.0 0.0 0.0 0.0 0.0 0.0 0.0 0.0 0.0 0.0 0.0 0.0 0.0 0.0 0.0 0.0 0.0 0.0 0.0 0.0 0.0 0.0 0.0 0.0 0.0 0.0 0.0 0.0 0.01315167074 0.0128482816 0.531068051845 0.01283568135 0.01292231244 0.01303959983 0.01310265861 0.01228362473 0.0127571096 0.01229378563 0.0128851765 0.0124717919 0.01300015702 0.01309140235 0.01299518004 0.01284085903 0.01311311837 0.0129578458 0.013025114 0.01268285358 0.01242738694 0.01295375173 0.01256205348 0.0 0.0 0.0 0.0 0.0 0.0 0.0 0.0 0.0 0.0
0.0 0.0 0.0 0.0 0.0 0.0 0.0 0.0 0.0 0.0 0.0 0.0 0.0 0.0 0.0 0.0 0.0 0.0 0.0 0.0 0.0 0.0 0.0 0.0 0.0 0.0 0.0 0.0 0.0 0.0 0.0 0.0 0.0 0.0 0.0 0.0 0.0 0.0 0.0 0.01333883642 0.01286883413 0.01283568135 0.873883650014 0.01310410754 0.01322240843 0.01335814705 0.01226303852 0.01279400517 0.01220684246 0.01294748827 0.01249435413 0.01319895738 0.01332904845 0.01323425911 0.01291273145 0.01336425199 0.01304013346 0.01318311224 0.01279987933 0.01253184765 0.01312990913 0.01254921316 0.0 0.0 0.0 0.0 0.0 0.0 0.0 0.0 0.0 0.0
0.0 0.0 0.0 0.0 0.0 0.0 0.0 0.0 0.0 0.0 0.0 0.0 0.0 0.0 0.0 0.0 0.0 0.0 0.0 0.0 0.0 0.0 0.0 0.0 0.0 0.0 0.0 0.0 0.0 0.0 0.0 0.0 0.0 0.0 0.0 0.0 0.0 0.0 0.0 0.01441216547 0.0130627637 0.01292231244 0.01310410754 0.608389928026 0.01414029027 0.01467079696 0.0119546077 0.01297183871 0.01174936264 0.01329308965 0.01240445913 0.01409522817 0.01452094143 0.01436637834 0.01324502418 0.01464444526 0.01354943791 0.01400245008 0.0131632891 0.01265746275 0.01390777154 0.01244996873 0.0 0.0 0.0 0.0 0.0 0.0 0.0 0.0 0.0 0.0
0.0 0.0 0.0 0.0 0.0 0.0 0.0 0.0 0.0 0.0 0.0 0.0 0.0 0.0 0.0 0.0 0.0 0.0 0.0 0.0 0.0 0.0 0.0 0.0 0.0 0.0 0.0 0.0 0.0 0.0 0.0 0.0 0.0 0.0 0.0 0.0 0.0 0.0 0.0 0.01502636471 0.01318373281 0.01303959983 0.01322240843 0.01414029027 0.887172163068 0.01534280467 0.01171693773 0.01302787777 0.01152474389 0.01344663129 0.01228376854 0.01447792892 0.01511053421 0.01486297708 0.01338019226 0.01528965405 0.01381539738 0.01440869827 0.01320614204 0.01246605924 0.01422042478 0.0123791737 0.0 0.0 0.0 0.0 0.0 0.0 0.0 0.0 0.0 0.0
0.0 0.0 0.0 0.0 0.0 0.0 0.0 0.0 0.0 0.0 0.0 0.0 0.0 0.0 0.0 0.0 0.0 0.0 0.0 0.0 0.0 0.0 0.0 0.0 0.0 0.0 0.0 0.0 0.0 0.0 0.0 0.0 0.0 0.0 0.0 0.0 0.0 0.0 0.0 0.01612486161 0.01333905174 0.01310265861 0.01335814705 0.01467079696 0.01534280467 3.18572239937 0.01141939872 0.01313141685 0.01114393314 0.01364710829 0.01213622591 0.01517087452 0.01630635492 0.01618999844 0.01356422603 0.01694355143 0.01420908792 0.01501481381 0.01341327729 0.01249200855 0.01481720489 0.01224797616 0.0 0.0 0.0 0.0 0.0 0.0 0.0 0.0 0.0 0.0
0.0 0.0 0.0 0.0 0.0 0.0 0.0 0.0 0.0 0.0 0.0 0.0 0.0 0.0 0.0 0.0 0.0 0.0 0.0 0.0 0.0 0.0 0.0 0.0 0.0 0.0 0.0 0.0 0.0 0.0 0.0 0.0 0.0 0.0 0.0 0.0 0.0 0.0 0.0 0.0115152379 0.01226995963 0.01228362473 0.01226303852 0.0119546077 0.01171693773 0.01141939872 0.446379291722 0.01236397809 0.01304814647 0.01217789087 0.01277963679 0.01179879909 0.01152783543 0.01166060597 0.01221593245 0.01145242151 0.01201972467 0.01178930251 0.01238072457 0.01282370756 0.01190548554 0.01267058357 0.0 0.0 0.0 0.0 0.0 0.0 0.0 0.0 0.0 0.0
0.0 0.0 0.0 0.0 0.0 0.0 0.0 0.0 0.0 0.0 0.0 0.0 0.0 0.0 0.0 0.0 0.0 0.0 0.0 0.0 0.0 0.0 0.0 0.0 0.0 0.0 0.0 0.0 0.0 0.0 0.0 0.0 0.0 0.0 0.0 0.0 0.0 0.0 0.0 0.0130555562 0.01280412686 0.0127571096 0.01279400517 0.01297183871 0.01302787777 0.01313141685 0.01236397809 0.651884480999 0.01229688581 0.01285490793 0.0125418136 0.01300881534 0.013082481 0.01307282096 0.01284195963 0.01311613488 0.01291230191 0.01299858988 0.01283449799 0.01265612959 0.01299363709 0.0125994582 0.0 0.0 0.0 0.0 0.0 0.0 0.0 0.0 0.0 0.0
0.0 0.0 0.0 0.0 0.0 0.0 0.0 0.0 0.0 0.0 0.0 0.0 0.0 0.0 0.0 0.0 0.0 0.0 0.0 0.0 0.0 0.0 0.0 0.0 0.0 0.0 0.0 0.0 0.0 0.0 0.0 0.0 0.0 0.0 0.0 0.0 0.0 0.0 0.0 0.01131359469 0.01221940325 0.01229378563 0.01220684246 0.01174936264 0.01152474389 0.01114393314 0.01304814647 0.01229688581 0.656328440796 0.01208158604 0.01272686267 0.0115872257 0.01127752297 0.01140396099 0.01212065071 0.01118371512 0.01190564465 0.01161363024 0.01221195998 0.01263091377 0.0117070998 0.01265695298 0.0 0.0 0.0 0.0 0.0 0.0 0.0 0.0 0.0 0.0
0.0 0.0 0.0 0.0 0.0 0.0 0.0 0.0 0.0 0.0 0.0 0.0 0.0 0.0 0.0 0.0 0.0 0.0 0.0 0.0 0.0 0.0 0.0 0.0 0.0 0.0 0.0 0.0 0.0 0.0 0.0 0.0 0.0 0.0 0.0 0.0 0.0 0.0 0.0 0.01360073566 0.01293484545 0.0128851765 0.01294748827 0.01329308965 0.01344663129 0.01364710829 0.01217789087 0.01285490793 0.01208158604 0.444539232551 0.01247596494 0.01341362025 0.01360853364 0.01347208277 0.01301801202 0.01364781038 0.01318352531 0.01339800825 0.0129069268 0.01254666007 0.01332035737 0.01254531036 0.0 0.0 0.0 0.0 0.0 0.0 0.0 0.0 0.0 0.0
0.0 0.0 0.0 0.0 0.0 0.0 0.0 0.0 0.0 0.0 0.0 0.0 0.0 0.0 0.0 0.0 0.0 0.0 0.0 0.0 0.0 0.0 0.0 0.0 0.0 0.0 0.0 0.0 0.0 0.0 0.0 0.0 0.0 0.0 0.0 0.0 0.0 0.0 0.0 0.012165105 0.01247849155 0.0124717919 0.01249435413 0.01240445913 0.01228376854 0.01213622591 0.01277963679 0.0125418136 0.01272686267 0.01247596494 0.387524909984 0.012332323 0.01220240467 0.01223684148 0.01249510806 0.01214568684 0.0123839913 0.01231632594 0.01257758667 0.01272202428 0.01236910888 0.01265451522 0.0 0.0 0.0 0.0 0.0 0.0 0.0 0.0 0.0 0.0
0.0 0.0 0.0 0.0 0.0 0.0 0.0 0.0 0.0 0.0 0.0 0.0 0.0 0.0 0.0 0.0 0.0 0.0 0.0 0.0 0.0 0.0 0.0 0.0 0.0 0.0 0.0 0.0 0.0 0.0 0.0 0.0 0.0 0.0 0.0 0.0 0.0 0.0 0.0 0.0148470391 0.01314732842 0.01300015702 0.01319895738 0.01409522817 0.01447792892 0.01517087452 0.01179879909 0.01300881534 0.0115872257 0.01341362025 0.012332323 0.768070173464 0.01496359887 0.01474304771 0.01335346816 0.01512212111 0.01374136936 0.01430287019 0.01319445579 0.01253415639 0.01415536628 0.0123931954 0.0 0.0 0.0 0.0 0.0 0.0 0.0 0.0 0.0 0.0
0.0 0.0 0.0 0.0 0.0 0.0 0.0 0.0 0.0 0.0 0.0 0.0 0.0 0.0 0.0 0.0 0.0 0.0 0.0 0.0 0.0 0.0 0.0 0.0 0.0 0.0 0.0 0.0 0.0 0.0 0.0 0.0 0.0 0.0 0.0 0.0 0.0 0.0 0.0 0.01573789853 0.01327926208 0.01309140235 0.01332904845 0.01452094143 0.01511053421 0.01630635492 0.01152783543 0.013082481 0.01127752297 0.01360853364 0.01220240467 0.01496359887 0.855594084007 0.01558363403 0.0135248011 0.01617823281 0.01408889931 0.01485312754 0.01333702184 0.01245310998 0.01462554127 0.0122985606 0.0 0.0 0.0 0.0 0.0 0.0 0.0 0.0 0.0 0.0
0.0 0.0 0.0 0.0 0.0 0.0 0.0 0.0 0.0 0.0 0.0 0.0 0.0 0.0 0.0 0.0 0.0 0.0 0.0 0.0 0.0 0.0 0.0 0.0 0.0 0.0 0.0 0.0 0.0 0.0 0.0 0.0 0.0 0.0 0.0 0.0 0.0 0.0 0.0 0.01543061288 0.01321932535 0.01299518004 0.01323425911 0.01436637834 0.01486297708 0.01618999844 0.01166060597 0.01307282096 0.01140396099 0.01347208277 0.01223684148 0.01474304771 0.01558363403 0.74405638419 0.01341559514 0.01599131234 0.01394244371 0.01459571617 0.01334295878 0.0126754309 0.01447997135 0.01231691474 0.0 0.0 0.0 0.0 0.0 0.0 0.0 0.0 0.0 0.0
0.0 0.0 0.0 0.0 0.0 0.0 0.0 0.0 0.0 0.0 0.0 0.0 0.0 0.0 0.0 0.0 0.0 0.0 0.0 0.0 0.0 0.0 0.0 0.0 0.0 0.0 0.0 0.0 0.0 0.0 0.0 0.0 0.0 0.0 0.0 0.0 0.0 0.0 0.0 0.0134981092 0.01289511234 0.01284085903 0.01291273145 0.01324502418 0.01338019226 0.01356422603 0.01221593245 0.01284195963 0.01212065071 0.01301801202 0.01249510806 0.01335346816 0.0135248011 0.01341559514 1.35095166922 0.01356216342 0.0131222576 0.01332754036 0.01290364837 0.01258081957 0.01326972572 0.01254938657 0.0 0.0 0.0 0.0 0.0 0.0 0.0 0.0 0.0 0.0
0.0 0.0 0.0 0.0 0.0 0.0 0.0 0.0 0.0 0.0 0.0 0.0 0.0 0.0 0.0 0.0 0.0 0.0 0.0 0.0 0.0 0.0 0.0 0.0 0.0 0.0 0.0 0.0 0.0 0.0 0.0 0.0 0.0 0.0 0.0 0.0 0.0 0.0 0.0 0.01606158948 0.01333928422 0.01311311837 0.01336425199 0.01464444526 0.01528965405 0.01694355143 0.01145242151 0.01311613488 0.01118371512 0.01364781038 0.01214568684 0.01512212111 0.01617823281 0.01599131234 0.01356216342 3.83249139965 0.01419806699 0.01498873982 0.01338181143 0.01248979918 0.01478303368 0.01225544801 0.0 0.0 0.0 0.0 0.0 0.0 0.0 0.0 0.0 0.0
0.0 0.0 0.0 0.0 0.0 0.0 0.0 0.0 0.0 0.0 0.0 0.0 0.0 0.0 0.0 0.0 0.0 0.0 0.0 0.0 0.0 0.0 0.0 0.0 0.0 0.0 0.0 0.0 0.0 0.0 0.0 0.0 0.0 0.0 0.0 0.0 0.0 0.0 0.0 0.01410102348 0.01304657418 0.0129578458 0.01304013346 0.01354943791 0.01381539738 0.01420908792 0.01201972467 0.01291230191 0.01190564465 0.01318352531 0.0123839913 0.01374136936 0.01408889931 0.01394244371 0.0131222576 0.01419806699 0.735643560797 0.01372242507 0.01298743661 0.01253597645 0.01361191955 0.0124811007 0.0 0.0 0.0 0.0 0.0 0.0 0.0 0.0 0.0 0.0
0.0 0.0 0.0 0.0 0.0 0.0 0.0 0.0 0.0 0.0 0.0 0.0 0.0 0.0 0.0 0.0 0.0 0.0 0.0 0.0 0.0 0.0 0.0 0.0 0.0 0.0 0.0 0.0 0.0 0.0 0.0 0.0 0.0 0.0 0.0 0.0 0.0 0.0 0.0 0.01479761404 0.01314931374 0.013025114 0.01318311224 0.01400245008 0.01440869827 0.01501481381 0.01178930251 0.01299858988 0.01161363024 0.01339800825 0.01231632594 0.01430287019 0.01485312754 0.01459571617 0.01332754036 0.01498873982 0.01372242507 0.566402303675 0.0131539383 0.01246091264 0.01407448012 0.01240739845 0.0 0.0 0.0 0.0 0.0 0.0 0.0 0.0 0.0 0.0
0.0 0.0 0.0 0.0 0.0 0.0 0.0 0.0 0.0 0.0 0.0 0.0 0.0 0.0 0.0 0.0 0.0 0.0 0.0 0.0 0.0 0.0 0.0 0.0 0.0 0.0 0.0 0.0 0.0 0.0 0.0 0.0 0.0 0.0 0.0 0.0 0.0 0.0 0.0 0.01324686514 0.01280804242 0.01268285358 0.01279987933 0.0131632891 0.01320614204 0.01341327729 0.01238072457 0.01283449799 0.01221195998 0.0129069268 0.01257758667 0.01319445579 0.01333702184 0.01334295878 0.01290364837 0.01338181143 0.01298743661 0.0131539383 0.568670434207 0.01288522114 0.01317731502 0.01260707356 0.0 0.0 0.0 0.0 0.0 0.0 0.0 0.0 0.0 0.0
0.0 0.0 0.0 0.0 0.0 0.0 0.0 0.0 0.0 0.0 0.0 0.0 0.0 0.0 0.0 0.0 0.0 0.0 0.0 0.0 0.0 0.0 0.0 0.0 0.0 0.0 0.0 0.0 0.0 0.0 0.0 0.0 0.0 0.0 0.0 0.0 0.0 0.0 0.0 0.01237105394 0.01256684482 0.01242738694 0.01253184765 0.01265746275 0.01246605924 0.01249200855 0.01282370756 0.01265612959 0.01263091377 0.01254666007 0.01272202428 0.01253415639 0.01245310998 0.0126754309 0.01258081957 0.01248979918 0.01253597645 0.01246091264 0.01288522114 0.456844373925 0.0126408791 0.01267349744 0.0 0.0 0.0 0.0 0.0 0.0 0.0 0.0 0.0 0.0
0.0 0.0 0.0 0.0 0.0 0.0 0.0 0.0 0.0 0.0 0.0 0.0 0.0 0.0 0.0 0.0 0.0 0.0 0.0 0.0 0.0 0.0 0.0 0.0 0.0 0.0 0.0 0.0 0.0 0.0 0.0 0.0 0.0 0.0 0.0 0.0 0.0 0.0 0.0 0.01454128893 0.01310533336 0.01295375173 0.01312990913 0.01390777154 0.01422042478 0.01481720489 0.01190548554 0.01299363709 0.0117070998 0.01332035737 0.01236910888 0.01415536628 0.01462554127 0.01447997135 0.01326972572 0.01478303368 0.01361191955 0.01407448012 0.01317731502 0.0126408791 1.03470674745 0.0124357475 0.0 0.0 0.0 0.0 0.0 0.0 0.0 0.0 0.0 0.0
0.0 0.0 0.0 0.0 0.0 0.0 0.0 0.0 0.0 0.0 0.0 0.0 0.0 0.0 0.0 0.0 0.0 0.0 0.0 0.0 0.0 0.0 0.0 0.0 0.0 0.0 0.0 0.0 0.0 0.0 0.0 0.0 0.0 0.0 0.0 0.0 0.0 0.0 0.0 0.012300011 0.01256047075 0.01256205348 0.01254921316 0.01244996873 0.0123791737 0.01224797616 0.01267058357 0.0125994582 0.01265695298 0.01254531036 0.01265451522 0.0123931954 0.0122985606 0.01231691474 0.01254938657 0.01225544801 0.0124811007 0.01240739845 0.01260707356 0.01267349744 0.0124357475 0.759285017412 0.0 0.0 0.0 0.0 0.0 0.0 0.0 0.0 0.0 0.0
0.0 0.0 0.0 0.0 0.0 0.0 0.0 0.0 0.0 0.0 0.0 0.0 0.0 0.0 0.0 0.0 0.0 0.0 0.0 0.0 0.0 0.0 0.0 0.0 0.0 0.0 0.0 0.0 0.0 0.0 0.0 0.0 0.0 0.0 0.0 0.0 0.0 0.0 0.0 0.0 0.0 0.0 0.0 0.0 0.0 0.0 0.0 0.0 0.0 0.0 0.0 0.0 0.0 0.0 0.0 0.0 0.0 0.0 0.0 0.0 0.0 0.0 0.158012703016 0.01255767276 0.0124706101 0.01298495149 0.01304712414 0.01301989501 0.01221218403 0.01292622597 0.01217896739 0.01260846436
0.0 0.0 0.0 0.0 0.0 0.0 0.0 0.0 0.0 0.0 0.0 0.0 0.0 0.0 0.0 0.0 0.0 0.0 0.0 0.0 0.0 0.0 0.0 0.0 0.0 0.0 0.0 0.0 0.0 0.0 0.0 0.0 0.0 0.0 0.0 0.0 0.0 0.0 0.0 0.0 0.0 0.0 0.0 0.0 0.0 0.0 0.0 0.0 0.0 0.0 0.0 0.0 0.0 0.0 0.0 0.0 0.0 0.0 0.0 0.0 0.0 0.0 0.01255767276 0.416160425716 0.01477779788 0.01354672898 0.01329123691 0.01337166422 0.01541270586 0.01349371573 0.01549584181 0.01444621158
0.0 0.0 0.0 0.0 0.0 0.0 0.0 0.0 0.0 0.0 0.0 0.0 0.0 0.0 0.0 0.0 0.0 0.0 0.0 0.0 0.0 0.0 0.0 0.0 0.0 0.0 0.0 0.0 0.0 0.0 0.0 0.0 0.0 0.0 0.0 0.0 0.0 0.0 0.0 0.0 0.0 0.0 0.0 0.0 0.0 0.0 0.0 0.0 0.0 0.0 0.0 0.0 0.0 0.0 0.0 0.0 0.0 0.0 0.0 0.0 0.0 0.0 0.0124706101 0.01477779788 0.274110537449 0.01370489338 0.01330316698 0.01344370986 0.01586122285 0.01345907987 0.01601466235 0.01475290133
0.0 0.0 0.0 0.0 0.0 0.0 0.0 0.0 0.0 0.0 0.0 0.0 0.0 0.0 0.0 0.0 0.0 0.0 0.0 0.0 0.0 0.0 0.0 0.0 0.0 0.0 0.0 0.0 0.0 0.0 0.0 0.0 0.0 0.0 0.0 0.0 0.0 0.0 0.0 0.0 0.0 0.0 0.0 0.0 0.0 0.0 0.0 0.0 0.0 0.0 0.0 0.0 0.0 0.0 0.0 0.0 0.0 0.0 0.0 0.0 0.0 0.0 0.01298495149 0.01354672898 0.01370489338 0.218965811004 0.01325414908 0.01341160949 0.01367974128 0.01302387806 0.01379278676 0.01375766698
0.0 0.0 0.0 0.0 0.0 0.0 0.0 0.0 0.0 0.0 0.0 0.0 0.0 0.0 0.0 0.0 0.0 0.0 0.0 0.0 0.0 0.0 0.0 0.0 0.0 0.0 0.0 0.0 0.0 0.0 0.0 0.0 0.0 0.0 0.0 0.0 0.0 0.0 0.0 0.0 0.0 0.0 0.0 0.0 0.0 0.0 0.0 0.0 0.0 0.0 0.0 0.0 0.0 0.0 0.0 0.0 0.0 0.0 0.0 0.0 0.0 0.0 0.01304712414 0.01329123691 0.01330316698 0.01325414908 0.206977269395 0.01321845851 0.01328220221 0.01315703621 0.013290119 0.01331363989
0.0 0.0 0.0 0.0 0.0 0.0 0.0 0.0 0.0 0.0 0.0 0.0 0.0 0.0 0.0 0.0 0.0 0.0 0.0 0.0 0.0 0.0 0.0 0.0 0.0 0.0 0.0 0.0 0.0 0.0 0.0 0.0 0.0 0.0 0.0 0.0 0.0 0.0 0.0 0.0 0.0 0.0 0.0 0.0 0.0 0.0 0.0 0.0 0.0 0.0 0.0 0.0 0.0 0.0 0.0 0.0 0.0 0.0 0.0 0.0 0.0 0.0 0.01301989501 0.01337166422 0.01344370986 0.01341160949 0.01321845851 0.261622319063 0.01341158687 0.01306201247 0.01346138863 0.0134855535
0.0 0.0 0.0 0.0 0.0 0.0 0.0 0.0 0.0 0.0 0.0 0.0 0.0 0.0 0.0 0.0 0.0 0.0 0.0 0.0 0.0 0.0 0.0 0.0 0.0 0.0 0.0 0.0 0.0 0.0 0.0 0.0 0.0 0.0 0.0 0.0 0.0 0.0 0.0 0.0 0.0 0.0 0.0 0.0 0.0 0.0 0.0 0.0 0.0 0.0 0.0 0.0 0.0 0.0 0.0 0.0 0.0 0.0 0.0 0.0 0.0 0.0 0.01221218403 0.01541270586 0.01586122285 0.01367974128 0.01328220221 0.01341158687 0.561775631948 0.01364774433 0.01737072529 0.01520929825
0.0 0.0 0.0 0.0 0.0 0.0 0.0 0.0 0.0 0.0 0.0 0.0 0.0 0.0 0.0 0.0 0.0 0.0 0.0 0.0 0.0 0.0 0.0 0.0 0.0 0.0 0.0 0.0 0.0 0.0 0.0 0.0 0.0 0.0 0.0 0.0 0.0 0.0 0.0 0.0 0.0 0.0 0.0 0.0 0.0 0.0 0.0 0.0 0.0 0.0 0.0 0.0 0.0 0.0 0.0 0.0 0.0 0.0 0.0 0.0 0.0 0.0 0.01292622597 0.01349371573 0.01345907987 0.01302387806 0.01315703621 0.01306201247 0.01364774433 0.291590071836 0.01360240399 0.01331852197
0.0 0.0 0.0 0.0 0.0 0.0 0.0 0.0 0.0 0.0 0.0 0.0 0.0 0.0 0.0 0.0 0.0 0.0 0.0 0.0 0.0 0.0 0.0 0.0 0.0 0.0 0.0 0.0 0.0 0.0 0.0 0.0 0.0 0.0 0.0 0.0 0.0 0.0 0.0 0.0 0.0 0.0 0.0 0.0 0.0 0.0 0.0 0.0 0.0 0.0 0.0 0.0 0.0 0.0 0.0 0.0 0.0 0.0 0.0 0.0 0.0 0.0 0.01217896739 0.01549584181 0.01601466235 0.01379278676 0.013290119 0.01346138863 0.01737072529 0.01360240399 0.636067726908 0.01536831806
0.0 0.0 0.0 0.0 0.0 0.0 0.0 0.0 0.0 0.0 0.0 0.0 0.0 0.0 0.0 0.0 0.0 0.0 0.0 0.0 0.0 0.0 0.0 0.0 0.0 0.0 0.0 0.0 0.0 0.0 0.0 0.0 0.0 0.0 0.0 0.0 0.0 0.0 0.0 0.0 0.0 0.0 0.0 0.0 0.0 0.0 0.0 0.0 0.0 0.0 0.0 0.0 0.0 0.0 0.0 0.0 0.0 0.0 0.0 0.0 0.0 0.0 0.01260846436 0.01444621158 0.01475290133 0.01375766698 0.01331363989 0.0134855535 0.01520929825 0.01331852197 0.01536831806 0.443793241956
