82 82
0.165287135207 0.0138893712 0.01386206325 0.01519523232 0.01452073339 0.01403639292 0.01352177925 0.01343474852 0.01413354075 0.01500804672 0.016094652 0.0145366995 0.01396113908 0.01512366062 0.01361481357 0.01401679099 0.01399177495 0.01587738908 0.01368665323 0.0156142929 0.0 0.0 0.0 0.0 0.0 0.0 0.0 0.0 0.0 0.0 0.0 0.0 0.0 0.0 0.0 0.0 0.0 0.0 0.0 0.0 0.0 0.0 0.0 0.0 0.0 0.0 0.0 0.0 0.0 0.0 0.0 0.0 0.0 0.0 0.0 0.0 0.0 0.0 0.0 0.0 0.0 0.0 0.0 0.0 0.0 0.0 0.0 0.0 0.0 0.0 0.0 0.0 0.0 0.0 0.0 0.0 0.0 0.0 0.0 0.0 0.0 0.0
0.0138893712 0.348900923199 0.01560255374 0.01433775312 0.01514114775 0.01542350138 0.01634500579 0.01610509186 0.0152353898 0.01441462165 0.01373145099 0.01508667853 0.01552500416 0.01425297378 0.01599632281 0.0153210486 0.01559954652 0.01381317982 0.01608435571 0.014065108 0.0 0.0 0.0 0.0 0.0 0.0 0.0 0.0 0.0 0.0 0.0 0.0 0.0 0.0 0.0 0.0 0.0 0.0 0.0 0.0 0.0 0.0 0.0 0.0 0.0 0.0 0.0 0.0 0.0 0.0 0.0 0.0 0.0 0.0 0.0 0.0 0.0 0.0 0.0 0.0 0.0 0.0 0.0 0.0 0.0 0.0 0.0 0.0 0.0 0.0 0.0 0.0 0.0 0.0 0.0 0.0 0.0 0.0 0.0 0.0 0.0 0.0
0.01386206325 0.01560255374 0.379849221212 0.01432462298 0.01496682293 0.01538076092 0.01596708432 0.01601076758 0.01525399494 0.01445434378 0.01368089556 0.01492083159 0.01544092641 0.01431776382 0.01585317259 0.01536751733 0.01545201912 0.01380097354 0.01579336097 0.01399667248 0.0 0.0 0.0 0.0 0.0 0.0 0.0 0.0 0.0 0.0 0.0 0.0 0.0 0.0 0.0 0.0 0.0 0.0 0.0 0.0 0.0 0.0 0.0 0.0 0.0 0.0 0.0 0.0 0.0 0.0 0.0 0.0 0.0 0.0 0.0 0.0 0.0 0.0 0.0 0.0 0.0 0.0 0.0 0.0 0.0 0.0 0.0 0.0 0.0 0.0 0.0 0.0 0.0 0.0 0.0 0.0 0.0 0.0 0.0 0.0 0.0 0.0
0.01519523232 0.01433775312 0.01432462298 0.210277805802 0.01467900992 0.01442641613 0.01416649251 0.01408795159 0.01448205058 0.01488815988 0.0152651783 0.0146767576 0.01435707303 0.01494216309 0.01418825812 0.01442797598 0.01440679352 0.01528267048 0.01424141786 0.01516873189 0.0 0.0 0.0 0.0 0.0 0.0 0.0 0.0 0.0 0.0 0.0 0.0 0.0 0.0 0.0 0.0 0.0 0.0 0.0 0.0 0.0 0.0 0.0 0.0 0.0 0.0 0.0 0.0 0.0 0.0 0.0 0.0 0.0 0.0 0.0 0.0 0.0 0.0 0.0 0.0 0.0 0.0 0.0 0.0 0.0 0.0 0.0 0.0 0.0 0.0 0.0 0.0 0.0 0.0 0.0 0.0 0.0 0.0 0.0 0.0 0.0 0.0
0.01452073339 0.01514114775 0.01496682293 0.01467900992 0.289087926138 0.01493751885 0.01528447505 0.01507592787 0.0148726607 0.01468167289 0.0145067464 0.01495512742 0.01496809763 0.01460163738 0.0150994249 0.01486705211 0.01505148111 0.01451575886 0.01522207822 0.0145976628 0.0 0.0 0.0 0.0 0.0 0.0 0.0 0.0 0.0 0.0 0.0 0.0 0.0 0.0 0.0 0.0 0.0 0.0 0.0 0.0 0.0 0.0 0.0 0.0 0.0 0.0 0.0 0.0 0.0 0.0 0.0 0.0 0.0 0.0 0.0 0.0 0.0 0.0 0.0 0.0 0.0 0.0 0.0 0.0 0.0 0.0 0.0 0.0 0.0 0.0 0.0 0.0 0.0 0.0 0.0 0.0 0.0 0.0 0.0 0.0 0.0 0.0
0.01403639292 0.01542350138 0.01538076092 0.01442641613 0.01493751885 0.351662644771 0.01573072929 0.01573083401 0.01515438667 0.0145146553 0.01388869985 0.01489369013 0.01527778023 0.01440808421 0.01560720159 0.01524068033 0.01530863828 0.01401010501 0.01556696196 0.01416753187 0.0 0.0 0.0 0.0 0.0 0.0 0.0 0.0 0.0 0.0 0.0 0.0 0.0 0.0 0.0 0.0 0.0 0.0 0.0 0.0 0.0 0.0 0.0 0.0 0.0 0.0 0.0 0.0 0.0 0.0 0.0 0.0 0.0 0.0 0.0 0.0 0.0 0.0 0.0 0.0 0.0 0.0 0.0 0.0 0.0 0.0 0.0 0.0 0.0 0.0 0.0 0.0 0.0 0.0 0.0 0.0 0.0 0.0 0.0 0.0 0.0 0.0
0.01352177925 0.01634500579 0.01596708432 0.01416649251 0.01528447505 0.01573072929 7.06447003494 0.01738932265 0.01536593067 0.01429958648 0.0133744276 0.01522597528 0.01587947143 0.01405104103 0.01671301243 0.01547069227 0.01595709972 0.01342567506 0.01672009847 0.01376239431 0.0 0.0 0.0 0.0 0.0 0.0 0.0 0.0 0.0 0.0 0.0 0.0 0.0 0.0 0.0 0.0 0.0 0.0 0.0 0.0 0.0 0.0 0.0 0.0 0.0 0.0 0.0 0.0 0.0 0.0 0.0 0.0 0.0 0.0 0.0 0.0 0.0 0.0 0.0 0.0 0.0 0.0 0.0 0.0 0.0 0.0 0.0 0.0 0.0 0.0 0.0 0.0 0.0 0.0 0.0 0.0 0.0 0.0 0.0 0.0 0.0 0.0
0.01343474852 0.01610509186 0.01601076758 0.01408795159 0.01507592787 0.01573083401 0.01738932265 1.65882611337 0.01544524145 0.01428758521 0.01321732912 0.01502131577 0.01589036153 0.01408718615 0.01665172701 0.01561235248 0.01585120742 0.01334560997 0.01650619517 0.01361878658 0.0 0.0 0.0 0.0 0.0 0.0 0.0 0.0 0.0 0.0 0.0 0.0 0.0 0.0 0.0 0.0 0.0 0.0 0.0 0.0 0.0 0.0 0.0 0.0 0.0 0.0 0.0 0.0 0.0 0.0 0.0 0.0 0.0 0.0 0.0 0.0 0.0 0.0 0.0 0.0 0.0 0.0 0.0 0.0 0.0 0.0 0.0 0.0 0.0 0.0 0.0 0.0 0.0 0.0 0.0 0.0 0.0 0.0 0.0 0.0 0.0 0.0
0.01413354075 0.0152353898 0.01525399494 0.01448205058 0.0148726607 0.01515438667 0.01536593067 0.01544524145 0.815603259424 0.01457379617 0.01399036588 0.01484157481 0.01515421832 0.01448996651 0.01537953177 0.01517856335 0.01517607624 0.01411349909 0.0153258167 0.01424164464 0.0 0.0 0.0 0.0 0.0 0.0 0.0 0.0 0.0 0.0 0.0 0.0 0.0 0.0 0.0 0.0 0.0 0.0 0.0 0.0 0.0 0.0 0.0 0.0 0.0 0.0 0.0 0.0 0.0 0.0 0.0 0.0 0.0 0.0 0.0 0.0 0.0 0.0 0.0 0.0 0.0 0.0 0.0 0.0 0.0 0.0 0.0 0.0 0.0 0.0 0.0 0.0 0.0 0.0 0.0 0.0 0.0 0.0 0.0 0.0 0.0 0.0
0.01500804672 0.01441462165 0.01445434378 0.01488815988 0.01468167289 0.0145146553 0.01429958648 0.01428758521 0.01457379617 0.28208826206 0.01507584227 0.01472088329 0.01452178804 0.01494640241 0.01433860609 0.01451199932 0.01449750373 0.01497895532 0.01436018733 0.01493235566 0.0 0.0 0.0 0.0 0.0 0.0 0.0 0.0 0.0 0.0 0.0 0.0 0.0 0.0 0.0 0.0 0.0 0.0 0.0 0.0 0.0 0.0 0.0 0.0 0.0 0.0 0.0 0.0 0.0 0.0 0.0 0.0 0.0 0.0 0.0 0.0 0.0 0.0 0.0 0.0 0.0 0.0 0.0 0.0 0.0 0.0 0.0 0.0 0.0 0.0 0.0 0.0 0.0 0.0 0.0 0.0 0.0 0.0 0.0 0.0 0.0 0.0
0.016094652 0.01373145099 0.01368089556 0.0152651783 0.0145067464 0.01388869985 0.0133744276 0.01321732912 0.01399036588 0.01507584227 0.196989645263 0.01453702569 0.0138524262 0.01522159151 0.01341218982 0.01383901093 0.01385199747 0.01606118789 0.01353296806 0.01577243133 0.0 0.0 0.0 0.0 0.0 0.0 0.0 0.0 0.0 0.0 0.0 0.0 0.0 0.0 0.0 0.0 0.0 0.0 0.0 0.0 0.0 0.0 0.0 0.0 0.0 0.0 0.0 0.0 0.0 0.0 0.0 0.0 0.0 0.0 0.0 0.0 0.0 0.0 0.0 0.0 0.0 0.0 0.0 0.0 0.0 0.0 0.0 0.0 0.0 0.0 0.0 0.0 0.0 0.0 0.0 0.0 0.0 0.0 0.0 0.0 0.0 0.0
0.0145366995 0.01508667853 0.01492083159 0.0146767576 0.01495512742 0.01489369013 0.01522597528 0.01502131577 0.01484157481 0.01472088329 0.01453702569 0.342838424354 0.0149607259 0.01465818022 0.01502984006 0.01481935887 0.01499934148 0.01449053205 0.01515033261 0.0145991073 0.0 0.0 0.0 0.0 0.0 0.0 0.0 0.0 0.0 0.0 0.0 0.0 0.0 0.0 0.0 0.0 0.0 0.0 0.0 0.0 0.0 0.0 0.0 0.0 0.0 0.0 0.0 0.0 0.0 0.0 0.0 0.0 0.0 0.0 0.0 0.0 0.0 0.0 0.0 0.0 0.0 0.0 0.0 0.0 0.0 0.0 0.0 0.0 0.0 0.0 0.0 0.0 0.0 0.0 0.0 0.0 0.0 0.0 0.0 0.0 0.0 0.0
0.01396113908 0.01552500416 0.01544092641 0.01435707303 0.01496809763 0.01527778023 0.01587947143 0.01589036153 0.01515421832 0.01452178804 0.0138524262 0.0149607259 0.686314027076 0.01441457689 0.01573160745 0.01522485507 0.01537427358 0.01387688939 0.01574433332 0.0140671244 0.0 0.0 0.0 0.0 0.0 0.0 0.0 0.0 0.0 0.0 0.0 0.0 0.0 0.0 0.0 0.0 0.0 0.0 0.0 0.0 0.0 0.0 0.0 0.0 0.0 0.0 0.0 0.0 0.0 0.0 0.0 0.0 0.0 0.0 0.0 0.0 0.0 0.0 0.0 0.0 0.0 0.0 0.0 0.0 0.0 0.0 0.0 0.0 0.0 0.0 0.0 0.0 0.0 0.0 0.0 0.0 0.0 0.0 0.0 0.0 0.0 0.0
0.01512366062 0.01425297378 0.01431776382 0.01494216309 0.01460163738 0.01440808421 0.01405104103 0.01408718615 0.01448996651 0.01494640241 0.01522159151 0.01465818022 0.01441457689 0.381723913526 0.01414567781 0.01442335398 0.01435416698 0.01513756984 0.01416389757 0.01506909329 0.0 0.0 0.0 0.0 0.0 0.0 0.0 0.0 0.0 0.0 0.0 0.0 0.0 0.0 0.0 0.0 0.0 0.0 0.0 0.0 0.0 0.0 0.0 0.0 0.0 0.0 0.0 0.0 0.0 0.0 0.0 0.0 0.0 0.0 0.0 0.0 0.0 0.0 0.0 0.0 0.0 0.0 0.0 0.0 0.0 0.0 0.0 0.0 0.0 0.0 0.0 0.0 0.0 0.0 0.0 0.0 0.0 0.0 0.0 0.0 0.0 0.0
0.01361481357 0.01599632281 0.01585317259 0.01418825812 0.0150994249 0.01560720159 0.01671301243 0.01665172701 0.01537953177 0.01433860609 0.01341218982 0.01502984006 0.01573160745 0.01414567781 0.692647489197 0.01552190186 0.01574765874 0.0135347785 0.01631936999 0.01378762313 0.0 0.0 0.0 0.0 0.0 0.0 0.0 0.0 0.0 0.0 0.0 0.0 0.0 0.0 0.0 0.0 0.0 0.0 0.0 0.0 0.0 0.0 0.0 0.0 0.0 0.0 0.0 0.0 0.0 0.0 0.0 0.0 0.0 0.0 0.0 0.0 0.0 0.0 0.0 0.0 0.0 0.0 0.0 0.0 0.0 0.0 0.0 0.0 0.0 0.0 0.0 0.0 0.0 0.0 0.0 0.0 0.0 0.0 0.0 0.0 0.0 0.0
0.01401679099 0.0153210486 0.01536751733 0.01442797598 0.01486705211 0.01524068033 0.01547069227 0.01561235248 0.01517856335 0.01451199932 0.01383901093 0.01481935887 0.01522485507 0.01442335398 0.01552190186 0.458798974848 0.01525073915 0.01401013309 0.01543083009 0.01415631863 0.0 0.0 0.0 0.0 0.0 0.0 0.0 0.0 0.0 0.0 0.0 0.0 0.0 0.0 0.0 0.0 0.0 0.0 0.0 0.0 0.0 0.0 0.0 0.0 0.0 0.0 0.0 0.0 0.0 0.0 0.0 0.0 0.0 0.0 0.0 0.0 0.0 0.0 0.0 0.0 0.0 0.0 0.0 0.0 0.0 0.0 0.0 0.0 0.0 0.0 0.0 0.0 0.0 0.0 0.0 0.0 0.0 0.0 0.0 0.0 0.0 0.0
0.01399177495 0.01559954652 0.01545201912 0.01440679352 0.01505148111 0.01530863828 0.01595709972 0.01585120742 0.01517607624 0.01449750373 0.01385199747 0.01499934148 0.01537427358 0.01435416698 0.01574765874 0.01525073915 0.427305646202 0.01393966964 0.01578184092 0.01413454678 0.0 0.0 0.0 0.0 0.0 0.0 0.0 0.0 0.0 0.0 0.0 0.0 0.0 0.0 0.0 0.0 0.0 0.0 0.0 0.0 0.0 0.0 0.0 0.0 0.0 0.0 0.0 0.0 0.0 0.0 0.0 0.0 0.0 0.0 0.0 0.0 0.0 0.0 0.0 0.0 0.0 0.0 0.0 0.0 0.0 0.0 0.0 0.0 0.0 0.0 0.0 0.0 0.0 0.0 0.0 0.0 0.0 0.0 0.0 0.0 0.0 0.0
0.01587738908 0.01381317982 0.01380097354 0.01528267048 0.01451575886 0.01401010501 0.01342567506 0.01334560997 0.01411349909 0.01497895532 0.01606118789 0.01449053205 0.01387688939 0.01513756984 0.0135347785 0.01401013309 0.01393966964 0.155083357618 0.01361426947 0.01574650649 0.0 0.0 0.0 0.0 0.0 0.0 0.0 0.0 0.0 0.0 0.0 0.0 0.0 0.0 0.0 0.0 0.0 0.0 0.0 0.0 0.0 0.0 0.0 0.0 0.0 0.0 0.0 0.0 0.0 0.0 0.0 0.0 0.0 0.0 0.0 0.0 0.0 0.0 0.0 0.0 0.0 0.0 0.0 0.0 0.0 0.0 0.0 0.0 0.0 0.0 0.0 0.0 0.0 0.0 0.0 0.0 0.0 0.0 0.0 0.0 0.0 0.0
0.01368665323 0.01608435571 0.01579336097 0.01424141786 0.01522207822 0.01556696196 0.01672009847 0.01650619517 0.0153258167 0.01436018733 0.01353296806 0.01515033261 0.01574433332 0.01416389757 0.01631936999 0.01543083009 0.01578184092 0.01361426947 1.49892535852 0.01388395871 0.0 0.0 0.0 0.0 0.0 0.0 0.0 0.0 0.0 0.0 0.0 0.0 0.0 0.0 0.0 0.0 0.0 0.0 0.0 0.0 0.0 0.0 0.0 0.0 0.0 0.0 0.0 0.0 0.0 0.0 0.0 0.0 0.0 0.0 0.0 0.0 0.0 0.0 0.0 0.0 0.0 0.0 0.0 0.0 0.0 0.0 0.0 0.0 0.0 0.0 0.0 0.0 0.0 0.0 0.0 0.0 0.0 0.0 0.0 0.0 0.0 0.0
0.0156142929 0.014065108 0.01399667248 0.01516873189 0.0145976628 0.01416753187 0.01376239431 0.01361878658 0.01424164464 0.01493235566 0.01577243133 0.0145991073 0.0140671244 0.01506909329 0.01378762313 0.01415631863 0.01413454678 0.01574650649 0.01388395871 0.176882037272 0.0 0.0 0.0 0.0 0.0 0.0 0.0 0.0 0.0 0.0 0.0 0.0 0.0 0.0 0.0 0.0 0.0 0.0 0.0 0.0 0.0 0.0 0.0 0.0 0.0 0.0 0.0 0.0 0.0 0.0 0.0 0.0 0.0 0.0 0.0 0.0 0.0 0.0 0.0 0.0 0.0 0.0 0.0 0.0 0.0 0.0 0.0 0.0 0.0 0.0 0.0 0.0 0.0 0.0 0.0 0.0 0.0 0.0 0.0 0.0 0.0 0.0
0.0 0.0 0.0 0.0 0.0 0.0 0.0 0.0 0.0 0.0 0.0 0.0 0.0 0.0 0.0 0.0 0.0 0.0 0.0 0.0 0.179622458406 0.005640373305 0.005712839398 0.006275712346 0.006855027986 0.005528609012 0.006108388858 0.005586267015 0.00523959093 0.005957488873 0.006424842369 0.006609698288 0.006394167625 0.006752478172 0.005983524013 0.006261323421 0.006471647534 0.006597425691 0.005638117346 0.005748875808 0.005764966444 0.006748436929 0.005570984969 0.006246976059 0.0 0.0 0.0 0.0 0.0 0.0 0.0 0.0 0.0 0.0 0.0 0.0 0.0 0.0 0.0 0.0 0.0 0.0 0.0 0.0 0.0 0.0 0.0 0.0 0.0 0.0 0.0 0.0 0.0 0.0 0.0 0.0 0.0 0.0 0.0 0.0 0.0 0.0
0.0 0.0 0.0 0.0 0.0 0.0 0.0 0.0 0.0 0.0 0.0 0.0 0.0 0.0 0.0 0.0 0.0 0.0 0.0 0.0 0.005640373305 0.23663839471 0.006512074587 0.005967310482 0.005584586023 0.00672678585 0.006127332358 0.006667889636 0.007158595263 0.006277858759 0.005858743207 0.005726902318 0.005900862487 0.005609020879 0.006258910089 0.006009602641 0.005820724779 0.005690800437 0.006568927098 0.006500303315 0.006494972853 0.005636051298 0.006720329707 0.006013385797 0.0 0.0 0.0 0.0 0.0 0.0 0.0 0.0 0.0 0.0 0.0 0.0 0.0 0.0 0.0 0.0 0.0 0.0 0.0 0.0 0.0 0.0 0.0 0.0 0.0 0.0 0.0 0.0 0.0 0.0 0.0 0.0 0.0 0.0 0.0 0.0 0.0 0.0
0.0 0.0 0.0 0.0 0.0 0.0 0.0 0.0 0.0 0.0 0.0 0.0 0.0 0.0 0.0 0.0 0.0 0.0 0.0 0.0 0.005712839398 0.006512074587 0.460411761603 0.006012500513 0.005665309018 0.006597506091 0.006136225571 0.006555225171 0.006842234762 0.006254904068 0.00590524283 0.005798627756 0.005943337868 0.005703637345 0.006236596347 0.006042546573 0.005879814898 0.005773699956 0.006500079848 0.006423662274 0.006412757527 0.005707213685 0.006567733989 0.006034875679 0.0 0.0 0.0 0.0 0.0 0.0 0.0 0.0 0.0 0.0 0.0 0.0 0.0 0.0 0.0 0.0 0.0 0.0 0.0 0.0 0.0 0.0 0.0 0.0 0.0 0.0 0.0 0.0 0.0 0.0 0.0 0.0 0.0 0.0 0.0 0.0 0.0 0.0
0.0 0.0 0.0 0.0 0.0 0.0 0.0 0.0 0.0 0.0 0.0 0.0 0.0 0.0 0.0 0.0 0.0 0.0 0.0 0.0 0.006275712346 0.005967310482 0.006012500513 0.155161967516 0.006290296147 0.005924917762 0.006153775355 0.005945832489 0.005749186106 0.006101020518 0.006237187683 0.006260639465 0.006213946656 0.006289689628 0.006098899457 0.006187640044 0.006239670293 0.006284927709 0.005990325586 0.006019535882 0.006019864136 0.006282540068 0.005930026614 0.006192615327 0.0 0.0 0.0 0.0 0.0 0.0 0.0 0.0 0.0 0.0 0.0 0.0 0.0 0.0 0.0 0.0 0.0 0.0 0.0 0.0 0.0 0.0 0.0 0.0 0.0 0.0 0.0 0.0 0.0 0.0 0.0 0.0 0.0 0.0 0.0 0.0 0.0 0.0
0.0 0.0 0.0 0.0 0.0 0.0 0.0 0.0 0.0 0.0 0.0 0.0 0.0 0.0 0.0 0.0 0.0 0.0 0.0 0.0 0.006855027986 0.005584586023 0.005665309018 0.006290296147 0.131389316758 0.005463648157 0.006093550796 0.005530082879 0.005166420295 0.005927178361 0.006441005967 0.006677869396 0.00643433152 0.006844396046 0.005955630178 0.006294285295 0.006513727744 0.00662609127 0.005582126973 0.005710855133 0.005723728245 0.006812109346 0.005507897512 0.006246106957 0.0 0.0 0.0 0.0 0.0 0.0 0.0 0.0 0.0 0.0 0.0 0.0 0.0 0.0 0.0 0.0 0.0 0.0 0.0 0.0 0.0 0.0 0.0 0.0 0.0 0.0 0.0 0.0 0.0 0.0 0.0 0.0 0.0 0.0 0.0 0.0 0.0 0.0
0.0 0.0 0.0 0.0 0.0 0.0 0.0 0.0 0.0 0.0 0.0 0.0 0.0 0.0 0.0 0.0 0.0 0.0 0.0 0.0 0.005528609012 0.00672678585 0.006597506091 0.005924917762 0.005463648157 0.878511156477 0.006111287461 0.006791109982 0.007356384433 0.00628993744 0.005786220963 0.005627889532 0.005834953897 0.00549918136 0.006274833844 0.005969722769 0.005739182665 0.005603227491 0.006691844007 0.006565410745 0.006555586454 0.005525421854 0.00683938741 0.005973791796 0.0 0.0 0.0 0.0 0.0 0.0 0.0 0.0 0.0 0.0 0.0 0.0 0.0 0.0 0.0 0.0 0.0 0.0 0.0 0.0 0.0 0.0 0.0 0.0 0.0 0.0 0.0 0.0 0.0 0.0 0.0 0.0 0.0 0.0 0.0 0.0 0.0 0.0
0.0 0.0 0.0 0.0 0.0 0.0 0.0 0.0 0.0 0.0 0.0 0.0 0.0 0.0 0.0 0.0 0.0 0.0 0.0 0.0 0.006108388858 0.006127332358 0.006136225571 0.006153775355 0.006093550796 0.006111287461 0.230849188528 0.006117295596 0.006068381994 0.006159190519 0.006153412924 0.006128461737 0.006141240381 0.006112770902 0.006149497972 0.006142761997 0.006144070289 0.006141327355 0.006128768751 0.00613651677 0.006138339985 0.006118363719 0.006119394771 0.006156836141 0.0 0.0 0.0 0.0 0.0 0.0 0.0 0.0 0.0 0.0 0.0 0.0 0.0 0.0 0.0 0.0 0.0 0.0 0.0 0.0 0.0 0.0 0.0 0.0 0.0 0.0 0.0 0.0 0.0 0.0 0.0 0.0 0.0 0.0 0.0 0.0 0.0 0.0
0.0 0.0 0.0 0.0 0.0 0.0 0.0 0.0 0.0 0.0 0.0 0.0 0.0 0.0 0.0 0.0 0.0 0.0 0.0 0.0 0.005586267015 0.006667889636 0.006555225171 0.005945832489 0.005530082879 0.006791109982 0.006117295596 0.275216332595 0.007232717131 0.006283675961 0.005812651376 0.005685243012 0.005871854047 0.005562732073 0.006263920517 0.005999371892 0.00578378865 0.005632935076 0.006622464709 0.00653118255 0.006518734955 0.005571298967 0.006759053952 0.005981929313 0.0 0.0 0.0 0.0 0.0 0.0 0.0 0.0 0.0 0.0 0.0 0.0 0.0 0.0 0.0 0.0 0.0 0.0 0.0 0.0 0.0 0.0 0.0 0.0 0.0 0.0 0.0 0.0 0.0 0.0 0.0 0.0 0.0 0.0 0.0 0.0 0.0 0.0
0.0 0.0 0.0 0.0 0.0 0.0 0.0 0.0 0.0 0.0 0.0 0.0 0.0 0.0 0.0 0.0 0.0 0.0 0.0 0.0 0.00523959093 0.007158595263 0.006842234762 0.005749186106 0.005166420295 0.007356384433 0.006068381994 0.007232717131 6.3651575039 0.006369141277 0.005568905583 0.005363417213 0.005684637185 0.005139206384 0.006344756694 0.005879745247 0.005517832693 0.005211192161 0.006925049091 0.006859380143 0.006855890022 0.005201916354 0.007422902163 0.005855580647 0.0 0.0 0.0 0.0 0.0 0.0 0.0 0.0 0.0 0.0 0.0 0.0 0.0 0.0 0.0 0.0 0.0 0.0 0.0 0.0 0.0 0.0 0.0 0.0 0.0 0.0 0.0 0.0 0.0 0.0 0.0 0.0 0.0 0.0 0.0 0.0 0.0 0.0
0.0 0.0 0.0 0.0 0.0 0.0 0.0 0.0 0.0 0.0 0.0 0.0 0.0 0.0 0.0 0.0 0.0 0.0 0.0 0.0 0.005957488873 0.006277858759 0.006254904068 0.006101020518 0.005927178361 0.00628993744 0.006159190519 0.006283675961 0.006369141277 0.4360000936 0.00606332501 0.006005764654 0.006072028952 0.005954111441 0.006189701193 0.006106668267 0.00604893612 0.00599586714 0.006260642794 0.006249869014 0.006249150137 0.005960445087 0.006295033241 0.006115262034 0.0 0.0 0.0 0.0 0.0 0.0 0.0 0.0 0.0 0.0 0.0 0.0 0.0 0.0 0.0 0.0 0.0 0.0 0.0 0.0 0.0 0.0 0.0 0.0 0.0 0.0 0.0 0.0 0.0 0.0 0.0 0.0 0.0 0.0 0.0 0.0 0.0 0.0
0.0 0.0 0.0 0.0 0.0 0.0 0.0 0.0 0.0 0.0 0.0 0.0 0.0 0.0 0.0 0.0 0.0 0.0 0.0 0.0 0.006424842369 0.005858743207 0.00590524283 0.006237187683 0.006441005967 0.005786220963 0.006153412924 0.005812651376 0.005568905583 0.00606332501 0.166278552518 0.006370554177 0.00627479092 0.006425396386 0.006068884671 0.006198840075 0.006329285957 0.006431174835 0.005865834862 0.005922217484 0.00593587845 0.006458501649 0.005814505427 0.006237958906 0.0 0.0 0.0 0.0 0.0 0.0 0.0 0.0 0.0 0.0 0.0 0.0 0.0 0.0 0.0 0.0 0.0 0.0 0.0 0.0 0.0 0.0 0.0 0.0 0.0 0.0 0.0 0.0 0.0 0.0 0.0 0.0 0.0 0.0 0.0 0.0 0.0 0.0
0.0 0.0 0.0 0.0 0.0 0.0 0.0 0.0 0.0 0.0 0.0 0.0 0.0 0.0 0.0 0.0 0.0 0.0 0.0 0.0 0.006609698288 0.005726902318 0.005798627756 0.006260639465 0.006677869396 0.005627889532 0.006128461737 0.005685243012 0.005363417213 0.006005764654 0.006370554177 0.114429413789 0.006360411366 0.006633520496 0.006024636565 0.006252696544 0.006431160994 0.006482934204 0.005732206441 0.005825011633 0.005836742826 0.006585548357 0.005663705848 0.006222783717 0.0 0.0 0.0 0.0 0.0 0.0 0.0 0.0 0.0 0.0 0.0 0.0 0.0 0.0 0.0 0.0 0.0 0.0 0.0 0.0 0.0 0.0 0.0 0.0 0.0 0.0 0.0 0.0 0.0 0.0 0.0 0.0 0.0 0.0 0.0 0.0 0.0 0.0
0.0 0.0 0.0 0.0 0.0 0.0 0.0 0.0 0.0 0.0 0.0 0.0 0.0 0.0 0.0 0.0 0.0 0.0 0.0 0.0 0.006394167625 0.005900862487 0.005943337868 0.006213946656 0.00643433152 0.005834953897 0.006141240381 0.005871854047 0.005684637185 0.006072028952 0.00627479092 0.006360411366 0.199779941139 0.006409704176 0.006077925163 0.006208785334 0.006309385129 0.00632934465 0.005899475226 0.005960433582 0.005968857861 0.006382276752 0.005864465375 0.006192027134 0.0 0.0 0.0 0.0 0.0 0.0 0.0 0.0 0.0 0.0 0.0 0.0 0.0 0.0 0.0 0.0 0.0 0.0 0.0 0.0 0.0 0.0 0.0 0.0 0.0 0.0 0.0 0.0 0.0 0.0 0.0 0.0 0.0 0.0 0.0 0.0 0.0 0.0
0.0 0.0 0.0 0.0 0.0 0.0 0.0 0.0 0.0 0.0 0.0 0.0 0.0 0.0 0.0 0.0 0.0 0.0 0.0 0.0 0.006752478172 0.005609020879 0.005703637345 0.006289689628 0.006844396046 0.00549918136 0.006112770902 0.005562732073 0.005139206384 0.005954111441 0.006425396386 0.006633520496 0.006409704176 0.110576023844 0.005982561926 0.006273440044 0.006494711248 0.006596764134 0.005630824992 0.005731511084 0.005745283831 0.006723883486 0.005528991352 0.006241876496 0.0 0.0 0.0 0.0 0.0 0.0 0.0 0.0 0.0 0.0 0.0 0.0 0.0 0.0 0.0 0.0 0.0 0.0 0.0 0.0 0.0 0.0 0.0 0.0 0.0 0.0 0.0 0.0 0.0 0.0 0.0 0.0 0.0 0.0 0.0 0.0 0.0 0.0
0.0 0.0 0.0 0.0 0.0 0.0 0.0 0.0 0.0 0.0 0.0 0.0 0.0 0.0 0.0 0.0 0.0 0.0 0.0 0.0 0.005983524013 0.006258910089 0.006236596347 0.006098899457 0.005955630178 0.006274833844 0.006149497972 0.006263920517 0.006344756694 0.006189701193 0.006068884671 0.006024636565 0.006077925163 0.005982561926 0.213721201245 0.006101219363 0.006060107024 0.006014280992 0.006247137119 0.006227997216 0.006229834432 0.005985347802 0.006276676527 0.006111484376 0.0 0.0 0.0 0.0 0.0 0.0 0.0 0.0 0.0 0.0 0.0 0.0 0.0 0.0 0.0 0.0 0.0 0.0 0.0 0.0 0.0 0.0 0.0 0.0 0.0 0.0 0.0 0.0 0.0 0.0 0.0 0.0 0.0 0.0 0.0 0.0 0.0 0.0
0.0 0.0 0.0 0.0 0.0 0.0 0.0 0.0 0.0 0.0 0.0 0.0 0.0 0.0 0.0 0.0 0.0 0.0 0.0 0.0 0.006261323421 0.006009602641 0.006042546573 0.006187640044 0.006294285295 0.005969722769 0.006142761997 0.005999371892 0.005879745247 0.006106668267 0.006198840075 0.006252696544 0.006208785334 0.006273440044 0.006101219363 0.21557135683 0.006222737084 0.006214256815 0.006014810975 0.006056104414 0.006051357027 0.006243190507 0.005981010326 0.006161920792 0.0 0.0 0.0 0.0 0.0 0.0 0.0 0.0 0.0 0.0 0.0 0.0 0.0 0.0 0.0 0.0 0.0 0.0 0.0 0.0 0.0 0.0 0.0 0.0 0.0 0.0 0.0 0.0 0.0 0.0 0.0 0.0 0.0 0.0 0.0 0.0 0.0 0.0
0.0 0.0 0.0 0.0 0.0 0.0 0.0 0.0 0.0 0.0 0.0 0.0 0.0 0.0 0.0 0.0 0.0 0.0 0.0 0.0 0.006471647534 0.005820724779 0.005879814898 0.006239670293 0.006513727744 0.005739182665 0.006144070289 0.00578378865 0.005517832693 0.00604893612 0.006329285957 0.006431160994 0.006309385129 0.006494711248 0.006060107024 0.006222737084 0.28286099183 0.006410434338 0.005826856187 0.005897454173 0.005908402928 0.006469237633 0.005770554229 0.006215217266 0.0 0.0 0.0 0.0 0.0 0.0 0.0 0.0 0.0 0.0 0.0 0.0 0.0 0.0 0.0 0.0 0.0 0.0 0.0 0.0 0.0 0.0 0.0 0.0 0.0 0.0 0.0 0.0 0.0 0.0 0.0 0.0 0.0 0.0 0.0 0.0 0.0 0.0
0.0 0.0 0.0 0.0 0.0 0.0 0.0 0.0 0.0 0.0 0.0 0.0 0.0 0.0 0.0 0.0 0.0 0.0 0.0 0.0 0.006597425691 0.005690800437 0.005773699956 0.006284927709 0.00662609127 0.005603227491 0.006141327355 0.005632935076 0.005211192161 0.00599586714 0.006431174835 0.006482934204 0.00632934465 0.006596764134 0.006014280992 0.006214256815 0.006410434338 0.185892112479 0.005733706483 0.005788464343 0.005805838471 0.006655915726 0.005618255949 0.006281809512 0.0 0.0 0.0 0.0 0.0 0.0 0.0 0.0 0.0 0.0 0.0 0.0 0.0 0.0 0.0 0.0 0.0 0.0 0.0 0.0 0.0 0.0 0.0 0.0 0.0 0.0 0.0 0.0 0.0 0.0 0.0 0.0 0.0 0.0 0.0 0.0 0.0 0.0
0.0 0.0 0.0 0.0 0.0 0.0 0.0 0.0 0.0 0.0 0.0 0.0 0.0 0.0 0.0 0.0 0.0 0.0 0.0 0.0 0.005638117346 0.006568927098 0.006500079848 0.005990325586 0.005582126973 0.006691844007 0.006128768751 0.006622464709 0.006925049091 0.006260642794 0.005865834862 0.005732206441 0.005899475226 0.005630824992 0.006247137119 0.006014810975 0.005826856187 0.005733706483 0.438955224632 0.006463657325 0.006449132025 0.005642147072 0.006636149901 0.006017259325 0.0 0.0 0.0 0.0 0.0 0.0 0.0 0.0 0.0 0.0 0.0 0.0 0.0 0.0 0.0 0.0 0.0 0.0 0.0 0.0 0.0 0.0 0.0 0.0 0.0 0.0 0.0 0.0 0.0 0.0 0.0 0.0 0.0 0.0 0.0 0.0 0.0 0.0
0.0 0.0 0.0 0.0 0.0 0.0 0.0 0.0 0.0 0.0 0.0 0.0 0.0 0.0 0.0 0.0 0.0 0.0 0.0 0.0 0.005748875808 0.006500303315 0.006423662274 0.006019535882 0.005710855133 0.006565410745 0.00613651677 0.00653118255 0.006859380143 0.006249869014 0.005922217484 0.005825011633 0.005960433582 0.005731511084 0.006227997216 0.006056104414 0.005897454173 0.005788464343 0.006463657325 0.331522675982 0.006406318071 0.005740625873 0.006556049632 0.006045084645 0.0 0.0 0.0 0.0 0.0 0.0 0.0 0.0 0.0 0.0 0.0 0.0 0.0 0.0 0.0 0.0 0.0 0.0 0.0 0.0 0.0 0.0 0.0 0.0 0.0 0.0 0.0 0.0 0.0 0.0 0.0 0.0 0.0 0.0 0.0 0.0 0.0 0.0
0.0 0.0 0.0 0.0 0.0 0.0 0.0 0.0 0.0 0.0 0.0 0.0 0.0 0.0 0.0 0.0 0.0 0.0 0.0 0.0 0.005764966444 0.006494972853 0.006412757527 0.006019864136 0.005723728245 0.006555586454 0.006138339985 0.006518734955 0.006855890022 0.006249150137 0.00593587845 0.005836742826 0.005968857861 0.005745283831 0.006229834432 0.006051357027 0.005908402928 0.005805838471 0.006449132025 0.006406318071 0.386179217804 0.005761286225 0.006556001872 0.006051644312 0.0 0.0 0.0 0.0 0.0 0.0 0.0 0.0 0.0 0.0 0.0 0.0 0.0 0.0 0.0 0.0 0.0 0.0 0.0 0.0 0.0 0.0 0.0 0.0 0.0 0.0 0.0 0.0 0.0 0.0 0.0 0.0 0.0 0.0 0.0 0.0 0.0 0.0
0.0 0.0 0.0 0.0 0.0 0.0 0.0 0.0 0.0 0.0 0.0 0.0 0.0 0.0 0.0 0.0 0.0 0.0 0.0 0.0 0.006748436929 0.005636051298 0.005707213685 0.006282540068 0.006812109346 0.005525421854 0.006118363719 0.005571298967 0.005201916354 0.005960445087 0.006458501649 0.006585548357 0.006382276752 0.006723883486 0.005985347802 0.006243190507 0.006469237633 0.006655915726 0.005642147072 0.005740625873 0.005761286225 0.0918893285032 0.005566023427 0.00627612285 0.0 0.0 0.0 0.0 0.0 0.0 0.0 0.0 0.0 0.0 0.0 0.0 0.0 0.0 0.0 0.0 0.0 0.0 0.0 0.0 0.0 0.0 0.0 0.0 0.0 0.0 0.0 0.0 0.0 0.0 0.0 0.0 0.0 0.0 0.0 0.0 0.0 0.0
0.0 0.0 0.0 0.0 0.0 0.0 0.0 0.0 0.0 0.0 0.0 0.0 0.0 0.0 0.0 0.0 0.0 0.0 0.0 0.0 0.005570984969 0.006720329707 0.006567733989 0.005930026614 0.005507897512 0.00683938741 0.006119394771 0.006759053952 0.007422902163 0.006295033241 0.005814505427 0.005663705848 0.005864465375 0.005528991352 0.006276676527 0.005981010326 0.005770554229 0.005618255949 0.006636149901 0.006556049632 0.006556001872 0.005566023427 0.464079845453 0.005989280213 0.0 0.0 0.0 0.0 0.0 0.0 0.0 0.0 0.0 0.0 0.0 0.0 0.0 0.0 0.0 0.0 0.0 0.0 0.0 0.0 0.0 0.0 0.0 0.0 0.0 0.0 0.0 0.0 0.0 0.0 0.0 0.0 0.0 0.0 0.0 0.0 0.0 0.0
0.0 0.0 0.0 0.0 0.0 0.0 0.0 0.0 0.0 0.0 0.0 0.0 0.0 0.0 0.0 0.0 0.0 0.0 0.0 0.0 0.006246976059 0.006013385797 0.006034875679 0.006192615327 0.006246106957 0.005973791796 0.006156836141 0.005981929313 0.005855580647 0.006115262034 0.006237958906 0.006222783717 0.006192027134 0.006241876496 0.006111484376 0.006161920792 0.006215217266 0.006281809512 0.006017259325 0.006045084645 0.006051644312 0.00627612285 0.005989280213 0.171076441681 0.0 0.0 0.0 0.0 0.0 0.0 0.0 0.0 0.0 0.0 0.0 0.0 0.0 0.0 0.0 0.0 0.0 0.0 0.0 0.0 0.0 0.0 0.0 0.0 0.0 0.0 0.0 0.0 0.0 0.0 0.0 0.0 0.0 0.0 0.0 0.0 0.0 0.0
0.0 0.0 0.0 0.0 0.0 0.0 0.0 0.0 0.0 0.0 0.0 0.0 0.0 0.0 0.0 0.0 0.0 0.0 0.0 0.0 0.0 0.0 0.0 0.0 0.0 0.0 0.0 0.0 0.0 0.0 0.0 0.0 0.0 0.0 0.0 0.0 0.0 0.0 0.0 0.0 0.0 0.0 0.0 0.0 0.136848356256 0.008262591227 0.007440125866 0.008899384067 0.009051132336 0.009102171596 0.008095146195 0.00772967143 0.007170744422 0.007528546091 0.008585236095 0.008594466107 0.007702552372 0.009347007718 0.008576532898 0.007876414858 0.007153097686 0.007677569402 0.008020775 0.008246712463 0.008688677289 0.008101417589 0.008131129576 0.007797091932 0.00791231541 0.007182992352 0.007732227603 0.008788447927 0.0 0.0 0.0 0.0 0.0 0.0 0.0 0.0 0.0 0.0
0.0 0.0 0.0 0.0 0.0 0.0 0.0 0.0 0.0 0.0 0.0 0.0 0.0 0.0 0.0 0.0 0.0 0.0 0.0 0.0 0.0 0.0 0.0 0.0 0.0 0.0 0.0 0.0 0.0 0.0 0.0 0.0 0.0 0.0 0.0 0.0 0.0 0.0 0.0 0.0 0.0 0.0 0.0 0.0 0.008262591227 0.21237842612 0.008337061598 0.008252020687 0.008279021785 0.008265300695 0.008342540452 0.008347938146 0.008323163966 0.008332097058 0.008339838768 0.008303638275 0.008335236708 0.008234384029 0.008296541798 0.00833917169 0.00831692401 0.008339929597 0.008335188027 0.008342013759 0.008295541776 0.008334195216 0.008346643165 0.008341527127 0.008306583097 0.008336512819 0.008341340222 0.008319840953 0.0 0.0 0.0 0.0 0.0 0.0 0.0 0.0 0.0 0.0
0.0 0.0 0.0 0.0 0.0 0.0 0.0 0.0 0.0 0.0 0.0 0.0 0.0 0.0 0.0 0.0 0.0 0.0 0.0 0.0 0.0 0.0 0.0 0.0 0.0 0.0 0.0 0.0 0.0 0.0 0.0 0.0 0.0 0.0 0.0 0.0 0.0 0.0 0.0 0.0 0.0 0.0 0.0 0.0 0.007440125866 0.008337061598 0.727632690586 0.007678247025 0.007478946737 0.007564855235 0.008474846612 0.008979391957 0.009799021099 0.009254609167 0.007966231263 0.007983568085 0.008991349275 0.007283247997 0.008031999151 0.008739507343 0.009769226407 0.009061534169 0.008617348333 0.008313539325 0.007863824321 0.008440517454 0.008485109226 0.008884757961 0.008605257195 0.009793113938 0.00894297503 0.007744614873 0.0 0.0 0.0 0.0 0.0 0.0 0.0 0.0 0.0 0.0
0.0 0.0 0.0 0.0 0.0 0.0 0.0 0.0 0.0 0.0 0.0 0.0 0.0 0.0 0.0 0.0 0.0 0.0 0.0 0.0 0.0 0.0 0.0 0.0 0.0 0.0 0.0 0.0 0.0 0.0 0.0 0.0 0.0 0.0 0.0 0.0 0.0 0.0 0.0 0.0 0.0 0.0 0.0 0.0 0.008899384067 0.008252020687 0.007678247025 0.135347637323 0.008736994774 0.008810347749 0.008176633153 0.007916417693 0.007440105716 0.007751287708 0.008451298035 0.008549992375 0.007909769523 0.008940240821 0.008552072351 0.00799114027 0.007446927789 0.007862044576 0.008065373097 0.00826122849 0.008567904538 0.008208187295 0.008224818867 0.007961582027 0.008107412042 0.007432470904 0.007912833519 0.008581499679 0.0 0.0 0.0 0.0 0.0 0.0 0.0 0.0 0.0 0.0
0.0 0.0 0.0 0.0 0.0 0.0 0.0 0.0 0.0 0.0 0.0 0.0 0.0 0.0 0.0 0.0 0.0 0.0 0.0 0.0 0.0 0.0 0.0 0.0 0.0 0.0 0.0 0.0 0.0 0.0 0.0 0.0 0.0 0.0 0.0 0.0 0.0 0.0 0.0 0.0 0.0 0.0 0.0 0.0 0.009051132336 0.008279021785 0.007478946737 0.008736994774 0.127362483758 0.008982450317 0.008178113293 0.007749897562 0.007194722492 0.007568682788 0.008636802403 0.008541144121 0.007732680877 0.009250818628 0.008469496678 0.00795103457 0.007214459893 0.007679538059 0.007995897616 0.008292475598 0.008734395808 0.008182708028 0.008118781615 0.007841955748 0.008034368398 0.007229910203 0.007797772331 0.008846826463 0.0 0.0 0.0 0.0 0.0 0.0 0.0 0.0 0.0 0.0
0.0 0.0 0.0 0.0 0.0 0.0 0.0 0.0 0.0 0.0 0.0 0.0 0.0 0.0 0.0 0.0 0.0 0.0 0.0 0.0 0.0 0.0 0.0 0.0 0.0 0.0 0.0 0.0 0.0 0.0 0.0 0.0 0.0 0.0 0.0 0.0 0.0 0.0 0.0 0.0 0.0 0.0 0.0 0.0 0.009102171596 0.008265300695 0.007564855235 0.008810347749 0.008982450317 0.145836699103 0.00814156799 0.007815111006 0.007339461543 0.007631400895 0.008566798821 0.00856113672 0.007783854988 0.00923509924 0.008532985261 0.007913748962 0.007331381907 0.007744875691 0.007985169681 0.00825478891 0.008672491012 0.008144698209 0.008171003879 0.00787640226 0.008026695372 0.007376898106 0.007814374818 0.008741619208 0.0 0.0 0.0 0.0 0.0 0.0 0.0 0.0 0.0 0.0
0.0 0.0 0.0 0.0 0.0 0.0 0.0 0.0 0.0 0.0 0.0 0.0 0.0 0.0 0.0 0.0 0.0 0.0 0.0 0.0 0.0 0.0 0.0 0.0 0.0 0.0 0.0 0.0 0.0 0.0 0.0 0.0 0.0 0.0 0.0 0.0 0.0 0.0 0.0 0.0 0.0 0.0 0.0 0.0 0.008095146195 0.008342540452 0.008474846612 0.008176633153 0.008178113293 0.00814156799 0.30173417166 0.00843168202 0.00848472802 0.008459248398 0.00828628744 0.008256332523 0.008435045074 0.008083237908 0.008235018736 0.008424676707 0.008491065987 0.00842771078 0.008356477195 0.00835650885 0.008255489541 0.008393350231 0.008357400762 0.008424874632 0.008407175766 0.008508934225 0.008449757161 0.008241288815 0.0 0.0 0.0 0.0 0.0 0.0 0.0 0.0 0.0 0.0
0.0 0.0 0.0 0.0 0.0 0.0 0.0 0.0 0.0 0.0 0.0 0.0 0.0 0.0 0.0 0.0 0.0 0.0 0.0 0.0 0.0 0.0 0.0 0.0 0.0 0.0 0.0 0.0 0.0 0.0 0.0 0.0 0.0 0.0 0.0 0.0 0.0 0.0 0.0 0.0 0.0 0.0 0.0 0.0 0.00772967143 0.008347938146 0.008979391957 0.007916417693 0.007749897562 0.007815111006 0.00843168202 0.910450068856 0.009190305324 0.008899314146 0.008095420119 0.008116986206 0.00876230391 0.007612534238 0.008146605509 0.008600149903 0.009167110464 0.008800025755 0.00853213334 0.008335564565 0.008019474671 0.008414402698 0.008452186305 0.008684585587 0.008526861107 0.009197854537 0.008723160267 0.007940946828 0.0 0.0 0.0 0.0 0.0 0.0 0.0 0.0 0.0 0.0
0.0 0.0 0.0 0.0 0.0 0.0 0.0 0.0 0.0 0.0 0.0 0.0 0.0 0.0 0.0 0.0 0.0 0.0 0.0 0.0 0.0 0.0 0.0 0.0 0.0 0.0 0.0 0.0 0.0 0.0 0.0 0.0 0.0 0.0 0.0 0.0 0.0 0.0 0.0 0.0 0.0 0.0 0.0 0.0 0.007170744422 0.008323163966 0.009799021099 0.007440105716 0.007194722492 0.007339461543 0.00848472802 0.009190305324 1.41205861016 0.009611021122 0.007834185555 0.007852483188 0.009205876288 0.006962265294 0.00792507345 0.00885759122 0.01061043943 0.009324487233 0.008721149626 0.008279900767 0.007692202874 0.008430545047 0.008522168607 0.009081319297 0.00866836996 0.01059932384 0.009134859483 0.007536357657 0.0 0.0 0.0 0.0 0.0 0.0 0.0 0.0 0.0 0.0
0.0 0.0 0.0 0.0 0.0 0.0 0.0 0.0 0.0 0.0 0.0 0.0 0.0 0.0 0.0 0.0 0.0 0.0 0.0 0.0 0.0 0.0 0.0 0.0 0.0 0.0 0.0 0.0 0.0 0.0 0.0 0.0 0.0 0.0 0.0 0.0 0.0 0.0 0.0 0.0 0.0 0.0 0.0 0.0 0.007528546091 0.008332097058 0.009254609167 0.007751287708 0.007568682788 0.007631400895 0.008459248398 0.008899314146 0.009611021122 0.470619393202 0.008005201255 0.008021147408 0.008910714613 0.00738803492 0.008061613828 0.008709713805 0.009604824449 0.008979755344 0.008618014767 0.008323684775 0.007910287677 0.00843170961 0.008460580114 0.008815756047 0.008566580747 0.009601190111 0.008873257985 0.007805395816 0.0 0.0 0.0 0.0 0.0 0.0 0.0 0.0 0.0 0.0
0.0 0.0 0.0 0.0 0.0 0.0 0.0 0.0 0.0 0.0 0.0 0.0 0.0 0.0 0.0 0.0 0.0 0.0 0.0 0.0 0.0 0.0 0.0 0.0 0.0 0.0 0.0 0.0 0.0 0.0 0.0 0.0 0.0 0.0 0.0 0.0 0.0 0.0 0.0 0.0 0.0 0.0 0.0 0.0 0.008585236095 0.008339838768 0.007966231263 0.008451298035 0.008636802403 0.008566798821 0.00828628744 0.008095420119 0.007834185555 0.008005201255 0.301604863139 0.008415593477 0.008078920699 0.008654084026 0.008364093006 0.008192822288 0.00784142297 0.008064048028 0.008212022296 0.008346189718 0.008477758192 0.00827798688 0.008260529235 0.008134330786 0.00821743543 0.007869871921 0.008118433986 0.008560553728 0.0 0.0 0.0 0.0 0.0 0.0 0.0 0.0 0.0 0.0
0.0 0.0 0.0 0.0 0.0 0.0 0.0 0.0 0.0 0.0 0.0 0.0 0.0 0.0 0.0 0.0 0.0 0.0 0.0 0.0 0.0 0.0 0.0 0.0 0.0 0.0 0.0 0.0 0.0 0.0 0.0 0.0 0.0 0.0 0.0 0.0 0.0 0.0 0.0 0.0 0.0 0.0 0.0 0.0 0.008594466107 0.008303638275 0.007983568085 0.008549992375 0.008541144121 0.00856113672 0.008256332523 0.008116986206 0.007852483188 0.008021147408 0.008415593477 0.254481412132 0.008109122721 0.008616356165 0.008427491838 0.008163149915 0.007853052024 0.00808761621 0.008204510647 0.008312568043 0.008445295617 0.008267021804 0.008281163605 0.00814084705 0.008227448319 0.007862420634 0.008115201032 0.008473215594 0.0 0.0 0.0 0.0 0.0 0.0 0.0 0.0 0.0 0.0
0.0 0.0 0.0 0.0 0.0 0.0 0.0 0.0 0.0 0.0 0.0 0.0 0.0 0.0 0.0 0.0 0.0 0.0 0.0 0.0 0.0 0.0 0.0 0.0 0.0 0.0 0.0 0.0 0.0 0.0 0.0 0.0 0.0 0.0 0.0 0.0 0.0 0.0 0.0 0.0 0.0 0.0 0.0 0.0 0.007702552372 0.008335236708 0.008991349275 0.007909769523 0.007732680877 0.007783854988 0.008435045074 0.00876230391 0.009205876288 0.008910714613 0.008078920699 0.008109122721 4.87155723369 0.00758963016 0.008142928107 0.008607664914 0.009231322182 0.008807546805 0.008540022424 0.008334289124 0.008008484862 0.008422274561 0.008442059094 0.008692069486 0.008548535246 0.009179117461 0.00873136163 0.007922570121 0.0 0.0 0.0 0.0 0.0 0.0 0.0 0.0 0.0 0.0
0.0 0.0 0.0 0.0 0.0 0.0 0.0 0.0 0.0 0.0 0.0 0.0 0.0 0.0 0.0 0.0 0.0 0.0 0.0 0.0 0.0 0.0 0.0 0.0 0.0 0.0 0.0 0.0 0.0 0.0 0.0 0.0 0.0 0.0 0.0 0.0 0.0 0.0 0.0 0.0 0.0 0.0 0.0 0.0 0.009347007718 0.008234384029 0.007283247997 0.008940240821 0.009250818628 0.00923509924 0.008083237908 0.007612534238 0.006962265294 0.00738803492 0.008654084026 0.008616356165 0.00758963016 0.143086965292 0.00857568513 0.007810193002 0.006975356097 0.007535913724 0.007911253762 0.008242107505 0.008797799203 0.008093397568 0.00807662861 0.007709145262 0.007919168645 0.006987939957 0.007638089348 0.008903797465 0.0 0.0 0.0 0.0 0.0 0.0 0.0 0.0 0.0 0.0
0.0 0.0 0.0 0.0 0.0 0.0 0.0 0.0 0.0 0.0 0.0 0.0 0.0 0.0 0.0 0.0 0.0 0.0 0.0 0.0 0.0 0.0 0.0 0.0 0.0 0.0 0.0 0.0 0.0 0.0 0.0 0.0 0.0 0.0 0.0 0.0 0.0 0.0 0.0 0.0 0.0 0.0 0.0 0.0 0.008576532898 0.008296541798 0.008031999151 0.008552072351 0.008469496678 0.008532985261 0.008235018736 0.008146605509 0.00792507345 0.008061613828 0.008364093006 0.008427491838 0.008142928107 0.00857568513 0.207939530381 0.008155299747 0.007922205907 0.008123040436 0.008207734144 0.008282183345 0.00840488369 0.008250068185 0.008288683378 0.008156991694 0.008215484052 0.007911765598 0.008125251142 0.008413611087 0.0 0.0 0.0 0.0 0.0 0.0 0.0 0.0 0.0 0.0
0.0 0.0 0.0 0.0 0.0 0.0 0.0 0.0 0.0 0.0 0.0 0.0 0.0 0.0 0.0 0.0 0.0 0.0 0.0 0.0 0.0 0.0 0.0 0.0 0.0 0.0 0.0 0.0 0.0 0.0 0.0 0.0 0.0 0.0 0.0 0.0 0.0 0.0 0.0 0.0 0.0 0.0 0.0 0.0 0.007876414858 0.00833917169 0.008739507343 0.00799114027 0.00795103457 0.007913748962 0.008424676707 0.008600149903 0.00885759122 0.008709713805 0.008192822288 0.008163149915 0.008607664914 0.007810193002 0.008155299747 0.499829144781 0.008863326167 0.008660732207 0.008588033611 0.008381250106 0.008112526535 0.008411142507 0.008380902761 0.008563219306 0.008485391976 0.008857189765 0.008618469221 0.008088166328 0.0 0.0 0.0 0.0 0.0 0.0 0.0 0.0 0.0 0.0
0.0 0.0 0.0 0.0 0.0 0.0 0.0 0.0 0.0 0.0 0.0 0.0 0.0 0.0 0.0 0.0 0.0 0.0 0.0 0.0 0.0 0.0 0.0 0.0 0.0 0.0 0.0 0.0 0.0 0.0 0.0 0.0 0.0 0.0 0.0 0.0 0.0 0.0 0.0 0.0 0.0 0.0 0.0 0.0 0.007153097686 0.00831692401 0.009769226407 0.007446927789 0.007214459893 0.007331381907 0.008491065987 0.009167110464 0.01061043943 0.009604824449 0.00784142297 0.007853052024 0.009231322182 0.006975356097 0.007922205907 0.008863326167 6.63664276245 0.009294571069 0.008701102345 0.008284324678 0.007700446583 0.008444287337 0.008495159517 0.009069514425 0.008648356232 0.01061838851 0.009125171018 0.007540225318 0.0 0.0 0.0 0.0 0.0 0.0 0.0 0.0 0.0 0.0
0.0 0.0 0.0 0.0 0.0 0.0 0.0 0.0 0.0 0.0 0.0 0.0 0.0 0.0 0.0 0.0 0.0 0.0 0.0 0.0 0.0 0.0 0.0 0.0 0.0 0.0 0.0 0.0 0.0 0.0 0.0 0.0 0.0 0.0 0.0 0.0 0.0 0.0 0.0 0.0 0.0 0.0 0.0 0.0 0.007677569402 0.008339929597 0.009061534169 0.007862044576 0.007679538059 0.007744875691 0.00842771078 0.008800025755 0.009324487233 0.008979755344 0.008064048028 0.00808761621 0.008807546805 0.007535913724 0.008123040436 0.008660732207 0.009294571069 0.34975323299 0.008638433414 0.008341684846 0.00796766556 0.008404174657 0.008448396857 0.008720592829 0.008540608594 0.009315556184 0.008769521089 0.007892911598 0.0 0.0 0.0 0.0 0.0 0.0 0.0 0.0 0.0 0.0
0.0 0.0 0.0 0.0 0.0 0.0 0.0 0.0 0.0 0.0 0.0 0.0 0.0 0.0 0.0 0.0 0.0 0.0 0.0 0.0 0.0 0.0 0.0 0.0 0.0 0.0 0.0 0.0 0.0 0.0 0.0 0.0 0.0 0.0 0.0 0.0 0.0 0.0 0.0 0.0 0.0 0.0 0.0 0.0 0.008020775 0.008335188027 0.008617348333 0.008065373097 0.007995897616 0.007985169681 0.008356477195 0.00853213334 0.008721149626 0.008618014767 0.008212022296 0.008204510647 0.008540022424 0.007911253762 0.008207734144 0.008588033611 0.008701102345 0.008638433414 2.12316532624 0.008382644974 0.00811352874 0.008342527616 0.008355528477 0.008486858254 0.008420781731 0.008678801653 0.008534484472 0.008124846406 0.0 0.0 0.0 0.0 0.0 0.0 0.0 0.0 0.0 0.0
0.0 0.0 0.0 0.0 0.0 0.0 0.0 0.0 0.0 0.0 0.0 0.0 0.0 0.0 0.0 0.0 0.0 0.0 0.0 0.0 0.0 0.0 0.0 0.0 0.0 0.0 0.0 0.0 0.0 0.0 0.0 0.0 0.0 0.0 0.0 0.0 0.0 0.0 0.0 0.0 0.0 0.0 0.0 0.0 0.008246712463 0.008342013759 0.008313539325 0.00826122849 0.008292475598 0.00825478891 0.00835650885 0.008335564565 0.008279900767 0.008323684775 0.008346189718 0.008312568043 0.008334289124 0.008242107505 0.008282183345 0.008381250106 0.008284324678 0.008341684846 0.008382644974 0.449173194707 0.008303492698 0.008353568898 0.008333367324 0.008337863017 0.0083629801 0.008302933482 0.008351423869 0.008323563557 0.0 0.0 0.0 0.0 0.0 0.0 0.0 0.0 0.0 0.0
0.0 0.0 0.0 0.0 0.0 0.0 0.0 0.0 0.0 0.0 0.0 0.0 0.0 0.0 0.0 0.0 0.0 0.0 0.0 0.0 0.0 0.0 0.0 0.0 0.0 0.0 0.0 0.0 0.0 0.0 0.0 0.0 0.0 0.0 0.0 0.0 0.0 0.0 0.0 0.0 0.0 0.0 0.0 0.0 0.008688677289 0.008295541776 0.007863824321 0.008567904538 0.008734395808 0.008672491012 0.008255489541 0.008019474671 0.007692202874 0.007910287677 0.008477758192 0.008445295617 0.008008484862 0.008797799203 0.00840488369 0.008112526535 0.007700446583 0.00796766556 0.00811352874 0.008303492698 0.254000123252 0.008263959656 0.00822455058 0.008067696274 0.008182788313 0.007715658932 0.00804441619 0.008586185468 0.0 0.0 0.0 0.0 0.0 0.0 0.0 0.0 0.0 0.0
0.0 0.0 0.0 0.0 0.0 0.0 0.0 0.0 0.0 0.0 0.0 0.0 0.0 0.0 0.0 0.0 0.0 0.0 0.0 0.0 0.0 0.0 0.0 0.0 0.0 0.0 0.0 0.0 0.0 0.0 0.0 0.0 0.0 0.0 0.0 0.0 0.0 0.0 0.0 0.0 0.0 0.0 0.0 0.0 0.008101417589 0.008334195216 0.008440517454 0.008208187295 0.008182708028 0.008144698209 0.008393350231 0.008414402698 0.008430545047 0.00843170961 0.00827798688 0.008267021804 0.008422274561 0.008093397568 0.008250068185 0.008411142507 0.008444287337 0.008404174657 0.008342527616 0.008353568898 0.008263959656 0.286020225784 0.008354177013 0.008409872192 0.00840984057 0.008443483384 0.008433452223 0.008238806157 0.0 0.0 0.0 0.0 0.0 0.0 0.0 0.0 0.0 0.0
0.0 0.0 0.0 0.0 0.0 0.0 0.0 0.0 0.0 0.0 0.0 0.0 0.0 0.0 0.0 0.0 0.0 0.0 0.0 0.0 0.0 0.0 0.0 0.0 0.0 0.0 0.0 0.0 0.0 0.0 0.0 0.0 0.0 0.0 0.0 0.0 0.0 0.0 0.0 0.0 0.0 0.0 0.0 0.0 0.008131129576 0.008346643165 0.008485109226 0.008224818867 0.008118781615 0.008171003879 0.008357400762 0.008452186305 0.008522168607 0.008460580114 0.008260529235 0.008281163605 0.008442059094 0.00807662861 0.008288683378 0.008380902761 0.008495159517 0.008448396857 0.008355528477 0.008333367324 0.00822455058 0.008354177013 0.604458898181 0.008424598569 0.008396663802 0.008532677808 0.008427789601 0.008200615159 0.0 0.0 0.0 0.0 0.0 0.0 0.0 0.0 0.0 0.0
0.0 0.0 0.0 0.0 0.0 0.0 0.0 0.0 0.0 0.0 0.0 0.0 0.0 0.0 0.0 0.0 0.0 0.0 0.0 0.0 0.0 0.0 0.0 0.0 0.0 0.0 0.0 0.0 0.0 0.0 0.0 0.0 0.0 0.0 0.0 0.0 0.0 0.0 0.0 0.0 0.0 0.0 0.0 0.0 0.007797091932 0.008341527127 0.008884757961 0.007961582027 0.007841955748 0.00787640226 0.008424874632 0.008684585587 0.009081319297 0.008815756047 0.008134330786 0.00814084705 0.008692069486 0.007709145262 0.008156991694 0.008563219306 0.009069514425 0.008720592829 0.008486858254 0.008337863017 0.008067696274 0.008409872192 0.008424598569 0.366123857502 0.008506968781 0.009084377246 0.008668712502 0.008004091263 0.0 0.0 0.0 0.0 0.0 0.0 0.0 0.0 0.0 0.0
