72 72
0.269094721442 0.01238068004 0.01285733898 0.01326932085 0.0131842798 0.01291172214 0.01240100879 0.0127921693 0.01302416525 0.01310358202 0.01254523481 0.01299798706 0.01267695295 0.01223495079 0.01301335356 0.01167374737 0.0 0.0 0.0 0.0 0.0 0.0 0.0 0.0 0.0 0.0 0.0 0.0 0.0 0.0 0.0 0.0 0.0 0.0 0.0 0.0 0.0 0.0 0.0 0.0 0.0 0.0 0.0 0.0 0.0 0.0 0.0 0.0 0.0 0.0 0.0 0.0 0.0 0.0 0.0 0.0 0.0 0.0 0.0 0.0 0.0 0.0 0.0 0.0 0.0 0.0 0.0 0.0 0.0 0.0 0.0 0.0
0.01238068004 0.258119909786 0.01230856624 0.01175486884 0.01186075107 0.01225746182 0.01267532194 0.01248294894 0.01193947362 0.01230759541 0.01235375688 0.01224679843 0.01218706051 0.01252657309 0.01212148349 0.01284510881 0.0 0.0 0.0 0.0 0.0 0.0 0.0 0.0 0.0 0.0 0.0 0.0 0.0 0.0 0.0 0.0 0.0 0.0 0.0 0.0 0.0 0.0 0.0 0.0 0.0 0.0 0.0 0.0 0.0 0.0 0.0 0.0 0.0 0.0 0.0 0.0 0.0 0.0 0.0 0.0 0.0 0.0 0.0 0.0 0.0 0.0 0.0 0.0 0.0 0.0 0.0 0.0 0.0 0.0 0.0 0.0
0.01285733898 0.01230856624 0.298741050168 0.01343846061 0.0133446276 0.01309598634 0.0123743198 0.0128630605 0.01318669548 0.01301930437 0.01270222688 0.01294636497 0.012692032 0.01265323545 0.01303365188 0.01151135989 0.0 0.0 0.0 0.0 0.0 0.0 0.0 0.0 0.0 0.0 0.0 0.0 0.0 0.0 0.0 0.0 0.0 0.0 0.0 0.0 0.0 0.0 0.0 0.0 0.0 0.0 0.0 0.0 0.0 0.0 0.0 0.0 0.0 0.0 0.0 0.0 0.0 0.0 0.0 0.0 0.0 0.0 0.0 0.0 0.0 0.0 0.0 0.0 0.0 0.0 0.0 0.0 0.0 0.0 0.0 0.0
0.01326932085 0.01175486884 0.01343846061 1.3040978189 0.01506578968 0.01363023849 0.01192423179 0.01293506509 0.01456917411 0.01357320735 0.01283683465 0.01352213749 0.0131611552 0.01228329466 0.01389304867 0.01025441402 0.0 0.0 0.0 0.0 0.0 0.0 0.0 0.0 0.0 0.0 0.0 0.0 0.0 0.0 0.0 0.0 0.0 0.0 0.0 0.0 0.0 0.0 0.0 0.0 0.0 0.0 0.0 0.0 0.0 0.0 0.0 0.0 0.0 0.0 0.0 0.0 0.0 0.0 0.0 0.0 0.0 0.0 0.0 0.0 0.0 0.0 0.0 0.0 0.0 0.0 0.0 0.0 0.0 0.0 0.0 0.0
0.0131842798 0.01186075107 0.0133446276 0.01506578968 0.494280941115 0.01352685676 0.01200175575 0.0129043253 0.01427632177 0.01346242941 0.01280843594 0.01339922305 0.01309261549 0.01234532158 0.01373184717 0.01051218496 0.0 0.0 0.0 0.0 0.0 0.0 0.0 0.0 0.0 0.0 0.0 0.0 0.0 0.0 0.0 0.0 0.0 0.0 0.0 0.0 0.0 0.0 0.0 0.0 0.0 0.0 0.0 0.0 0.0 0.0 0.0 0.0 0.0 0.0 0.0 0.0 0.0 0.0 0.0 0.0 0.0 0.0 0.0 0.0 0.0 0.0 0.0 0.0 0.0 0.0 0.0 0.0 0.0 0.0 0.0 0.0
0.01291172214 0.01225746182 0.01309598634 0.01363023849 0.01352685676 0.680041147021 0.01231360408 0.01289456361 0.01333231237 0.01312236636 0.01274642532 0.01302441763 0.01272210805 0.0127016834 0.01312536986 0.01139021324 0.0 0.0 0.0 0.0 0.0 0.0 0.0 0.0 0.0 0.0 0.0 0.0 0.0 0.0 0.0 0.0 0.0 0.0 0.0 0.0 0.0 0.0 0.0 0.0 0.0 0.0 0.0 0.0 0.0 0.0 0.0 0.0 0.0 0.0 0.0 0.0 0.0 0.0 0.0 0.0 0.0 0.0 0.0 0.0 0.0 0.0 0.0 0.0 0.0 0.0 0.0 0.0 0.0 0.0 0.0 0.0
0.01240100879 0.01267532194 0.0123743198 0.01192423179 0.01200175575 0.01231360408 0.558660609088 0.01251296889 0.0120718753 0.01234754173 0.01240453422 0.01230977107 0.01228066209 0.01254849926 0.01222340464 0.01265717056 0.0 0.0 0.0 0.0 0.0 0.0 0.0 0.0 0.0 0.0 0.0 0.0 0.0 0.0 0.0 0.0 0.0 0.0 0.0 0.0 0.0 0.0 0.0 0.0 0.0 0.0 0.0 0.0 0.0 0.0 0.0 0.0 0.0 0.0 0.0 0.0 0.0 0.0 0.0 0.0 0.0 0.0 0.0 0.0 0.0 0.0 0.0 0.0 0.0 0.0 0.0 0.0 0.0 0.0 0.0 0.0
0.0127921693 0.01248294894 0.0128630605 0.01293506509 0.0129043253 0.01289456361 0.01251296889 0.37036936243 0.01281033095 0.01288367293 0.01260122702 0.01278249825 0.012506982 0.01264776512 0.01279449421 0.01190251172 0.0 0.0 0.0 0.0 0.0 0.0 0.0 0.0 0.0 0.0 0.0 0.0 0.0 0.0 0.0 0.0 0.0 0.0 0.0 0.0 0.0 0.0 0.0 0.0 0.0 0.0 0.0 0.0 0.0 0.0 0.0 0.0 0.0 0.0 0.0 0.0 0.0 0.0 0.0 0.0 0.0 0.0 0.0 0.0 0.0 0.0 0.0 0.0 0.0 0.0 0.0 0.0 0.0 0.0 0.0 0.0
0.01302416525 0.01193947362 0.01318669548 0.01456917411 0.01427632177 0.01333231237 0.0120718753 0.01281033095 0.797600626455 0.013254127 0.01278505238 0.01324380321 0.0130500802 0.01236542974 0.01352020942 0.01079187447 0.0 0.0 0.0 0.0 0.0 0.0 0.0 0.0 0.0 0.0 0.0 0.0 0.0 0.0 0.0 0.0 0.0 0.0 0.0 0.0 0.0 0.0 0.0 0.0 0.0 0.0 0.0 0.0 0.0 0.0 0.0 0.0 0.0 0.0 0.0 0.0 0.0 0.0 0.0 0.0 0.0 0.0 0.0 0.0 0.0 0.0 0.0 0.0 0.0 0.0 0.0 0.0 0.0 0.0 0.0 0.0
0.01310358202 0.01230759541 0.01301930437 0.01357320735 0.01346242941 0.01312236636 0.01234754173 0.01288367293 0.013254127 0.625333638292 0.01264231618 0.01308403299 0.01272294715 0.01240703126 0.01314938606 0.01144109158 0.0 0.0 0.0 0.0 0.0 0.0 0.0 0.0 0.0 0.0 0.0 0.0 0.0 0.0 0.0 0.0 0.0 0.0 0.0 0.0 0.0 0.0 0.0 0.0 0.0 0.0 0.0 0.0 0.0 0.0 0.0 0.0 0.0 0.0 0.0 0.0 0.0 0.0 0.0 0.0 0.0 0.0 0.0 0.0 0.0 0.0 0.0 0.0 0.0 0.0 0.0 0.0 0.0 0.0 0.0 0.0
0.01254523481 0.01235375688 0.01270222688 0.01283683465 0.01280843594 0.01274642532 0.01240453422 0.01260122702 0.01278505238 0.01264231618 0.397592687726 0.01265822871 0.01264284415 0.01261025271 0.01270604583 0.01191385314 0.0 0.0 0.0 0.0 0.0 0.0 0.0 0.0 0.0 0.0 0.0 0.0 0.0 0.0 0.0 0.0 0.0 0.0 0.0 0.0 0.0 0.0 0.0 0.0 0.0 0.0 0.0 0.0 0.0 0.0 0.0 0.0 0.0 0.0 0.0 0.0 0.0 0.0 0.0 0.0 0.0 0.0 0.0 0.0 0.0 0.0 0.0 0.0 0.0 0.0 0.0 0.0 0.0 0.0 0.0 0.0
0.01299798706 0.01224679843 0.01294636497 0.01352213749 0.01339922305 0.01302441763 0.01230977107 0.01278249825 0.01324380321 0.01308403299 0.01265822871 0.41270067695 0.01280715185 0.01234369208 0.01313603374 0.01143467242 0.0 0.0 0.0 0.0 0.0 0.0 0.0 0.0 0.0 0.0 0.0 0.0 0.0 0.0 0.0 0.0 0.0 0.0 0.0 0.0 0.0 0.0 0.0 0.0 0.0 0.0 0.0 0.0 0.0 0.0 0.0 0.0 0.0 0.0 0.0 0.0 0.0 0.0 0.0 0.0 0.0 0.0 0.0 0.0 0.0 0.0 0.0 0.0 0.0 0.0 0.0 0.0 0.0 0.0 0.0 0.0
0.01267695295 0.01218706051 0.012692032 0.0131611552 0.01309261549 0.01272210805 0.01228066209 0.012506982 0.0130500802 0.01272294715 0.01264284415 0.01280715185 0.395385616743 0.01227838328 0.01292868622 0.01161110589 0.0 0.0 0.0 0.0 0.0 0.0 0.0 0.0 0.0 0.0 0.0 0.0 0.0 0.0 0.0 0.0 0.0 0.0 0.0 0.0 0.0 0.0 0.0 0.0 0.0 0.0 0.0 0.0 0.0 0.0 0.0 0.0 0.0 0.0 0.0 0.0 0.0 0.0 0.0 0.0 0.0 0.0 0.0 0.0 0.0 0.0 0.0 0.0 0.0 0.0 0.0 0.0 0.0 0.0 0.0 0.0
0.01223495079 0.01252657309 0.01265323545 0.01228329466 0.01234532158 0.0127016834 0.01254849926 0.01264776512 0.01236542974 0.01240703126 0.01261025271 0.01234369208 0.01227838328 1.23941890828 0.01231314561 0.01242261383 0.0 0.0 0.0 0.0 0.0 0.0 0.0 0.0 0.0 0.0 0.0 0.0 0.0 0.0 0.0 0.0 0.0 0.0 0.0 0.0 0.0 0.0 0.0 0.0 0.0 0.0 0.0 0.0 0.0 0.0 0.0 0.0 0.0 0.0 0.0 0.0 0.0 0.0 0.0 0.0 0.0 0.0 0.0 0.0 0.0 0.0 0.0 0.0 0.0 0.0 0.0 0.0 0.0 0.0 0.0 0.0
0.01301335356 0.01212148349 0.01303365188 0.01389304867 0.01373184717 0.01312536986 0.01222340464 0.01279449421 0.01352020942 0.01314938606 0.01270604583 0.01313603374 0.01292868622 0.01231314561 0.378112243416 0.0111624894 0.0 0.0 0.0 0.0 0.0 0.0 0.0 0.0 0.0 0.0 0.0 0.0 0.0 0.0 0.0 0.0 0.0 0.0 0.0 0.0 0.0 0.0 0.0 0.0 0.0 0.0 0.0 0.0 0.0 0.0 0.0 0.0 0.0 0.0 0.0 0.0 0.0 0.0 0.0 0.0 0.0 0.0 0.0 0.0 0.0 0.0 0.0 0.0 0.0 0.0 0.0 0.0 0.0 0.0 0.0 0.0
0.01167374737 0.01284510881 0.01151135989 0.01025441402 0.01051218496 0.01139021324 0.01265717056 0.01190251172 0.01079187447 0.01144109158 0.01191385314 0.01143467242 0.01161110589 0.01242261383 0.0111624894 0.430883709672 0.0 0.0 0.0 0.0 0.0 0.0 0.0 0.0 0.0 0.0 0.0 0.0 0.0 0.0 0.0 0.0 0.0 0.0 0.0 0.0 0.0 0.0 0.0 0.0 0.0 0.0 0.0 0.0 0.0 0.0 0.0 0.0 0.0 0.0 0.0 0.0 0.0 0.0 0.0 0.0 0.0 0.0 0.0 0.0 0.0 0.0 0.0 0.0 0.0 0.0 0.0 0.0 0.0 0.0 0.0 0.0
0.0 0.0 0.0 0.0 0.0 0.0 0.0 0.0 0.0 0.0 0.0 0.0 0.0 0.0 0.0 0.0 0.211270069891 0.01332972836 0.01310649572 0.01324482088 0.01276187871 0.01342725408 0.01357115353 0.01337598941 0.01335017726 0.01343524646 0.01321883416 0.01258509399 0.01350172556 0.01291771916 0.01315715556 0.01316337808 0.01324854396 0.01263135681 0.0132001941 0.01258157926 0.01239657342 0.01345325165 0.01347467203 0.01318670774 0.01284084517 0.0129164085 0.0 0.0 0.0 0.0 0.0 0.0 0.0 0.0 0.0 0.0 0.0 0.0 0.0 0.0 0.0 0.0 0.0 0.0 0.0 0.0 0.0 0.0 0.0 0.0 0.0 0.0 0.0 0.0 0.0 0.0
0.0 0.0 0.0 0.0 0.0 0.0 0.0 0.0 0.0 0.0 0.0 0.0 0.0 0.0 0.0 0.0 0.01332972836 14.3261819776 0.01309703608 0.01346699492 0.01264204268 0.01389182766 0.01430745952 0.01375282818 0.01369976437 0.01391712863 0.01340706696 0.01232354141 0.01426318995 0.01281197647 0.01330773181 0.0133162949 0.01347127765 0.01234728302 0.01342784828 0.01254054086 0.0120683907 0.01399933062 0.01409795749 0.0133774876 0.01274923025 0.01284504953 0.0 0.0 0.0 0.0 0.0 0.0 0.0 0.0 0.0 0.0 0.0 0.0 0.0 0.0 0.0 0.0 0.0 0.0 0.0 0.0 0.0 0.0 0.0 0.0 0.0 0.0 0.0 0.0 0.0 0.0
0.0 0.0 0.0 0.0 0.0 0.0 0.0 0.0 0.0 0.0 0.0 0.0 0.0 0.0 0.0 0.0 0.01310649572 0.01309703608 7.4919986493 0.01308795754 0.01277814253 0.01319572768 0.01324679702 0.01312975947 0.01313711112 0.01322971496 0.01317475125 0.01263730617 0.0131259469 0.01289321383 0.01304882517 0.01310211119 0.01319444748 0.01281351034 0.01308549904 0.0126076286 0.01264535672 0.01324314715 0.01326855491 0.01307547109 0.0128995201 0.01284795989 0.0 0.0 0.0 0.0 0.0 0.0 0.0 0.0 0.0 0.0 0.0 0.0 0.0 0.0 0.0 0.0 0.0 0.0 0.0 0.0 0.0 0.0 0.0 0.0 0.0 0.0 0.0 0.0 0.0 0.0
0.0 0.0 0.0 0.0 0.0 0.0 0.0 0.0 0.0 0.0 0.0 0.0 0.0 0.0 0.0 0.0 0.01324482088 0.01346699492 0.01308795754 0.214301127807 0.01273150134 0.01367291948 0.01393503294 0.01362196723 0.01356040267 0.01366768736 0.01328553171 0.01249767492 0.01395248259 0.01290778654 0.0132302149 0.01324476308 0.01332028573 0.01247641404 0.0133220198 0.01254668912 0.01219209976 0.01369596753 0.01372447993 0.01331241838 0.01279149702 0.01294968417 0.0 0.0 0.0 0.0 0.0 0.0 0.0 0.0 0.0 0.0 0.0 0.0 0.0 0.0 0.0 0.0 0.0 0.0 0.0 0.0 0.0 0.0 0.0 0.0 0.0 0.0 0.0 0.0 0.0 0.0
0.0 0.0 0.0 0.0 0.0 0.0 0.0 0.0 0.0 0.0 0.0 0.0 0.0 0.0 0.0 0.0 0.01276187871 0.01264204268 0.01277814253 0.01273150134 0.190154102165 0.01265787808 0.01256110579 0.01265492998 0.01267506181 0.01265306372 0.01276717541 0.01283832416 0.01252867828 0.01281378382 0.01275589603 0.01276332664 0.01275636383 0.0128749111 0.01272596973 0.01276870557 0.012825753 0.01262843155 0.01260962534 0.01273421667 0.01279077577 0.01279479958 0.0 0.0 0.0 0.0 0.0 0.0 0.0 0.0 0.0 0.0 0.0 0.0 0.0 0.0 0.0 0.0 0.0 0.0 0.0 0.0 0.0 0.0 0.0 0.0 0.0 0.0 0.0 0.0 0.0 0.0
0.0 0.0 0.0 0.0 0.0 0.0 0.0 0.0 0.0 0.0 0.0 0.0 0.0 0.0 0.0 0.0 0.01342725408 0.01389182766 0.01319572768 0.01367291948 0.01265787808 0.404579114928 0.01465421838 0.01411011257 0.01396937888 0.01414521923 0.01349011172 0.01232962883 0.01468560501 0.01292859202 0.01343544925 0.01344888265 0.01356124384 0.01228550283 0.01358428116 0.01242541228 0.01191804047 0.01420260836 0.01424400398 0.01353275151 0.01276608751 0.01299065612 0.0 0.0 0.0 0.0 0.0 0.0 0.0 0.0 0.0 0.0 0.0 0.0 0.0 0.0 0.0 0.0 0.0 0.0 0.0 0.0 0.0 0.0 0.0 0.0 0.0 0.0 0.0 0.0 0.0 0.0
0.0 0.0 0.0 0.0 0.0 0.0 0.0 0.0 0.0 0.0 0.0 0.0 0.0 0.0 0.0 0.0 0.01357115353 0.01430745952 0.01324679702 0.01393503294 0.01256110579 0.01465421838 0.355299074606 0.01463716161 0.01438341612 0.01464035157 0.01364676697 0.01212209961 0.01570732551 0.0128800695 0.01355527535 0.01362805251 0.01372887446 0.01203363131 0.01383294234 0.01234818418 0.01160901078 0.01475102285 0.01485811973 0.01376345569 0.01271283383 0.01299670961 0.0 0.0 0.0 0.0 0.0 0.0 0.0 0.0 0.0 0.0 0.0 0.0 0.0 0.0 0.0 0.0 0.0 0.0 0.0 0.0 0.0 0.0 0.0 0.0 0.0 0.0 0.0 0.0 0.0 0.0
0.0 0.0 0.0 0.0 0.0 0.0 0.0 0.0 0.0 0.0 0.0 0.0 0.0 0.0 0.0 0.0 0.01337598941 0.01375282818 0.01312975947 0.01362196723 0.01265492998 0.01411011257 0.01463716161 0.407373745285 0.01393069878 0.01408380366 0.01343373302 0.0123685027 0.01477441688 0.01294658379 0.01344629891 0.01342174701 0.01351296316 0.01231085597 0.01355212811 0.01240084819 0.01193181026 0.01410734025 0.01412413831 0.01348749208 0.0127559794 0.01301436804 0.0 0.0 0.0 0.0 0.0 0.0 0.0 0.0 0.0 0.0 0.0 0.0 0.0 0.0 0.0 0.0 0.0 0.0 0.0 0.0 0.0 0.0 0.0 0.0 0.0 0.0 0.0 0.0 0.0 0.0
0.0 0.0 0.0 0.0 0.0 0.0 0.0 0.0 0.0 0.0 0.0 0.0 0.0 0.0 0.0 0.0 0.01335017726 0.01369976437 0.01313711112 0.01356040267 0.01267506181 0.01396937888 0.01438341612 0.01393069878 0.465122271777 0.01396330611 0.01339930778 0.01239240098 0.01443058929 0.01291729825 0.0133600467 0.01336057742 0.01345687193 0.01234932468 0.01348118188 0.01247146262 0.01201996972 0.01400971609 0.01404627485 0.01344581236 0.01277744561 0.01297380142 0.0 0.0 0.0 0.0 0.0 0.0 0.0 0.0 0.0 0.0 0.0 0.0 0.0 0.0 0.0 0.0 0.0 0.0 0.0 0.0 0.0 0.0 0.0 0.0 0.0 0.0 0.0 0.0 0.0 0.0
0.0 0.0 0.0 0.0 0.0 0.0 0.0 0.0 0.0 0.0 0.0 0.0 0.0 0.0 0.0 0.0 0.01343524646 0.01391712863 0.01322971496 0.01366768736 0.01265306372 0.01414521923 0.01464035157 0.01408380366 0.01396330611 0.41509547957 0.01350099825 0.01232179567 0.01468013994 0.01291863051 0.01341701171 0.01345014346 0.01356550362 0.01229721486 0.01358662704 0.01244086275 0.01193935945 0.01421659516 0.01427679988 0.01354549742 0.01278611605 0.01297565105 0.0 0.0 0.0 0.0 0.0 0.0 0.0 0.0 0.0 0.0 0.0 0.0 0.0 0.0 0.0 0.0 0.0 0.0 0.0 0.0 0.0 0.0 0.0 0.0 0.0 0.0 0.0 0.0 0.0 0.0
0.0 0.0 0.0 0.0 0.0 0.0 0.0 0.0 0.0 0.0 0.0 0.0 0.0 0.0 0.0 0.0 0.01321883416 0.01340706696 0.01317475125 0.01328553171 0.01276717541 0.01349011172 0.01364676697 0.01343373302 0.01339930778 0.01350099825 0.70802932162 0.01257413628 0.01356976756 0.01293298792 0.01317949977 0.01322865177 0.01332223705 0.01266813305 0.01324640315 0.01255130872 0.01239320373 0.01350865223 0.01353181082 0.01322462783 0.01285754664 0.01292725347 0.0 0.0 0.0 0.0 0.0 0.0 0.0 0.0 0.0 0.0 0.0 0.0 0.0 0.0 0.0 0.0 0.0 0.0 0.0 0.0 0.0 0.0 0.0 0.0 0.0 0.0 0.0 0.0 0.0 0.0
0.0 0.0 0.0 0.0 0.0 0.0 0.0 0.0 0.0 0.0 0.0 0.0 0.0 0.0 0.0 0.0 0.01258509399 0.01232354141 0.01263730617 0.01249767492 0.01283832416 0.01232962883 0.01212209961 0.0123685027 0.01239240098 0.01232179567 0.01257413628 0.364905863497 0.01208862468 0.01279470624 0.01262948128 0.01258756246 0.0125644022 0.01297525319 0.01252619581 0.01280963098 0.01300795661 0.01227000333 0.01222042838 0.01252598291 0.01278427103 0.01275933222 0.0 0.0 0.0 0.0 0.0 0.0 0.0 0.0 0.0 0.0 0.0 0.0 0.0 0.0 0.0 0.0 0.0 0.0 0.0 0.0 0.0 0.0 0.0 0.0 0.0 0.0 0.0 0.0 0.0 0.0
0.0 0.0 0.0 0.0 0.0 0.0 0.0 0.0 0.0 0.0 0.0 0.0 0.0 0.0 0.0 0.0 0.01350172556 0.01426318995 0.0131259469 0.01395248259 0.01252867828 0.01468560501 0.01570732551 0.01477441688 0.01443058929 0.01468013994 0.01356976756 0.01208862468 1.69176553058 0.01281392151 0.01346448081 0.01359124132 0.01361202718 0.01193330303 0.01382568284 0.0123501737 0.01149430796 0.01476504143 0.01488886684 0.01378627812 0.01263839851 0.01300233499 0.0 0.0 0.0 0.0 0.0 0.0 0.0 0.0 0.0 0.0 0.0 0.0 0.0 0.0 0.0 0.0 0.0 0.0 0.0 0.0 0.0 0.0 0.0 0.0 0.0 0.0 0.0 0.0 0.0 0.0
0.0 0.0 0.0 0.0 0.0 0.0 0.0 0.0 0.0 0.0 0.0 0.0 0.0 0.0 0.0 0.0 0.01291771916 0.01281197647 0.01289321383 0.01290778654 0.01281378382 0.01292859202 0.0128800695 0.01294658379 0.01291729825 0.01291863051 0.01293298792 0.01279470624 0.01281392151 0.521580822255 0.01299343449 0.01292085463 0.01296763916 0.01281552667 0.01290603546 0.01264159496 0.01266403775 0.01288005702 0.01284050947 0.01287992179 0.01283012378 0.01289304828 0.0 0.0 0.0 0.0 0.0 0.0 0.0 0.0 0.0 0.0 0.0 0.0 0.0 0.0 0.0 0.0 0.0 0.0 0.0 0.0 0.0 0.0 0.0 0.0 0.0 0.0 0.0 0.0 0.0 0.0
0.0 0.0 0.0 0.0 0.0 0.0 0.0 0.0 0.0 0.0 0.0 0.0 0.0 0.0 0.0 0.0 0.01315715556 0.01330773181 0.01304882517 0.0132302149 0.01275589603 0.01343544925 0.01355527535 0.01344629891 0.0133600467 0.01341701171 0.01317949977 0.01262948128 0.01346448081 0.01299343449 3.49233808621 0.0131545988 0.0132559526 0.01261189948 0.01320137737 0.01251329008 0.0123542482 0.01339888972 0.01337082201 0.01315260863 0.01283974677 0.01297735103 0.0 0.0 0.0 0.0 0.0 0.0 0.0 0.0 0.0 0.0 0.0 0.0 0.0 0.0 0.0 0.0 0.0 0.0 0.0 0.0 0.0 0.0 0.0 0.0 0.0 0.0 0.0 0.0 0.0 0.0
0.0 0.0 0.0 0.0 0.0 0.0 0.0 0.0 0.0 0.0 0.0 0.0 0.0 0.0 0.0 0.0 0.01316337808 0.0133162949 0.01310211119 0.01324476308 0.01276332664 0.01344888265 0.01362805251 0.01342174701 0.01336057742 0.01345014346 0.01322865177 0.01258756246 0.01359124132 0.01292085463 0.0131545988 0.559962139419 0.01326476433 0.01265791172 0.01321073917 0.01255951002 0.01239816393 0.01345190502 0.01346434881 0.0131866307 0.0128303736 0.0129227438 0.0 0.0 0.0 0.0 0.0 0.0 0.0 0.0 0.0 0.0 0.0 0.0 0.0 0.0 0.0 0.0 0.0 0.0 0.0 0.0 0.0 0.0 0.0 0.0 0.0 0.0 0.0 0.0 0.0 0.0
0.0 0.0 0.0 0.0 0.0 0.0 0.0 0.0 0.0 0.0 0.0 0.0 0.0 0.0 0.0 0.0 0.01324854396 0.01347127765 0.01319444748 0.01332028573 0.01275636383 0.01356124384 0.01372887446 0.01351296316 0.01345687193 0.01356550362 0.01332223705 0.0125644022 0.01361202718 0.01296763916 0.0132559526 0.01326476433 0.351919826259 0.01264920477 0.01329430482 0.01251259863 0.01235849337 0.0135722998 0.01358002452 0.01325219258 0.01285940933 0.01294875878 0.0 0.0 0.0 0.0 0.0 0.0 0.0 0.0 0.0 0.0 0.0 0.0 0.0 0.0 0.0 0.0 0.0 0.0 0.0 0.0 0.0 0.0 0.0 0.0 0.0 0.0 0.0 0.0 0.0 0.0
0.0 0.0 0.0 0.0 0.0 0.0 0.0 0.0 0.0 0.0 0.0 0.0 0.0 0.0 0.0 0.0 0.01263135681 0.01234728302 0.01281351034 0.01247641404 0.0128749111 0.01228550283 0.01203363131 0.01231085597 0.01234932468 0.01229721486 0.01266813305 0.01297525319 0.01193330303 0.01281552667 0.01261189948 0.01265791172 0.01264920477 0.456644592214 0.01254021285 0.01279151673 0.0132195109 0.01223911832 0.01220297634 0.01253578732 0.01288279022 0.01273620036 0.0 0.0 0.0 0.0 0.0 0.0 0.0 0.0 0.0 0.0 0.0 0.0 0.0 0.0 0.0 0.0 0.0 0.0 0.0 0.0 0.0 0.0 0.0 0.0 0.0 0.0 0.0 0.0 0.0 0.0
0.0 0.0 0.0 0.0 0.0 0.0 0.0 0.0 0.0 0.0 0.0 0.0 0.0 0.0 0.0 0.0 0.0132001941 0.01342784828 0.01308549904 0.0133220198 0.01272596973 0.01358428116 0.01383294234 0.01355212811 0.01348118188 0.01358662704 0.01324640315 0.01252619581 0.01382568284 0.01290603546 0.01320137737 0.01321073917 0.01329430482 0.01254021285 0.323096116469 0.01254589582 0.01228350886 0.0136105068 0.01363249819 0.01324982547 0.01280731775 0.01292715103 0.0 0.0 0.0 0.0 0.0 0.0 0.0 0.0 0.0 0.0 0.0 0.0 0.0 0.0 0.0 0.0 0.0 0.0 0.0 0.0 0.0 0.0 0.0 0.0 0.0 0.0 0.0 0.0 0.0 0.0
0.0 0.0 0.0 0.0 0.0 0.0 0.0 0.0 0.0 0.0 0.0 0.0 0.0 0.0 0.0 0.0 0.01258157926 0.01254054086 0.0126076286 0.01254668912 0.01276870557 0.01242541228 0.01234818418 0.01240084819 0.01247146262 0.01244086275 0.01255130872 0.01280963098 0.0123501737 0.01264159496 0.01251329008 0.01255951002 0.01251259863 0.01279151673 0.01254589582 0.27884117859 0.01293436045 0.01246563885 0.01249462116 0.01258881079 0.01274798641 0.01265342858 0.0 0.0 0.0 0.0 0.0 0.0 0.0 0.0 0.0 0.0 0.0 0.0 0.0 0.0 0.0 0.0 0.0 0.0 0.0 0.0 0.0 0.0 0.0 0.0 0.0 0.0 0.0 0.0 0.0 0.0
0.0 0.0 0.0 0.0 0.0 0.0 0.0 0.0 0.0 0.0 0.0 0.0 0.0 0.0 0.0 0.0 0.01239657342 0.0120683907 0.01264535672 0.01219209976 0.012825753 0.01191804047 0.01160901078 0.01193181026 0.01201996972 0.01193935945 0.01239320373 0.01300795661 0.01149430796 0.01266403775 0.0123542482 0.01239816393 0.01235849337 0.0132195109 0.01228350886 0.01293436045 1.27496326021 0.01191621299 0.01190335749 0.01229818756 0.01285831002 0.01258163028 0.0 0.0 0.0 0.0 0.0 0.0 0.0 0.0 0.0 0.0 0.0 0.0 0.0 0.0 0.0 0.0 0.0 0.0 0.0 0.0 0.0 0.0 0.0 0.0 0.0 0.0 0.0 0.0 0.0 0.0
0.0 0.0 0.0 0.0 0.0 0.0 0.0 0.0 0.0 0.0 0.0 0.0 0.0 0.0 0.0 0.0 0.01345325165 0.01399933062 0.01324314715 0.01369596753 0.01262843155 0.01420260836 0.01475102285 0.01410734025 0.01400971609 0.01421659516 0.01350865223 0.01227000333 0.01476504143 0.01288005702 0.01339888972 0.01345190502 0.0135722998 0.01223911832 0.0136105068 0.01246563885 0.01191621299 0.371844834455 0.01441429266 0.01357618956 0.01278333224 0.01294016718 0.0 0.0 0.0 0.0 0.0 0.0 0.0 0.0 0.0 0.0 0.0 0.0 0.0 0.0 0.0 0.0 0.0 0.0 0.0 0.0 0.0 0.0 0.0 0.0 0.0 0.0 0.0 0.0 0.0 0.0
0.0 0.0 0.0 0.0 0.0 0.0 0.0 0.0 0.0 0.0 0.0 0.0 0.0 0.0 0.0 0.0 0.01347467203 0.01409795749 0.01326855491 0.01372447993 0.01260962534 0.01424400398 0.01485811973 0.01412413831 0.01404627485 0.01427679988 0.01353181082 0.01222042838 0.01488886684 0.01284050947 0.01337082201 0.01346434881 0.01358002452 0.01220297634 0.01363249819 0.01249462116 0.01190335749 0.01441429266 0.526225885242 0.01361615764 0.0127969012 0.01290788839 0.0 0.0 0.0 0.0 0.0 0.0 0.0 0.0 0.0 0.0 0.0 0.0 0.0 0.0 0.0 0.0 0.0 0.0 0.0 0.0 0.0 0.0 0.0 0.0 0.0 0.0 0.0 0.0 0.0 0.0
0.0 0.0 0.0 0.0 0.0 0.0 0.0 0.0 0.0 0.0 0.0 0.0 0.0 0.0 0.0 0.0 0.01318670774 0.0133774876 0.01307547109 0.01331241838 0.01273421667 0.01353275151 0.01376345569 0.01348749208 0.01344581236 0.01354549742 0.01322462783 0.01252598291 0.01378627812 0.01287992179 0.01315260863 0.0131866307 0.01325219258 0.01253578732 0.01324982547 0.01258881079 0.01229818756 0.01357618956 0.01361615764 0.555632430325 0.01280848564 0.01291428604 0.0 0.0 0.0 0.0 0.0 0.0 0.0 0.0 0.0 0.0 0.0 0.0 0.0 0.0 0.0 0.0 0.0 0.0 0.0 0.0 0.0 0.0 0.0 0.0 0.0 0.0 0.0 0.0 0.0 0.0
0.0 0.0 0.0 0.0 0.0 0.0 0.0 0.0 0.0 0.0 0.0 0.0 0.0 0.0 0.0 0.0 0.01284084517 0.01274923025 0.0128995201 0.01279149702 0.01279077577 0.01276608751 0.01271283383 0.0127559794 0.01277744561 0.01278611605 0.01285754664 0.01278427103 0.01263839851 0.01283012378 0.01283974677 0.0128303736 0.01285940933 0.01288279022 0.01280731775 0.01274798641 0.01285831002 0.01278333224 0.0127969012 0.01280848564 0.781675048788 0.0127908305 0.0 0.0 0.0 0.0 0.0 0.0 0.0 0.0 0.0 0.0 0.0 0.0 0.0 0.0 0.0 0.0 0.0 0.0 0.0 0.0 0.0 0.0 0.0 0.0 0.0 0.0 0.0 0.0 0.0 0.0
0.0 0.0 0.0 0.0 0.0 0.0 0.0 0.0 0.0 0.0 0.0 0.0 0.0 0.0 0.0 0.0 0.0129164085 0.01284504953 0.01284795989 0.01294968417 0.01279479958 0.01299065612 0.01299670961 0.01301436804 0.01297380142 0.01297565105 0.01292725347 0.01275933222 0.01300233499 0.01289304828 0.01297735103 0.0129227438 0.01294875878 0.01273620036 0.01292715103 0.01265342858 0.01258163028 0.01294016718 0.01290788839 0.01291428604 0.0127908305 0.50268556268 0.0 0.0 0.0 0.0 0.0 0.0 0.0 0.0 0.0 0.0 0.0 0.0 0.0 0.0 0.0 0.0 0.0 0.0 0.0 0.0 0.0 0.0 0.0 0.0 0.0 0.0 0.0 0.0 0.0 0.0
0.0 0.0 0.0 0.0 0.0 0.0 0.0 0.0 0.0 0.0 0.0 0.0 0.0 0.0 0.0 0.0 0.0 0.0 0.0 0.0 0.0 0.0 0.0 0.0 0.0 0.0 0.0 0.0 0.0 0.0 0.0 0.0 0.0 0.0 0.0 0.0 0.0 0.0 0.0 0.0 0.0 0.0 0.188968527164 0.007014774262 0.007226311051 0.007558902743 0.007035152601 0.007296454775 0.0073874778 0.007471654346 0.007374841162 0.007057511941 0.007287021096 0.007469544276 0.007594142971 0.007346252244 0.007261147601 0.007326107904 0.007296770137 0.007438917094 0.007505509923 0.006730115743 0.007111304233 0.006710867793 0.0 0.0 0.0 0.0 0.0 0.0 0.0 0.0
0.0 0.0 0.0 0.0 0.0 0.0 0.0 0.0 0.0 0.0 0.0 0.0 0.0 0.0 0.0 0.0 0.0 0.0 0.0 0.0 0.0 0.0 0.0 0.0 0.0 0.0 0.0 0.0 0.0 0.0 0.0 0.0 0.0 0.0 0.0 0.0 0.0 0.0 0.0 0.0 0.0 0.0 0.007014774262 0.223795022134 0.007018590411 0.007282612378 0.007109011403 0.007297727954 0.007320557526 0.007288319324 0.007258681056 0.006947133037 0.007158122504 0.007255684901 0.007254226189 0.007115808404 0.007083183574 0.007164682529 0.007201890162 0.007251637813 0.00735147847 0.006900962369 0.007198662149 0.00682482701 0.0 0.0 0.0 0.0 0.0 0.0 0.0 0.0
0.0 0.0 0.0 0.0 0.0 0.0 0.0 0.0 0.0 0.0 0.0 0.0 0.0 0.0 0.0 0.0 0.0 0.0 0.0 0.0 0.0 0.0 0.0 0.0 0.0 0.0 0.0 0.0 0.0 0.0 0.0 0.0 0.0 0.0 0.0 0.0 0.0 0.0 0.0 0.0 0.0 0.0 0.007226311051 0.007018590411 0.16768018547 0.007134946139 0.007110632061 0.007076136349 0.007086405931 0.00711309743 0.007131081868 0.007093318059 0.007150209027 0.00712656353 0.007162890774 0.007214200159 0.007170884488 0.007141343899 0.007078695456 0.007101212324 0.00704887043 0.006920362544 0.007081795623 0.006937279755 0.0 0.0 0.0 0.0 0.0 0.0 0.0 0.0
0.0 0.0 0.0 0.0 0.0 0.0 0.0 0.0 0.0 0.0 0.0 0.0 0.0 0.0 0.0 0.0 0.0 0.0 0.0 0.0 0.0 0.0 0.0 0.0 0.0 0.0 0.0 0.0 0.0 0.0 0.0 0.0 0.0 0.0 0.0 0.0 0.0 0.0 0.0 0.0 0.0 0.0 0.007558902743 0.007282612378 0.007134946139 0.415686388551 0.006923597856 0.008120304614 0.00839739224 0.008562419141 0.008091001611 0.006834382404 0.007607731351 0.008452624377 0.008795182934 0.007575471097 0.007391348534 0.007764476769 0.007904178262 0.008404621374 0.009085799434 0.006264961884 0.007332659223 0.00607554877 0.0 0.0 0.0 0.0 0.0 0.0 0.0 0.0
0.0 0.0 0.0 0.0 0.0 0.0 0.0 0.0 0.0 0.0 0.0 0.0 0.0 0.0 0.0 0.0 0.0 0.0 0.0 0.0 0.0 0.0 0.0 0.0 0.0 0.0 0.0 0.0 0.0 0.0 0.0 0.0 0.0 0.0 0.0 0.0 0.0 0.0 0.0 0.0 0.0 0.0 0.007035152601 0.007109011403 0.007110632061 0.006923597856 0.247051950187 0.007013818862 0.006981580418 0.006950365095 0.00702424017 0.007060589137 0.007069568539 0.006958948341 0.00692738592 0.007094349571 0.007080537412 0.007033486493 0.006987218202 0.006941033757 0.006865656192 0.007035512862 0.00710428145 0.007033640229 0.0 0.0 0.0 0.0 0.0 0.0 0.0 0.0
0.0 0.0 0.0 0.0 0.0 0.0 0.0 0.0 0.0 0.0 0.0 0.0 0.0 0.0 0.0 0.0 0.0 0.0 0.0 0.0 0.0 0.0 0.0 0.0 0.0 0.0 0.0 0.0 0.0 0.0 0.0 0.0 0.0 0.0 0.0 0.0 0.0 0.0 0.0 0.0 0.0 0.0 0.007296454775 0.007297727954 0.007076136349 0.008120304614 0.007013818862 0.270815770266 0.007946728096 0.008009832698 0.00774369981 0.006880484779 0.007430903729 0.007926012819 0.008070678344 0.00736441121 0.007262442293 0.007513615094 0.007617307399 0.007922901683 0.008384162801 0.006528033442 0.007321836661 0.006373394608 0.0 0.0 0.0 0.0 0.0 0.0 0.0 0.0
0.0 0.0 0.0 0.0 0.0 0.0 0.0 0.0 0.0 0.0 0.0 0.0 0.0 0.0 0.0 0.0 0.0 0.0 0.0 0.0 0.0 0.0 0.0 0.0 0.0 0.0 0.0 0.0 0.0 0.0 0.0 0.0 0.0 0.0 0.0 0.0 0.0 0.0 0.0 0.0 0.0 0.0 0.0073874778 0.007320557526 0.007086405931 0.00839739224 0.006981580418 0.007946728096 0.803007988246 0.008235091784 0.007896924783 0.006854222458 0.007509416248 0.008146018703 0.008359312121 0.007442963758 0.007309826925 0.007615602693 0.007744988529 0.008126201966 0.008649648008 0.00641851389 0.007339488866 0.006239635621 0.0 0.0 0.0 0.0 0.0 0.0 0.0 0.0
0.0 0.0 0.0 0.0 0.0 0.0 0.0 0.0 0.0 0.0 0.0 0.0 0.0 0.0 0.0 0.0 0.0 0.0 0.0 0.0 0.0 0.0 0.0 0.0 0.0 0.0 0.0 0.0 0.0 0.0 0.0 0.0 0.0 0.0 0.0 0.0 0.0 0.0 0.0 0.0 0.0 0.0 0.007471654346 0.007288319324 0.00711309743 0.008562419141 0.006950365095 0.008009832698 0.008235091784 0.579928076008 0.007975172492 0.006847417176 0.007544740572 0.008268960773 0.008531224624 0.007504040771 0.00735014828 0.007690342635 0.007820975856 0.008245252945 0.008810511181 0.006351744889 0.007330073818 0.006172862538 0.0 0.0 0.0 0.0 0.0 0.0 0.0 0.0
0.0 0.0 0.0 0.0 0.0 0.0 0.0 0.0 0.0 0.0 0.0 0.0 0.0 0.0 0.0 0.0 0.0 0.0 0.0 0.0 0.0 0.0 0.0 0.0 0.0 0.0 0.0 0.0 0.0 0.0 0.0 0.0 0.0 0.0 0.0 0.0 0.0 0.0 0.0 0.0 0.0 0.0 0.007374841162 0.007258681056 0.007131081868 0.008091001611 0.00702424017 0.00774369981 0.007896924783 0.007975172492 0.411698780371 0.006915180619 0.007450481771 0.007910269444 0.008069143765 0.007414681755 0.007297955303 0.007534296427 0.007612689692 0.007897284007 0.00822508059 0.006520818651 0.007294993619 0.006383526769 0.0 0.0 0.0 0.0 0.0 0.0 0.0 0.0
0.0 0.0 0.0 0.0 0.0 0.0 0.0 0.0 0.0 0.0 0.0 0.0 0.0 0.0 0.0 0.0 0.0 0.0 0.0 0.0 0.0 0.0 0.0 0.0 0.0 0.0 0.0 0.0 0.0 0.0 0.0 0.0 0.0 0.0 0.0 0.0 0.0 0.0 0.0 0.0 0.0 0.0 0.007057511941 0.006947133037 0.007093318059 0.006834382404 0.007060589137 0.006880484779 0.006854222458 0.006847417176 0.006915180619 0.270148212641 0.007005398359 0.006877404272 0.006856925837 0.007034168645 0.007042779787 0.006968903963 0.006917754016 0.006870509665 0.006754772231 0.0070777918 0.006991691039 0.007113202942 0.0 0.0 0.0 0.0 0.0 0.0 0.0 0.0
0.0 0.0 0.0 0.0 0.0 0.0 0.0 0.0 0.0 0.0 0.0 0.0 0.0 0.0 0.0 0.0 0.0 0.0 0.0 0.0 0.0 0.0 0.0 0.0 0.0 0.0 0.0 0.0 0.0 0.0 0.0 0.0 0.0 0.0 0.0 0.0 0.0 0.0 0.0 0.0 0.0 0.0 0.007287021096 0.007158122504 0.007150209027 0.007607731351 0.007069568539 0.007430903729 0.007509416248 0.007544740572 0.007450481771 0.007005398359 0.309306503247 0.007524719381 0.007614936049 0.00730590029 0.007232980036 0.007345731807 0.007363331132 0.00751568844 0.007649071811 0.006705669065 0.007210968977 0.006627121262 0.0 0.0 0.0 0.0 0.0 0.0 0.0 0.0
0.0 0.0 0.0 0.0 0.0 0.0 0.0 0.0 0.0 0.0 0.0 0.0 0.0 0.0 0.0 0.0 0.0 0.0 0.0 0.0 0.0 0.0 0.0 0.0 0.0 0.0 0.0 0.0 0.0 0.0 0.0 0.0 0.0 0.0 0.0 0.0 0.0 0.0 0.0 0.0 0.0 0.0 0.007469544276 0.007255684901 0.00712656353 0.008452624377 0.006958948341 0.007926012819 0.008146018703 0.008268960773 0.007910269444 0.006877404272 0.007524719381 1.00864224217 0.008436268637 0.007488054055 0.007340737213 0.007647009157 0.007760565624 0.008155564891 0.00866535338 0.006392403266 0.007303761042 0.006228263179 0.0 0.0 0.0 0.0 0.0 0.0 0.0 0.0
0.0 0.0 0.0 0.0 0.0 0.0 0.0 0.0 0.0 0.0 0.0 0.0 0.0 0.0 0.0 0.0 0.0 0.0 0.0 0.0 0.0 0.0 0.0 0.0 0.0 0.0 0.0 0.0 0.0 0.0 0.0 0.0 0.0 0.0 0.0 0.0 0.0 0.0 0.0 0.0 0.0 0.0 0.007594142971 0.007254226189 0.007162890774 0.008795182934 0.00692738592 0.008070678344 0.008359312121 0.008531224624 0.008069143765 0.006856925837 0.007614936049 0.008436268637 1.31463725173 0.007597205096 0.007402657242 0.007756010039 0.007875143797 0.008372567358 0.009027440207 0.006267946664 0.007308125942 0.006095608784 0.0 0.0 0.0 0.0 0.0 0.0 0.0 0.0
0.0 0.0 0.0 0.0 0.0 0.0 0.0 0.0 0.0 0.0 0.0 0.0 0.0 0.0 0.0 0.0 0.0 0.0 0.0 0.0 0.0 0.0 0.0 0.0 0.0 0.0 0.0 0.0 0.0 0.0 0.0 0.0 0.0 0.0 0.0 0.0 0.0 0.0 0.0 0.0 0.0 0.0 0.007346252244 0.007115808404 0.007214200159 0.007575471097 0.007094349571 0.00736441121 0.007442963758 0.007504040771 0.007414681755 0.007034168645 0.00730590029 0.007488054055 0.007597205096 0.33859736364 0.007260191389 0.007335793266 0.007312850726 0.007453841593 0.007551385843 0.006728755831 0.007177646523 0.006688401664 0.0 0.0 0.0 0.0 0.0 0.0 0.0 0.0
0.0 0.0 0.0 0.0 0.0 0.0 0.0 0.0 0.0 0.0 0.0 0.0 0.0 0.0 0.0 0.0 0.0 0.0 0.0 0.0 0.0 0.0 0.0 0.0 0.0 0.0 0.0 0.0 0.0 0.0 0.0 0.0 0.0 0.0 0.0 0.0 0.0 0.0 0.0 0.0 0.0 0.0 0.007261147601 0.007083183574 0.007170884488 0.007391348534 0.007080537412 0.007262442293 0.007309826925 0.00735014828 0.007297955303 0.007042779787 0.007232980036 0.007340737213 0.007402657242 0.007260191389 0.277954793718 0.007254140872 0.007236241468 0.007325193651 0.007377608392 0.0068053675 0.007143966069 0.006773420974 0.0 0.0 0.0 0.0 0.0 0.0 0.0 0.0
0.0 0.0 0.0 0.0 0.0 0.0 0.0 0.0 0.0 0.0 0.0 0.0 0.0 0.0 0.0 0.0 0.0 0.0 0.0 0.0 0.0 0.0 0.0 0.0 0.0 0.0 0.0 0.0 0.0 0.0 0.0 0.0 0.0 0.0 0.0 0.0 0.0 0.0 0.0 0.0 0.0 0.0 0.007326107904 0.007164682529 0.007141343899 0.007764476769 0.007033486493 0.007513615094 0.007615602693 0.007690342635 0.007534296427 0.006968903963 0.007345731807 0.007647009157 0.007756010039 0.007335793266 0.007254140872 0.31481770865 0.007464512151 0.007640197716 0.007826304689 0.00664845403 0.007216896205 0.006551630652 0.0 0.0 0.0 0.0 0.0 0.0 0.0 0.0
0.0 0.0 0.0 0.0 0.0 0.0 0.0 0.0 0.0 0.0 0.0 0.0 0.0 0.0 0.0 0.0 0.0 0.0 0.0 0.0 0.0 0.0 0.0 0.0 0.0 0.0 0.0 0.0 0.0 0.0 0.0 0.0 0.0 0.0 0.0 0.0 0.0 0.0 0.0 0.0 0.0 0.0 0.007296770137 0.007201890162 0.007078695456 0.007904178262 0.006987218202 0.007617307399 0.007744988529 0.007820975856 0.007612689692 0.006917754016 0.007363331132 0.007760565624 0.007875143797 0.007312850726 0.007236241468 0.007464512151 0.292772993713 0.007772443306 0.008029546769 0.006602716517 0.007237626229 0.006464037039 0.0 0.0 0.0 0.0 0.0 0.0 0.0 0.0
0.0 0.0 0.0 0.0 0.0 0.0 0.0 0.0 0.0 0.0 0.0 0.0 0.0 0.0 0.0 0.0 0.0 0.0 0.0 0.0 0.0 0.0 0.0 0.0 0.0 0.0 0.0 0.0 0.0 0.0 0.0 0.0 0.0 0.0 0.0 0.0 0.0 0.0 0.0 0.0 0.0 0.0 0.007438917094 0.007251637813 0.007101212324 0.008404621374 0.006941033757 0.007922901683 0.008126201966 0.008245252945 0.007897284007 0.006870509665 0.00751568844 0.008155564891 0.008372567358 0.007453841593 0.007325193651 0.007640197716 0.007772443306 0.513095855613 0.008630635814 0.006394990366 0.007308884237 0.006223105003 0.0 0.0 0.0 0.0 0.0 0.0 0.0 0.0
0.0 0.0 0.0 0.0 0.0 0.0 0.0 0.0 0.0 0.0 0.0 0.0 0.0 0.0 0.0 0.0 0.0 0.0 0.0 0.0 0.0 0.0 0.0 0.0 0.0 0.0 0.0 0.0 0.0 0.0 0.0 0.0 0.0 0.0 0.0 0.0 0.0 0.0 0.0 0.0 0.0 0.0 0.007505509923 0.00735147847 0.00704887043 0.009085799434 0.006865656192 0.008384162801 0.008649648008 0.008810511181 0.00822508059 0.006754772231 0.007649071811 0.00866535338 0.009027440207 0.007551385843 0.007377608392 0.007826304689 0.008029546769 0.008630635814 1.22617311047 0.006165942226 0.007396346203 0.005926576982 0.0 0.0 0.0 0.0 0.0 0.0 0.0 0.0
0.0 0.0 0.0 0.0 0.0 0.0 0.0 0.0 0.0 0.0 0.0 0.0 0.0 0.0 0.0 0.0 0.0 0.0 0.0 0.0 0.0 0.0 0.0 0.0 0.0 0.0 0.0 0.0 0.0 0.0 0.0 0.0 0.0 0.0 0.0 0.0 0.0 0.0 0.0 0.0 0.0 0.0 0.006730115743 0.006900962369 0.006920362544 0.006264961884 0.007035512862 0.006528033442 0.00641851389 0.006351744889 0.006520818651 0.0070777918 0.006705669065 0.006392403266 0.006267946664 0.006728755831 0.0068053675 0.00664845403 0.006602716517 0.006394990366 0.006165942226 0.190136319818 0.006843400408 0.007506775164 0.0 0.0 0.0 0.0 0.0 0.0 0.0 0.0
0.0 0.0 0.0 0.0 0.0 0.0 0.0 0.0 0.0 0.0 0.0 0.0 0.0 0.0 0.0 0.0 0.0 0.0 0.0 0.0 0.0 0.0 0.0 0.0 0.0 0.0 0.0 0.0 0.0 0.0 0.0 0.0 0.0 0.0 0.0 0.0 0.0 0.0 0.0 0.0 0.0 0.0 0.007111304233 0.007198662149 0.007081795623 0.007332659223 0.00710428145 0.007321836661 0.007339488866 0.007330073818 0.007294993619 0.006991691039 0.007210968977 0.007303761042 0.007308125942 0.007177646523 0.007143966069 0.007216896205 0.007237626229 0.007308884237 0.007396346203 0.006843400408 0.264486453912 0.006769084592 0.0 0.0 0.0 0.0 0.0 0.0 0.0 0.0
0.0 0.0 0.0 0.0 0.0 0.0 0.0 0.0 0.0 0.0 0.0 0.0 0.0 0.0 0.0 0.0 0.0 0.0 0.0 0.0 0.0 0.0 0.0 0.0 0.0 0.0 0.0 0.0 0.0 0.0 0.0 0.0 0.0 0.0 0.0 0.0 0.0 0.0 0.0 0.0 0.0 0.0 0.006710867793 0.00682482701 0.006937279755 0.00607554877 0.007033640229 0.006373394608 0.006239635621 0.006172862538 0.006383526769 0.007113202942 0.006627121262 0.006228263179 0.006095608784 0.006688401664 0.006773420974 0.006551630652 0.006464037039 0.006223105003 0.005926576982 0.007506775164 0.006769084592 0.335077197668 0.0 0.0 0.0 0.0 0.0 0.0 0.0 0.0
0.0 0.0 0.0 0.0 0.0 0.0 0.0 0.0 0.0 0.0 0.0 0.0 0.0 0.0 0.0 0.0 0.0 0.0 0.0 0.0 0.0 0.0 0.0 0.0 0.0 0.0 0.0 0.0 0.0 0.0 0.0 0.0 0.0 0.0 0.0 0.0 0.0 0.0 0.0 0.0 0.0 0.0 0.0 0.0 0.0 0.0 0.0 0.0 0.0 0.0 0.0 0.0 0.0 0.0 0.0 0.0 0.0 0.0 0.0 0.0 0.0 0.0 0.0 0.0 0.138595925055 0.01037840066 0.01047191682 0.01006108598 0.01074012289 0.01070637086 0.01026319177 0.01017643273
0.0 0.0 0.0 0.0 0.0 0.0 0.0 0.0 0.0 0.0 0.0 0.0 0.0 0.0 0.0 0.0 0.0 0.0 0.0 0.0 0.0 0.0 0.0 0.0 0.0 0.0 0.0 0.0 0.0 0.0 0.0 0.0 0.0 0.0 0.0 0.0 0.0 0.0 0.0 0.0 0.0 0.0 0.0 0.0 0.0 0.0 0.0 0.0 0.0 0.0 0.0 0.0 0.0 0.0 0.0 0.0 0.0 0.0 0.0 0.0 0.0 0.0 0.0 0.0 0.01037840066 0.130873621317 0.01036927744 0.01012467438 0.01050513347 0.01053303363 0.01038783957 0.01024020493
0.0 0.0 0.0 0.0 0.0 0.0 0.0 0.0 0.0 0.0 0.0 0.0 0.0 0.0 0.0 0.0 0.0 0.0 0.0 0.0 0.0 0.0 0.0 0.0 0.0 0.0 0.0 0.0 0.0 0.0 0.0 0.0 0.0 0.0 0.0 0.0 0.0 0.0 0.0 0.0 0.0 0.0 0.0 0.0 0.0 0.0 0.0 0.0 0.0 0.0 0.0 0.0 0.0 0.0 0.0 0.0 0.0 0.0 0.0 0.0 0.0 0.0 0.0 0.0 0.01047191682 0.01036927744 0.356697654691 0.01010436888 0.01058988508 0.01060341759 0.01037399446 0.01022785831
0.0 0.0 0.0 0.0 0.0 0.0 0.0 0.0 0.0 0.0 0.0 0.0 0.0 0.0 0.0 0.0 0.0 0.0 0.0 0.0 0.0 0.0 0.0 0.0 0.0 0.0 0.0 0.0 0.0 0.0 0.0 0.0 0.0 0.0 0.0 0.0 0.0 0.0 0.0 0.0 0.0 0.0 0.0 0.0 0.0 0.0 0.0 0.0 0.0 0.0 0.0 0.0 0.0 0.0 0.0 0.0 0.0 0.0 0.0 0.0 0.0 0.0 0.0 0.0 0.01006108598 0.01012467438 0.01010436888 0.105994415907 0.009856140338 0.009821489274 0.01010040068 0.01028605776
0.0 0.0 0.0 0.0 0.0 0.0 0.0 0.0 0.0 0.0 0.0 0.0 0.0 0.0 0.0 0.0 0.0 0.0 0.0 0.0 0.0 0.0 0.0 0.0 0.0 0.0 0.0 0.0 0.0 0.0 0.0 0.0 0.0 0.0 0.0 0.0 0.0 0.0 0.0 0.0 0.0 0.0 0.0 0.0 0.0 0.0 0.0 0.0 0.0 0.0 0.0 0.0 0.0 0.0 0.0 0.0 0.0 0.0 0.0 0.0 0.0 0.0 0.0 0.0 0.01074012289 0.01050513347 0.01058988508 0.009856140338 0.339710582099 0.01122971518 0.0105252025 0.01013383005
0.0 0.0 0.0 0.0 0.0 0.0 0.0 0.0 0.0 0.0 0.0 0.0 0.0 0.0 0.0 0.0 0.0 0.0 0.0 0.0 0.0 0.0 0.0 0.0 0.0 0.0 0.0 0.0 0.0 0.0 0.0 0.0 0.0 0.0 0.0 0.0 0.0 0.0 0.0 0.0 0.0 0.0 0.0 0.0 0.0 0.0 0.0 0.0 0.0 0.0 0.0 0.0 0.0 0.0 0.0 0.0 0.0 0.0 0.0 0.0 0.0 0.0 0.0 0.0 0.01070637086 0.01053303363 0.01060341759 0.009821489274 0.01122971518 0.214834917233 0.01062707806 0.01013663764
0.0 0.0 0.0 0.0 0.0 0.0 0.0 0.0 0.0 0.0 0.0 0.0 0.0 0.0 0.0 0.0 0.0 0.0 0.0 0.0 0.0 0.0 0.0 0.0 0.0 0.0 0.0 0.0 0.0 0.0 0.0 0.0 0.0 0.0 0.0 0.0 0.0 0.0 0.0 0.0 0.0 0.0 0.0 0.0 0.0 0.0 0.0 0.0 0.0 0.0 0.0 0.0 0.0 0.0 0.0 0.0 0.0 0.0 0.0 0.0 0.0 0.0 0.0 0.0 0.01026319177 0.01038783957 0.01037399446 0.01010040068 0.0105252025 0.01062707806 0.148343056534 0.01027174013
0.0 0.0 0.0 0.0 0.0 0.0 0.0 0.0 0.0 0.0 0.0 0.0 0.0 0.0 0.0 0.0 0.0 0.0 0.0 0.0 0.0 0.0 0.0 0.0 0.0 0.0 0.0 0.0 0.0 0.0 0.0 0.0 0.0 0.0 0.0 0.0 0.0 0.0 0.0 0.0 0.0 0.0 0.0 0.0 0.0 0.0 0.0 0.0 0.0 0.0 0.0 0.0 0.0 0.0 0.0 0.0 0.0 0.0 0.0 0.0 0.0 0.0 0.0 0.0 0.01017643273 0.01024020493 0.01022785831 0.01028605776 0.01013383005 0.01013663764 0.01027174013 0.138171188075
