109 109
0.54118897098 0.008710772873 0.008185513257 0.00907865246 0.00835403006 0.00854444503 0.008296551623 0.007934663269 0.008640578598 0.008200204368 0.00870543249 0.007699840456 0.008512258821 0.008153327615 0.008937107149 0.008229620645 0.008650787402 0.008271600064 0.008407723477 0.008476348946 0.007951696944 0.008093733643 0.008503689281 0.006689572765 0.00736806564 0.0 0.0 0.0 0.0 0.0 0.0 0.0 0.0 0.0 0.0 0.0 0.0 0.0 0.0 0.0 0.0 0.0 0.0 0.0 0.0 0.0 0.0 0.0 0.0 0.0 0.0 0.0 0.0 0.0 0.0 0.0 0.0 0.0 0.0 0.0 0.0 0.0 0.0 0.0 0.0 0.0 0.0 0.0 0.0 0.0 0.0 0.0 0.0 0.0 0.0 0.0 0.0 0.0 0.0 0.0 0.0 0.0 0.0 0.0 0.0 0.0 0.0 0.0 0.0 0.0 0.0 0.0 0.0 0.0 0.0 0.0 0.0 0.0 0.0 0.0 0.0 0.0 0.0 0.0 0.0 0.0 0.0 0.0 0.0
0.008710772873 0.833276129128 0.008172908605 0.008955148251 0.008250802155 0.00847848953 0.008154444507 0.007925750308 0.008584710466 0.008248736397 0.008682139056 0.007849128369 0.008448246923 0.008158830772 0.008781407875 0.008249205891 0.008597921235 0.008294171267 0.008375735101 0.008502368053 0.007973584719 0.008155022433 0.008500036467 0.007050094942 0.007636166296 0.0 0.0 0.0 0.0 0.0 0.0 0.0 0.0 0.0 0.0 0.0 0.0 0.0 0.0 0.0 0.0 0.0 0.0 0.0 0.0 0.0 0.0 0.0 0.0 0.0 0.0 0.0 0.0 0.0 0.0 0.0 0.0 0.0 0.0 0.0 0.0 0.0 0.0 0.0 0.0 0.0 0.0 0.0 0.0 0.0 0.0 0.0 0.0 0.0 0.0 0.0 0.0 0.0 0.0 0.0 0.0 0.0 0.0 0.0 0.0 0.0 0.0 0.0 0.0 0.0 0.0 0.0 0.0 0.0 0.0 0.0 0.0 0.0 0.0 0.0 0.0 0.0 0.0 0.0 0.0 0.0 0.0 0.0 0.0
0.008185513257 0.008172908605 0.299860324121 0.008172607946 0.008213771327 0.008197067739 0.008222874724 0.008208051417 0.008183633605 0.008181574379 0.008180943318 0.008150144498 0.008200777309 0.00820945898 0.008184297033 0.008191318878 0.008179615984 0.008192935013 0.008194687494 0.008181937241 0.008196520806 0.008182484949 0.008183431649 0.008063380112 0.008095006706 0.0 0.0 0.0 0.0 0.0 0.0 0.0 0.0 0.0 0.0 0.0 0.0 0.0 0.0 0.0 0.0 0.0 0.0 0.0 0.0 0.0 0.0 0.0 0.0 0.0 0.0 0.0 0.0 0.0 0.0 0.0 0.0 0.0 0.0 0.0 0.0 0.0 0.0 0.0 0.0 0.0 0.0 0.0 0.0 0.0 0.0 0.0 0.0 0.0 0.0 0.0 0.0 0.0 0.0 0.0 0.0 0.0 0.0 0.0 0.0 0.0 0.0 0.0 0.0 0.0 0.0 0.0 0.0 0.0 0.0 0.0 0.0 0.0 0.0 0.0 0.0 0.0 0.0 0.0 0.0 0.0 0.0 0.0 0.0
0.00907865246 0.008955148251 0.008172607946 0.610443702495 0.008330399612 0.008655510609 0.008204939182 0.007803150916 0.008817209801 0.008225851881 0.008922043122 0.007592272816 0.008596311735 0.008114336993 0.009220090685 0.008251168169 0.008854521855 0.008315922378 0.008478744626 0.008636926872 0.007844260329 0.008095532489 0.008653200217 0.006319914937 0.007221760353 0.0 0.0 0.0 0.0 0.0 0.0 0.0 0.0 0.0 0.0 0.0 0.0 0.0 0.0 0.0 0.0 0.0 0.0 0.0 0.0 0.0 0.0 0.0 0.0 0.0 0.0 0.0 0.0 0.0 0.0 0.0 0.0 0.0 0.0 0.0 0.0 0.0 0.0 0.0 0.0 0.0 0.0 0.0 0.0 0.0 0.0 0.0 0.0 0.0 0.0 0.0 0.0 0.0 0.0 0.0 0.0 0.0 0.0 0.0 0.0 0.0 0.0 0.0 0.0 0.0 0.0 0.0 0.0 0.0 0.0 0.0 0.0 0.0 0.0 0.0 0.0 0.0 0.0 0.0 0.0 0.0 0.0 0.0 0.0
0.00835403006 0.008250802155 0.008213771327 0.008330399612 0.394774118614 0.008288535804 0.008398855874 0.008197886141 0.008279426774 0.008167021754 0.008274698142 0.007988645979 0.008307468029 0.008222060266 0.008357067045 0.008211695921 0.008272913978 0.008196923638 0.00825154237 0.008176748277 0.008181007873 0.008103162014 0.008215354019 0.007643149791 0.007747134984 0.0 0.0 0.0 0.0 0.0 0.0 0.0 0.0 0.0 0.0 0.0 0.0 0.0 0.0 0.0 0.0 0.0 0.0 0.0 0.0 0.0 0.0 0.0 0.0 0.0 0.0 0.0 0.0 0.0 0.0 0.0 0.0 0.0 0.0 0.0 0.0 0.0 0.0 0.0 0.0 0.0 0.0 0.0 0.0 0.0 0.0 0.0 0.0 0.0 0.0 0.0 0.0 0.0 0.0 0.0 0.0 0.0 0.0 0.0 0.0 0.0 0.0 0.0 0.0 0.0 0.0 0.0 0.0 0.0 0.0 0.0 0.0 0.0 0.0 0.0 0.0 0.0 0.0 0.0 0.0 0.0 0.0 0.0 0.0
0.00854444503 0.00847848953 0.008197067739 0.008655510609 0.008288535804 0.425459596742 0.008240140239 0.008050902734 0.008423391337 0.008197725801 0.008472162517 0.007879592056 0.00837930876 0.008162889492 0.008589572517 0.008219826684 0.008442342853 0.008253164084 0.00833508445 0.00837431374 0.008038796925 0.008157368669 0.008379039765 0.007234249458 0.007688347132 0.0 0.0 0.0 0.0 0.0 0.0 0.0 0.0 0.0 0.0 0.0 0.0 0.0 0.0 0.0 0.0 0.0 0.0 0.0 0.0 0.0 0.0 0.0 0.0 0.0 0.0 0.0 0.0 0.0 0.0 0.0 0.0 0.0 0.0 0.0 0.0 0.0 0.0 0.0 0.0 0.0 0.0 0.0 0.0 0.0 0.0 0.0 0.0 0.0 0.0 0.0 0.0 0.0 0.0 0.0 0.0 0.0 0.0 0.0 0.0 0.0 0.0 0.0 0.0 0.0 0.0 0.0 0.0 0.0 0.0 0.0 0.0 0.0 0.0 0.0 0.0 0.0 0.0 0.0 0.0 0.0 0.0 0.0 0.0
0.008296551623 0.008154444507 0.008222874724 0.008204939182 0.008398855874 0.008240140239 0.294469507766 0.00825761962 0.008227859153 0.008156657051 0.008196286828 0.008041575357 0.008282856829 0.008281898442 0.008253502002 0.008196338645 0.008181938221 0.008168708145 0.008206005942 0.008090830021 0.008252143762 0.00807811551 0.008142933297 0.007827328887 0.007775391391 0.0 0.0 0.0 0.0 0.0 0.0 0.0 0.0 0.0 0.0 0.0 0.0 0.0 0.0 0.0 0.0 0.0 0.0 0.0 0.0 0.0 0.0 0.0 0.0 0.0 0.0 0.0 0.0 0.0 0.0 0.0 0.0 0.0 0.0 0.0 0.0 0.0 0.0 0.0 0.0 0.0 0.0 0.0 0.0 0.0 0.0 0.0 0.0 0.0 0.0 0.0 0.0 0.0 0.0 0.0 0.0 0.0 0.0 0.0 0.0 0.0 0.0 0.0 0.0 0.0 0.0 0.0 0.0 0.0 0.0 0.0 0.0 0.0 0.0 0.0 0.0 0.0 0.0 0.0 0.0 0.0 0.0 0.0 0.0
0.007934663269 0.007925750308 0.008208051417 0.007803150916 0.008197886141 0.008050902734 0.00825761962 0.293051908379 0.008003639877 0.008158589454 0.007953000155 0.008318781087 0.008079329419 0.008231710585 0.007892223996 0.00817223325 0.007984672102 0.008138878425 0.008099791893 0.008014199758 0.008316751826 0.008179091878 0.008025376131 0.008594881879 0.00831995402 0.0 0.0 0.0 0.0 0.0 0.0 0.0 0.0 0.0 0.0 0.0 0.0 0.0 0.0 0.0 0.0 0.0 0.0 0.0 0.0 0.0 0.0 0.0 0.0 0.0 0.0 0.0 0.0 0.0 0.0 0.0 0.0 0.0 0.0 0.0 0.0 0.0 0.0 0.0 0.0 0.0 0.0 0.0 0.0 0.0 0.0 0.0 0.0 0.0 0.0 0.0 0.0 0.0 0.0 0.0 0.0 0.0 0.0 0.0 0.0 0.0 0.0 0.0 0.0 0.0 0.0 0.0 0.0 0.0 0.0 0.0 0.0 0.0 0.0 0.0 0.0 0.0 0.0 0.0 0.0 0.0 0.0 0.0 0.0
0.008640578598 0.008584710466 0.008183633605 0.008817209801 0.008279426774 0.008423391337 0.008227859153 0.008003639877 0.433683453776 0.008213606605 0.008561992301 0.007876927323 0.008404107083 0.008174186368 0.008702026951 0.008230553544 0.00851829538 0.008254243692 0.008335016208 0.008395622794 0.008033616365 0.008124905084 0.00841445696 0.007174001367 0.007628658741 0.0 0.0 0.0 0.0 0.0 0.0 0.0 0.0 0.0 0.0 0.0 0.0 0.0 0.0 0.0 0.0 0.0 0.0 0.0 0.0 0.0 0.0 0.0 0.0 0.0 0.0 0.0 0.0 0.0 0.0 0.0 0.0 0.0 0.0 0.0 0.0 0.0 0.0 0.0 0.0 0.0 0.0 0.0 0.0 0.0 0.0 0.0 0.0 0.0 0.0 0.0 0.0 0.0 0.0 0.0 0.0 0.0 0.0 0.0 0.0 0.0 0.0 0.0 0.0 0.0 0.0 0.0 0.0 0.0 0.0 0.0 0.0 0.0 0.0 0.0 0.0 0.0 0.0 0.0 0.0 0.0 0.0 0.0 0.0
0.008200204368 0.008248736397 0.008181574379 0.008225851881 0.008167021754 0.008197725801 0.008156657051 0.008158589454 0.008213606605 0.436203574247 0.008226952851 0.008192096899 0.008194520311 0.008195037238 0.008196074468 0.008202063748 0.008205279909 0.008204002984 0.008196281214 0.00822169489 0.008173856165 0.008200119304 0.008215247407 0.008154142233 0.008188680257 0.0 0.0 0.0 0.0 0.0 0.0 0.0 0.0 0.0 0.0 0.0 0.0 0.0 0.0 0.0 0.0 0.0 0.0 0.0 0.0 0.0 0.0 0.0 0.0 0.0 0.0 0.0 0.0 0.0 0.0 0.0 0.0 0.0 0.0 0.0 0.0 0.0 0.0 0.0 0.0 0.0 0.0 0.0 0.0 0.0 0.0 0.0 0.0 0.0 0.0 0.0 0.0 0.0 0.0 0.0 0.0 0.0 0.0 0.0 0.0 0.0 0.0 0.0 0.0 0.0 0.0 0.0 0.0 0.0 0.0 0.0 0.0 0.0 0.0 0.0 0.0 0.0 0.0 0.0 0.0 0.0 0.0 0.0 0.0
0.00870543249 0.008682139056 0.008180943318 0.008922043122 0.008274698142 0.008472162517 0.008196286828 0.007953000155 0.008561992301 0.008226952851 0.532664836098 0.007826387189 0.008449279974 0.008163667482 0.008773422173 0.008235546224 0.008579271054 0.008282360202 0.008368867754 0.008472853754 0.007983481674 0.008148866827 0.008473484391 0.007031336287 0.007602807886 0.0 0.0 0.0 0.0 0.0 0.0 0.0 0.0 0.0 0.0 0.0 0.0 0.0 0.0 0.0 0.0 0.0 0.0 0.0 0.0 0.0 0.0 0.0 0.0 0.0 0.0 0.0 0.0 0.0 0.0 0.0 0.0 0.0 0.0 0.0 0.0 0.0 0.0 0.0 0.0 0.0 0.0 0.0 0.0 0.0 0.0 0.0 0.0 0.0 0.0 0.0 0.0 0.0 0.0 0.0 0.0 0.0 0.0 0.0 0.0 0.0 0.0 0.0 0.0 0.0 0.0 0.0 0.0 0.0 0.0 0.0 0.0 0.0 0.0 0.0 0.0 0.0 0.0 0.0 0.0 0.0 0.0 0.0 0.0
0.007699840456 0.007849128369 0.008150144498 0.007592272816 0.007988645979 0.007879592056 0.008041575357 0.008318781087 0.007876927323 0.008192096899 0.007826387189 0.254641509365 0.007899962592 0.008207028876 0.007632395974 0.008133541074 0.007845070521 0.008093274757 0.007971433218 0.007972142809 0.00837747263 0.00823597069 0.007946078639 0.009784091843 0.009033843726 0.0 0.0 0.0 0.0 0.0 0.0 0.0 0.0 0.0 0.0 0.0 0.0 0.0 0.0 0.0 0.0 0.0 0.0 0.0 0.0 0.0 0.0 0.0 0.0 0.0 0.0 0.0 0.0 0.0 0.0 0.0 0.0 0.0 0.0 0.0 0.0 0.0 0.0 0.0 0.0 0.0 0.0 0.0 0.0 0.0 0.0 0.0 0.0 0.0 0.0 0.0 0.0 0.0 0.0 0.0 0.0 0.0 0.0 0.0 0.0 0.0 0.0 0.0 0.0 0.0 0.0 0.0 0.0 0.0 0.0 0.0 0.0 0.0 0.0 0.0 0.0 0.0 0.0 0.0 0.0 0.0 0.0 0.0 0.0
0.008512258821 0.008448246923 0.008200777309 0.008596311735 0.008307468029 0.00837930876 0.008282856829 0.008079329419 0.008404107083 0.008194520311 0.008449279974 0.007899962592 0.382433938708 0.008195467013 0.008545709615 0.008217769662 0.008406842037 0.008244685102 0.008312797364 0.008328228393 0.008074832484 0.008144423699 0.008342330192 0.0073049057 0.00769433594 0.0 0.0 0.0 0.0 0.0 0.0 0.0 0.0 0.0 0.0 0.0 0.0 0.0 0.0 0.0 0.0 0.0 0.0 0.0 0.0 0.0 0.0 0.0 0.0 0.0 0.0 0.0 0.0 0.0 0.0 0.0 0.0 0.0 0.0 0.0 0.0 0.0 0.0 0.0 0.0 0.0 0.0 0.0 0.0 0.0 0.0 0.0 0.0 0.0 0.0 0.0 0.0 0.0 0.0 0.0 0.0 0.0 0.0 0.0 0.0 0.0 0.0 0.0 0.0 0.0 0.0 0.0 0.0 0.0 0.0 0.0 0.0 0.0 0.0 0.0 0.0 0.0 0.0 0.0 0.0 0.0 0.0 0.0 0.0
0.008153327615 0.008158830772 0.00820945898 0.008114336993 0.008222060266 0.008162889492 0.008281898442 0.008231710585 0.008174186368 0.008195037238 0.008163667482 0.008207028876 0.008195467013 0.479643832134 0.008113324889 0.008188384636 0.008122062104 0.008186757024 0.008161000376 0.008139899581 0.008253636963 0.008167828333 0.008146223028 0.008249997484 0.008124930014 0.0 0.0 0.0 0.0 0.0 0.0 0.0 0.0 0.0 0.0 0.0 0.0 0.0 0.0 0.0 0.0 0.0 0.0 0.0 0.0 0.0 0.0 0.0 0.0 0.0 0.0 0.0 0.0 0.0 0.0 0.0 0.0 0.0 0.0 0.0 0.0 0.0 0.0 0.0 0.0 0.0 0.0 0.0 0.0 0.0 0.0 0.0 0.0 0.0 0.0 0.0 0.0 0.0 0.0 0.0 0.0 0.0 0.0 0.0 0.0 0.0 0.0 0.0 0.0 0.0 0.0 0.0 0.0 0.0 0.0 0.0 0.0 0.0 0.0 0.0 0.0 0.0 0.0 0.0 0.0 0.0 0.0 0.0 0.0
0.008937107149 0.008781407875 0.008184297033 0.009220090685 0.008357067045 0.008589572517 0.008253502002 0.007892223996 0.008702026951 0.008196074468 0.008773422173 0.007632395974 0.008545709615 0.008113324889 0.494841222686 0.008239308092 0.008749867928 0.008287966794 0.008443394577 0.008531258126 0.007899063184 0.008094439919 0.008562940727 0.006508967379 0.007290814197 0.0 0.0 0.0 0.0 0.0 0.0 0.0 0.0 0.0 0.0 0.0 0.0 0.0 0.0 0.0 0.0 0.0 0.0 0.0 0.0 0.0 0.0 0.0 0.0 0.0 0.0 0.0 0.0 0.0 0.0 0.0 0.0 0.0 0.0 0.0 0.0 0.0 0.0 0.0 0.0 0.0 0.0 0.0 0.0 0.0 0.0 0.0 0.0 0.0 0.0 0.0 0.0 0.0 0.0 0.0 0.0 0.0 0.0 0.0 0.0 0.0 0.0 0.0 0.0 0.0 0.0 0.0 0.0 0.0 0.0 0.0 0.0 0.0 0.0 0.0 0.0 0.0 0.0 0.0 0.0 0.0 0.0 0.0 0.0
0.008229620645 0.008249205891 0.008191318878 0.008251168169 0.008211695921 0.008219826684 0.008196338645 0.00817223325 0.008230553544 0.008202063748 0.008235546224 0.008133541074 0.008217769662 0.008188384636 0.008239308092 0.358001641125 0.008231989267 0.008204841181 0.008215322178 0.008212234383 0.008172139993 0.008175465415 0.008218193865 0.007967196356 0.008052803284 0.0 0.0 0.0 0.0 0.0 0.0 0.0 0.0 0.0 0.0 0.0 0.0 0.0 0.0 0.0 0.0 0.0 0.0 0.0 0.0 0.0 0.0 0.0 0.0 0.0 0.0 0.0 0.0 0.0 0.0 0.0 0.0 0.0 0.0 0.0 0.0 0.0 0.0 0.0 0.0 0.0 0.0 0.0 0.0 0.0 0.0 0.0 0.0 0.0 0.0 0.0 0.0 0.0 0.0 0.0 0.0 0.0 0.0 0.0 0.0 0.0 0.0 0.0 0.0 0.0 0.0 0.0 0.0 0.0 0.0 0.0 0.0 0.0 0.0 0.0 0.0 0.0 0.0 0.0 0.0 0.0 0.0 0.0 0.0
0.008650787402 0.008597921235 0.008179615984 0.008854521855 0.008272913978 0.008442342853 0.008181938221 0.007984672102 0.00851829538 0.008205279909 0.008579271054 0.007845070521 0.008406842037 0.008122062104 0.008749867928 0.008231989267 0.232002890001 0.008262011791 0.008355963434 0.008432105202 0.007991615675 0.008142108269 0.008443713888 0.007119442163 0.007640937434 0.0 0.0 0.0 0.0 0.0 0.0 0.0 0.0 0.0 0.0 0.0 0.0 0.0 0.0 0.0 0.0 0.0 0.0 0.0 0.0 0.0 0.0 0.0 0.0 0.0 0.0 0.0 0.0 0.0 0.0 0.0 0.0 0.0 0.0 0.0 0.0 0.0 0.0 0.0 0.0 0.0 0.0 0.0 0.0 0.0 0.0 0.0 0.0 0.0 0.0 0.0 0.0 0.0 0.0 0.0 0.0 0.0 0.0 0.0 0.0 0.0 0.0 0.0 0.0 0.0 0.0 0.0 0.0 0.0 0.0 0.0 0.0 0.0 0.0 0.0 0.0 0.0 0.0 0.0 0.0 0.0 0.0 0.0 0.0
0.008271600064 0.008294171267 0.008192935013 0.008315922378 0.008196923638 0.008253164084 0.008168708145 0.008138878425 0.008254243692 0.008204002984 0.008282360202 0.008093274757 0.008244685102 0.008186757024 0.008287966794 0.008204841181 0.008262011791 0.338022510203 0.008238658341 0.00826857005 0.008133653641 0.008203435178 0.008259489176 0.007860939471 0.008045903004 0.0 0.0 0.0 0.0 0.0 0.0 0.0 0.0 0.0 0.0 0.0 0.0 0.0 0.0 0.0 0.0 0.0 0.0 0.0 0.0 0.0 0.0 0.0 0.0 0.0 0.0 0.0 0.0 0.0 0.0 0.0 0.0 0.0 0.0 0.0 0.0 0.0 0.0 0.0 0.0 0.0 0.0 0.0 0.0 0.0 0.0 0.0 0.0 0.0 0.0 0.0 0.0 0.0 0.0 0.0 0.0 0.0 0.0 0.0 0.0 0.0 0.0 0.0 0.0 0.0 0.0 0.0 0.0 0.0 0.0 0.0 0.0 0.0 0.0 0.0 0.0 0.0 0.0 0.0 0.0 0.0 0.0 0.0 0.0
0.008407723477 0.008375735101 0.008194687494 0.008478744626 0.00825154237 0.00833508445 0.008206005942 0.008099791893 0.008335016208 0.008196281214 0.008368867754 0.007971433218 0.008312797364 0.008161000376 0.008443394577 0.008215322178 0.008355963434 0.008238658341 1.51996518573 0.008317593869 0.008079861118 0.008177020064 0.008318167562 0.007500916685 0.007846628363 0.0 0.0 0.0 0.0 0.0 0.0 0.0 0.0 0.0 0.0 0.0 0.0 0.0 0.0 0.0 0.0 0.0 0.0 0.0 0.0 0.0 0.0 0.0 0.0 0.0 0.0 0.0 0.0 0.0 0.0 0.0 0.0 0.0 0.0 0.0 0.0 0.0 0.0 0.0 0.0 0.0 0.0 0.0 0.0 0.0 0.0 0.0 0.0 0.0 0.0 0.0 0.0 0.0 0.0 0.0 0.0 0.0 0.0 0.0 0.0 0.0 0.0 0.0 0.0 0.0 0.0 0.0 0.0 0.0 0.0 0.0 0.0 0.0 0.0 0.0 0.0 0.0 0.0 0.0 0.0 0.0 0.0 0.0 0.0
0.008476348946 0.008502368053 0.008181937241 0.008636926872 0.008176748277 0.00837431374 0.008090830021 0.008014199758 0.008395622794 0.00822169489 0.008472853754 0.007972142809 0.008328228393 0.008139899581 0.008531258126 0.008212234383 0.008432105202 0.00826857005 0.008317593869 0.51563527218 0.008012677873 0.008224387868 0.00840366286 0.007485741898 0.007935099234 0.0 0.0 0.0 0.0 0.0 0.0 0.0 0.0 0.0 0.0 0.0 0.0 0.0 0.0 0.0 0.0 0.0 0.0 0.0 0.0 0.0 0.0 0.0 0.0 0.0 0.0 0.0 0.0 0.0 0.0 0.0 0.0 0.0 0.0 0.0 0.0 0.0 0.0 0.0 0.0 0.0 0.0 0.0 0.0 0.0 0.0 0.0 0.0 0.0 0.0 0.0 0.0 0.0 0.0 0.0 0.0 0.0 0.0 0.0 0.0 0.0 0.0 0.0 0.0 0.0 0.0 0.0 0.0 0.0 0.0 0.0 0.0 0.0 0.0 0.0 0.0 0.0 0.0 0.0 0.0 0.0 0.0 0.0 0.0
0.007951696944 0.007973584719 0.008196520806 0.007844260329 0.008181007873 0.008038796925 0.008252143762 0.008316751826 0.008033616365 0.008173856165 0.007983481674 0.00837747263 0.008074832484 0.008253636963 0.007899063184 0.008172139993 0.007991615675 0.008133653641 0.008079861118 0.008012677873 0.295209378467 0.008160935045 0.008028509384 0.008767533287 0.008364920053 0.0 0.0 0.0 0.0 0.0 0.0 0.0 0.0 0.0 0.0 0.0 0.0 0.0 0.0 0.0 0.0 0.0 0.0 0.0 0.0 0.0 0.0 0.0 0.0 0.0 0.0 0.0 0.0 0.0 0.0 0.0 0.0 0.0 0.0 0.0 0.0 0.0 0.0 0.0 0.0 0.0 0.0 0.0 0.0 0.0 0.0 0.0 0.0 0.0 0.0 0.0 0.0 0.0 0.0 0.0 0.0 0.0 0.0 0.0 0.0 0.0 0.0 0.0 0.0 0.0 0.0 0.0 0.0 0.0 0.0 0.0 0.0 0.0 0.0 0.0 0.0 0.0 0.0 0.0 0.0 0.0 0.0 0.0 0.0
0.008093733643 0.008155022433 0.008182484949 0.008095532489 0.008103162014 0.008157368669 0.00807811551 0.008179091878 0.008124905084 0.008200119304 0.008148866827 0.00823597069 0.008144423699 0.008167828333 0.008094439919 0.008175465415 0.008142108269 0.008203435178 0.008177020064 0.008224387868 0.008160935045 0.299751782344 0.008190736461 0.008337376898 0.008401204214 0.0 0.0 0.0 0.0 0.0 0.0 0.0 0.0 0.0 0.0 0.0 0.0 0.0 0.0 0.0 0.0 0.0 0.0 0.0 0.0 0.0 0.0 0.0 0.0 0.0 0.0 0.0 0.0 0.0 0.0 0.0 0.0 0.0 0.0 0.0 0.0 0.0 0.0 0.0 0.0 0.0 0.0 0.0 0.0 0.0 0.0 0.0 0.0 0.0 0.0 0.0 0.0 0.0 0.0 0.0 0.0 0.0 0.0 0.0 0.0 0.0 0.0 0.0 0.0 0.0 0.0 0.0 0.0 0.0 0.0 0.0 0.0 0.0 0.0 0.0 0.0 0.0 0.0 0.0 0.0 0.0 0.0 0.0 0.0
0.008503689281 0.008500036467 0.008183431649 0.008653200217 0.008215354019 0.008379039765 0.008142933297 0.008025376131 0.00841445696 0.008215247407 0.008473484391 0.007946078639 0.008342330192 0.008146223028 0.008562940727 0.008218193865 0.008443713888 0.008259489176 0.008318167562 0.00840366286 0.008028509384 0.008190736461 0.384234953861 0.007409345386 0.007848427521 0.0 0.0 0.0 0.0 0.0 0.0 0.0 0.0 0.0 0.0 0.0 0.0 0.0 0.0 0.0 0.0 0.0 0.0 0.0 0.0 0.0 0.0 0.0 0.0 0.0 0.0 0.0 0.0 0.0 0.0 0.0 0.0 0.0 0.0 0.0 0.0 0.0 0.0 0.0 0.0 0.0 0.0 0.0 0.0 0.0 0.0 0.0 0.0 0.0 0.0 0.0 0.0 0.0 0.0 0.0 0.0 0.0 0.0 0.0 0.0 0.0 0.0 0.0 0.0 0.0 0.0 0.0 0.0 0.0 0.0 0.0 0.0 0.0 0.0 0.0 0.0 0.0 0.0 0.0 0.0 0.0 0.0 0.0 0.0
0.006689572765 0.007050094942 0.008063380112 0.006319914937 0.007643149791 0.007234249458 0.007827328887 0.008594881879 0.007174001367 0.008154142233 0.007031336287 0.009784091843 0.0073049057 0.008249997484 0.006508967379 0.007967196356 0.007119442163 0.007860939471 0.007500916685 0.007485741898 0.008767533287 0.008337376898 0.007409345386 0.205224331901 0.01122456296 0.0 0.0 0.0 0.0 0.0 0.0 0.0 0.0 0.0 0.0 0.0 0.0 0.0 0.0 0.0 0.0 0.0 0.0 0.0 0.0 0.0 0.0 0.0 0.0 0.0 0.0 0.0 0.0 0.0 0.0 0.0 0.0 0.0 0.0 0.0 0.0 0.0 0.0 0.0 0.0 0.0 0.0 0.0 0.0 0.0 0.0 0.0 0.0 0.0 0.0 0.0 0.0 0.0 0.0 0.0 0.0 0.0 0.0 0.0 0.0 0.0 0.0 0.0 0.0 0.0 0.0 0.0 0.0 0.0 0.0 0.0 0.0 0.0 0.0 0.0 0.0 0.0 0.0 0.0 0.0 0.0 0.0 0.0 0.0
0.00736806564 0.007636166296 0.008095006706 0.007221760353 0.007747134984 0.007688347132 0.007775391391 0.00831995402 0.007628658741 0.008188680257 0.007602807886 0.009033843726 0.00769433594 0.008124930014 0.007290814197 0.008052803284 0.007640937434 0.008045903004 0.007846628363 0.007935099234 0.008364920053 0.008401204214 0.007848427521 0.01122456296 0.375939217343 0.0 0.0 0.0 0.0 0.0 0.0 0.0 0.0 0.0 0.0 0.0 0.0 0.0 0.0 0.0 0.0 0.0 0.0 0.0 0.0 0.0 0.0 0.0 0.0 0.0 0.0 0.0 0.0 0.0 0.0 0.0 0.0 0.0 0.0 0.0 0.0 0.0 0.0 0.0 0.0 0.0 0.0 0.0 0.0 0.0 0.0 0.0 0.0 0.0 0.0 0.0 0.0 0.0 0.0 0.0 0.0 0.0 0.0 0.0 0.0 0.0 0.0 0.0 0.0 0.0 0.0 0.0 0.0 0.0 0.0 0.0 0.0 0.0 0.0 0.0 0.0 0.0 0.0 0.0 0.0 0.0 0.0 0.0 0.0
0.0 0.0 0.0 0.0 0.0 0.0 0.0 0.0 0.0 0.0 0.0 0.0 0.0 0.0 0.0 0.0 0.0 0.0 0.0 0.0 0.0 0.0 0.0 0.0 0.0 0.215282822503 0.0062020157 0.006120473438 0.006076590642 0.00606529646 0.005787238353 0.006095063109 0.006120591037 0.00596689359 0.006065718592 0.005817902093 0.005952646814 0.006091028805 0.006071950231 0.005861815664 0.006251736454 0.006026551183 0.005957949247 0.005867351664 0.006059934584 0.006111101098 0.006100076267 0.005947399267 0.005842514247 0.006143560682 0.006250531162 0.006045689884 0.00605039377 0.006309279747 0.006239377782 0.006165617731 0.005811816106 0.0 0.0 0.0 0.0 0.0 0.0 0.0 0.0 0.0 0.0 0.0 0.0 0.0 0.0 0.0 0.0 0.0 0.0 0.0 0.0 0.0 0.0 0.0 0.0 0.0 0.0 0.0 0.0 0.0 0.0 0.0 0.0 0.0 0.0 0.0 0.0 0.0 0.0 0.0 0.0 0.0 0.0 0.0 0.0 0.0 0.0 0.0 0.0 0.0 0.0 0.0 0.0
0.0 0.0 0.0 0.0 0.0 0.0 0.0 0.0 0.0 0.0 0.0 0.0 0.0 0.0 0.0 0.0 0.0 0.0 0.0 0.0 0.0 0.0 0.0 0.0 0.0 0.0062020157 0.388605078844 0.0061564756 0.006133973021 0.006116249658 0.005343633629 0.006291702971 0.006425390106 0.005736028266 0.00602428985 0.005369320953 0.005731261808 0.006181985356 0.006136272032 0.005507293218 0.006855685626 0.005937893961 0.005761009248 0.005518123892 0.00609419005 0.006395609872 0.00639993036 0.005765985853 0.005456450812 0.006408669645 0.006719163029 0.00614063334 0.006140207081 0.006991701664 0.006803208374 0.006803091223 0.005438594809 0.0 0.0 0.0 0.0 0.0 0.0 0.0 0.0 0.0 0.0 0.0 0.0 0.0 0.0 0.0 0.0 0.0 0.0 0.0 0.0 0.0 0.0 0.0 0.0 0.0 0.0 0.0 0.0 0.0 0.0 0.0 0.0 0.0 0.0 0.0 0.0 0.0 0.0 0.0 0.0 0.0 0.0 0.0 0.0 0.0 0.0 0.0 0.0 0.0 0.0 0.0 0.0
0.0 0.0 0.0 0.0 0.0 0.0 0.0 0.0 0.0 0.0 0.0 0.0 0.0 0.0 0.0 0.0 0.0 0.0 0.0 0.0 0.0 0.0 0.0 0.0 0.0 0.006120473438 0.0061564756 0.436258304837 0.006083978904 0.006056670353 0.005802536671 0.006034328732 0.006132377203 0.006040721255 0.006122262468 0.005836058097 0.005985520392 0.00612494305 0.006065104185 0.00588012805 0.00625163811 0.006069809555 0.00599001844 0.005886589872 0.006061187274 0.006077810282 0.006019990141 0.005942442242 0.005846373857 0.006174182962 0.00628105836 0.006007302457 0.006026377502 0.00633331923 0.006258503403 0.006064687341 0.00579592379 0.0 0.0 0.0 0.0 0.0 0.0 0.0 0.0 0.0 0.0 0.0 0.0 0.0 0.0 0.0 0.0 0.0 0.0 0.0 0.0 0.0 0.0 0.0 0.0 0.0 0.0 0.0 0.0 0.0 0.0 0.0 0.0 0.0 0.0 0.0 0.0 0.0 0.0 0.0 0.0 0.0 0.0 0.0 0.0 0.0 0.0 0.0 0.0 0.0 0.0 0.0 0.0
0.0 0.0 0.0 0.0 0.0 0.0 0.0 0.0 0.0 0.0 0.0 0.0 0.0 0.0 0.0 0.0 0.0 0.0 0.0 0.0 0.0 0.0 0.0 0.0 0.0 0.006076590642 0.006133973021 0.006083978904 0.321159261877 0.006054306807 0.005875060064 0.006077668911 0.006099192111 0.005991897241 0.006052891317 0.005886887165 0.00598046107 0.006076065399 0.006060624005 0.005920720375 0.006161135872 0.006031267679 0.005985917782 0.00592256287 0.006053459643 0.006088223805 0.006080859355 0.005979008506 0.005907998736 0.006104787943 0.006160066915 0.006048654009 0.006046509639 0.006189114819 0.006156820463 0.006118133989 0.005890718575 0.0 0.0 0.0 0.0 0.0 0.0 0.0 0.0 0.0 0.0 0.0 0.0 0.0 0.0 0.0 0.0 0.0 0.0 0.0 0.0 0.0 0.0 0.0 0.0 0.0 0.0 0.0 0.0 0.0 0.0 0.0 0.0 0.0 0.0 0.0 0.0 0.0 0.0 0.0 0.0 0.0 0.0 0.0 0.0 0.0 0.0 0.0 0.0 0.0 0.0 0.0 0.0
0.0 0.0 0.0 0.0 0.0 0.0 0.0 0.0 0.0 0.0 0.0 0.0 0.0 0.0 0.0 0.0 0.0 0.0 0.0 0.0 0.0 0.0 0.0 0.0 0.0 0.00606529646 0.006116249658 0.006056670353 0.006054306807 0.255821348796 0.005888106379 0.006069287628 0.006061619831 0.005981649136 0.006054416684 0.005906080474 0.005989660809 0.006050950644 0.0060456155 0.005933269241 0.006097818311 0.006022013806 0.005993129169 0.005938068971 0.006049142143 0.006062233437 0.00606702693 0.005986206157 0.005912470261 0.006072614496 0.00611151694 0.00604409824 0.006038656554 0.006130944646 0.006095863603 0.006063033438 0.005914977622 0.0 0.0 0.0 0.0 0.0 0.0 0.0 0.0 0.0 0.0 0.0 0.0 0.0 0.0 0.0 0.0 0.0 0.0 0.0 0.0 0.0 0.0 0.0 0.0 0.0 0.0 0.0 0.0 0.0 0.0 0.0 0.0 0.0 0.0 0.0 0.0 0.0 0.0 0.0 0.0 0.0 0.0 0.0 0.0 0.0 0.0 0.0 0.0 0.0 0.0 0.0 0.0
0.0 0.0 0.0 0.0 0.0 0.0 0.0 0.0 0.0 0.0 0.0 0.0 0.0 0.0 0.0 0.0 0.0 0.0 0.0 0.0 0.0 0.0 0.0 0.0 0.0 0.005787238353 0.005343633629 0.005802536671 0.005875060064 0.005888106379 1.59206154162 0.005743928111 0.005563489961 0.006344400689 0.005937542163 0.007015006138 0.006380949317 0.005792081864 0.005889013166 0.006759357096 0.00516467712 0.006072804535 0.006323222745 0.006743091785 0.005901028637 0.005612938005 0.005635941438 0.006370378863 0.006896735365 0.005548245007 0.005255293353 0.005884309014 0.005924521275 0.004996790554 0.005187731258 0.00528481624 0.00695170632 0.0 0.0 0.0 0.0 0.0 0.0 0.0 0.0 0.0 0.0 0.0 0.0 0.0 0.0 0.0 0.0 0.0 0.0 0.0 0.0 0.0 0.0 0.0 0.0 0.0 0.0 0.0 0.0 0.0 0.0 0.0 0.0 0.0 0.0 0.0 0.0 0.0 0.0 0.0 0.0 0.0 0.0 0.0 0.0 0.0 0.0 0.0 0.0 0.0 0.0 0.0 0.0
0.0 0.0 0.0 0.0 0.0 0.0 0.0 0.0 0.0 0.0 0.0 0.0 0.0 0.0 0.0 0.0 0.0 0.0 0.0 0.0 0.0 0.0 0.0 0.0 0.0 0.006095063109 0.006291702971 0.006034328732 0.006077668911 0.006069287628 0.005743928111 0.387828800331 0.006182805874 0.005886665255 0.005999699392 0.005747463603 0.005897261492 0.006084696914 0.00609220253 0.005810618507 0.006350669805 0.005979633415 0.005907571309 0.005810836669 0.006061572446 0.006203212864 0.006231048956 0.005935196002 0.005800165688 0.006165343941 0.006281305558 0.006106916811 0.006093283918 0.006373918249 0.006315609836 0.006405039137 0.005789910505 0.0 0.0 0.0 0.0 0.0 0.0 0.0 0.0 0.0 0.0 0.0 0.0 0.0 0.0 0.0 0.0 0.0 0.0 0.0 0.0 0.0 0.0 0.0 0.0 0.0 0.0 0.0 0.0 0.0 0.0 0.0 0.0 0.0 0.0 0.0 0.0 0.0 0.0 0.0 0.0 0.0 0.0 0.0 0.0 0.0 0.0 0.0 0.0 0.0 0.0 0.0 0.0
0.0 0.0 0.0 0.0 0.0 0.0 0.0 0.0 0.0 0.0 0.0 0.0 0.0 0.0 0.0 0.0 0.0 0.0 0.0 0.0 0.0 0.0 0.0 0.0 0.0 0.006120591037 0.006425390106 0.006132377203 0.006099192111 0.006061619831 0.005563489961 0.006182805874 0.37812718083 0.005856913098 0.006007395882 0.005527668223 0.005802111504 0.00620481075 0.00609061626 0.0056621462 0.006712790075 0.005985013953 0.005855026619 0.005644237281 0.006081237704 0.006369878837 0.006321107002 0.005828864831 0.005615856288 0.006397248465 0.006540484315 0.006134383805 0.006125093405 0.006787515684 0.006716932095 0.006684933347 0.005626532441 0.0 0.0 0.0 0.0 0.0 0.0 0.0 0.0 0.0 0.0 0.0 0.0 0.0 0.0 0.0 0.0 0.0 0.0 0.0 0.0 0.0 0.0 0.0 0.0 0.0 0.0 0.0 0.0 0.0 0.0 0.0 0.0 0.0 0.0 0.0 0.0 0.0 0.0 0.0 0.0 0.0 0.0 0.0 0.0 0.0 0.0 0.0 0.0 0.0 0.0 0.0 0.0
0.0 0.0 0.0 0.0 0.0 0.0 0.0 0.0 0.0 0.0 0.0 0.0 0.0 0.0 0.0 0.0 0.0 0.0 0.0 0.0 0.0 0.0 0.0 0.0 0.0 0.00596689359 0.005736028266 0.006040721255 0.005991897241 0.005981649136 0.006344400689 0.005886665255 0.005856913098 0.700531457559 0.006068627408 0.00634560126 0.006190581764 0.005988901761 0.005990429417 0.006284540075 0.005679489209 0.006108156049 0.006175785628 0.006276618195 0.006002543653 0.005851124593 0.005819850224 0.006151363749 0.006300345311 0.005876400069 0.005753793958 0.00595578175 0.005970707377 0.005620454195 0.005702616187 0.005646880234 0.006270943687 0.0 0.0 0.0 0.0 0.0 0.0 0.0 0.0 0.0 0.0 0.0 0.0 0.0 0.0 0.0 0.0 0.0 0.0 0.0 0.0 0.0 0.0 0.0 0.0 0.0 0.0 0.0 0.0 0.0 0.0 0.0 0.0 0.0 0.0 0.0 0.0 0.0 0.0 0.0 0.0 0.0 0.0 0.0 0.0 0.0 0.0 0.0 0.0 0.0 0.0 0.0 0.0
0.0 0.0 0.0 0.0 0.0 0.0 0.0 0.0 0.0 0.0 0.0 0.0 0.0 0.0 0.0 0.0 0.0 0.0 0.0 0.0 0.0 0.0 0.0 0.0 0.0 0.006065718592 0.00602428985 0.006122262468 0.006052891317 0.006054416684 0.005937542163 0.005999699392 0.006007395882 0.006068627408 0.195695299265 0.00597266237 0.006046584532 0.006059550256 0.006034147174 0.005989575262 0.005998497501 0.006070565107 0.006045801811 0.005996108811 0.006048716176 0.005991688976 0.00596365663 0.006005450235 0.005957714539 0.006047776779 0.006058755827 0.006001490125 0.006003669042 0.006034113315 0.006011861444 0.005897803557 0.00593408959 0.0 0.0 0.0 0.0 0.0 0.0 0.0 0.0 0.0 0.0 0.0 0.0 0.0 0.0 0.0 0.0 0.0 0.0 0.0 0.0 0.0 0.0 0.0 0.0 0.0 0.0 0.0 0.0 0.0 0.0 0.0 0.0 0.0 0.0 0.0 0.0 0.0 0.0 0.0 0.0 0.0 0.0 0.0 0.0 0.0 0.0 0.0 0.0 0.0 0.0 0.0 0.0
0.0 0.0 0.0 0.0 0.0 0.0 0.0 0.0 0.0 0.0 0.0 0.0 0.0 0.0 0.0 0.0 0.0 0.0 0.0 0.0 0.0 0.0 0.0 0.0 0.0 0.005817902093 0.005369320953 0.005836058097 0.005886887165 0.005906080474 0.007015006138 0.005747463603 0.005527668223 0.00634560126 0.00597266237 0.969245851872 0.006382417998 0.00579544105 0.00590084862 0.006715855941 0.005169111675 0.00608395057 0.006312100305 0.006717841897 0.005910204544 0.005599957641 0.005623428043 0.006356070419 0.00684001154 0.005561848357 0.005282320293 0.00587415065 0.005912016837 0.005025275839 0.005195458059 0.005267064104 0.006851581068 0.0 0.0 0.0 0.0 0.0 0.0 0.0 0.0 0.0 0.0 0.0 0.0 0.0 0.0 0.0 0.0 0.0 0.0 0.0 0.0 0.0 0.0 0.0 0.0 0.0 0.0 0.0 0.0 0.0 0.0 0.0 0.0 0.0 0.0 0.0 0.0 0.0 0.0 0.0 0.0 0.0 0.0 0.0 0.0 0.0 0.0 0.0 0.0 0.0 0.0 0.0 0.0
0.0 0.0 0.0 0.0 0.0 0.0 0.0 0.0 0.0 0.0 0.0 0.0 0.0 0.0 0.0 0.0 0.0 0.0 0.0 0.0 0.0 0.0 0.0 0.0 0.0 0.005952646814 0.005731261808 0.005985520392 0.00598046107 0.005989660809 0.006380949317 0.005897261492 0.005802111504 0.006190581764 0.006046584532 0.006382417998 0.561872745916 0.005946378393 0.005978808158 0.006300931556 0.005623973032 0.0060784773 0.006167737405 0.006303168577 0.005992345227 0.005827725513 0.005825570876 0.006166135446 0.006327729881 0.005831766566 0.005703446393 0.005956668683 0.005968479923 0.005564346376 0.005641151749 0.005630737286 0.006322942517 0.0 0.0 0.0 0.0 0.0 0.0 0.0 0.0 0.0 0.0 0.0 0.0 0.0 0.0 0.0 0.0 0.0 0.0 0.0 0.0 0.0 0.0 0.0 0.0 0.0 0.0 0.0 0.0 0.0 0.0 0.0 0.0 0.0 0.0 0.0 0.0 0.0 0.0 0.0 0.0 0.0 0.0 0.0 0.0 0.0 0.0 0.0 0.0 0.0 0.0 0.0 0.0
0.0 0.0 0.0 0.0 0.0 0.0 0.0 0.0 0.0 0.0 0.0 0.0 0.0 0.0 0.0 0.0 0.0 0.0 0.0 0.0 0.0 0.0 0.0 0.0 0.0 0.006091028805 0.006181985356 0.00612494305 0.006076065399 0.006050950644 0.005792081864 0.006084696914 0.00620481075 0.005988901761 0.006059550256 0.00579544105 0.005946378393 0.288345250247 0.006070018018 0.00586344134 0.006280140317 0.006040620003 0.005965494727 0.005854769497 0.006065073008 0.006153407019 0.006117524674 0.005943417481 0.005835388627 0.006188524714 0.006247992944 0.006064079073 0.006060861626 0.00630850971 0.006282519635 0.006215547376 0.005808958893 0.0 0.0 0.0 0.0 0.0 0.0 0.0 0.0 0.0 0.0 0.0 0.0 0.0 0.0 0.0 0.0 0.0 0.0 0.0 0.0 0.0 0.0 0.0 0.0 0.0 0.0 0.0 0.0 0.0 0.0 0.0 0.0 0.0 0.0 0.0 0.0 0.0 0.0 0.0 0.0 0.0 0.0 0.0 0.0 0.0 0.0 0.0 0.0 0.0 0.0 0.0 0.0
0.0 0.0 0.0 0.0 0.0 0.0 0.0 0.0 0.0 0.0 0.0 0.0 0.0 0.0 0.0 0.0 0.0 0.0 0.0 0.0 0.0 0.0 0.0 0.0 0.0 0.006071950231 0.006136272032 0.006065104185 0.006060624005 0.0060456155 0.005889013166 0.00609220253 0.00609061626 0.005990429417 0.006034147174 0.00590084862 0.005978808158 0.006070018018 0.375388876647 0.005930958964 0.006169666176 0.006026529785 0.005982795202 0.005931384845 0.00605007565 0.006097400752 0.006097280273 0.00598919874 0.005926907933 0.006094862599 0.0061551081 0.006056716948 0.00605432341 0.006178942959 0.006151568737 0.006155784661 0.005899734248 0.0 0.0 0.0 0.0 0.0 0.0 0.0 0.0 0.0 0.0 0.0 0.0 0.0 0.0 0.0 0.0 0.0 0.0 0.0 0.0 0.0 0.0 0.0 0.0 0.0 0.0 0.0 0.0 0.0 0.0 0.0 0.0 0.0 0.0 0.0 0.0 0.0 0.0 0.0 0.0 0.0 0.0 0.0 0.0 0.0 0.0 0.0 0.0 0.0 0.0 0.0 0.0
0.0 0.0 0.0 0.0 0.0 0.0 0.0 0.0 0.0 0.0 0.0 0.0 0.0 0.0 0.0 0.0 0.0 0.0 0.0 0.0 0.0 0.0 0.0 0.0 0.0 0.005861815664 0.005507293218 0.00588012805 0.005920720375 0.005933269241 0.006759357096 0.005810618507 0.0056621462 0.006284540075 0.005989575262 0.006715855941 0.006300931556 0.00586344134 0.005930958964 0.953584737807 0.005348447195 0.006084351478 0.006261002061 0.006542343639 0.005946521194 0.005706917562 0.005719749812 0.006287490579 0.006626075508 0.005676768488 0.00543555257 0.005921612899 0.005941368728 0.005222979024 0.005372533079 0.005427127381 0.006645124643 0.0 0.0 0.0 0.0 0.0 0.0 0.0 0.0 0.0 0.0 0.0 0.0 0.0 0.0 0.0 0.0 0.0 0.0 0.0 0.0 0.0 0.0 0.0 0.0 0.0 0.0 0.0 0.0 0.0 0.0 0.0 0.0 0.0 0.0 0.0 0.0 0.0 0.0 0.0 0.0 0.0 0.0 0.0 0.0 0.0 0.0 0.0 0.0 0.0 0.0 0.0 0.0
0.0 0.0 0.0 0.0 0.0 0.0 0.0 0.0 0.0 0.0 0.0 0.0 0.0 0.0 0.0 0.0 0.0 0.0 0.0 0.0 0.0 0.0 0.0 0.0 0.0 0.006251736454 0.006855685626 0.00625163811 0.006161135872 0.006097818311 0.00516467712 0.006350669805 0.006712790075 0.005679489209 0.005998497501 0.005169111675 0.005623973032 0.006280140317 0.006169666176 0.005348447195 0.269992406271 0.005918468157 0.005670118463 0.005350958542 0.006099091615 0.006586467606 0.006536748165 0.00566637934 0.005297816252 0.006635864886 0.007087255466 0.006165920452 0.006191128788 0.007535341441 0.007299734594 0.007262068181 0.005255301858 0.0 0.0 0.0 0.0 0.0 0.0 0.0 0.0 0.0 0.0 0.0 0.0 0.0 0.0 0.0 0.0 0.0 0.0 0.0 0.0 0.0 0.0 0.0 0.0 0.0 0.0 0.0 0.0 0.0 0.0 0.0 0.0 0.0 0.0 0.0 0.0 0.0 0.0 0.0 0.0 0.0 0.0 0.0 0.0 0.0 0.0 0.0 0.0 0.0 0.0 0.0 0.0
0.0 0.0 0.0 0.0 0.0 0.0 0.0 0.0 0.0 0.0 0.0 0.0 0.0 0.0 0.0 0.0 0.0 0.0 0.0 0.0 0.0 0.0 0.0 0.0 0.0 0.006026551183 0.005937893961 0.006069809555 0.006031267679 0.006022013806 0.006072804535 0.005979633415 0.005985013953 0.006108156049 0.006070565107 0.00608395057 0.0060784773 0.006040620003 0.006026529785 0.006084351478 0.005918468157 0.461445632458 0.006079310789 0.006079216887 0.006035407617 0.005973876299 0.005949990805 0.006057083743 0.006076497173 0.005998796371 0.005959817571 0.006006329016 0.006007424467 0.005901898526 0.005928546784 0.005869387982 0.006053947322 0.0 0.0 0.0 0.0 0.0 0.0 0.0 0.0 0.0 0.0 0.0 0.0 0.0 0.0 0.0 0.0 0.0 0.0 0.0 0.0 0.0 0.0 0.0 0.0 0.0 0.0 0.0 0.0 0.0 0.0 0.0 0.0 0.0 0.0 0.0 0.0 0.0 0.0 0.0 0.0 0.0 0.0 0.0 0.0 0.0 0.0 0.0 0.0 0.0 0.0 0.0 0.0
0.0 0.0 0.0 0.0 0.0 0.0 0.0 0.0 0.0 0.0 0.0 0.0 0.0 0.0 0.0 0.0 0.0 0.0 0.0 0.0 0.0 0.0 0.0 0.0 0.0 0.005957949247 0.005761009248 0.00599001844 0.005985917782 0.005993129169 0.006323222745 0.005907571309 0.005855026619 0.006175785628 0.006045801811 0.006312100305 0.006167737405 0.005965494727 0.005982795202 0.006261002061 0.005670118463 0.006079310789 0.39038222048 0.006253430769 0.006002868674 0.005864339552 0.005858384304 0.006144092934 0.006270671445 0.005864236851 0.005731232557 0.005975201769 0.005975311422 0.005609863402 0.005686071928 0.005678296606 0.006279774206 0.0 0.0 0.0 0.0 0.0 0.0 0.0 0.0 0.0 0.0 0.0 0.0 0.0 0.0 0.0 0.0 0.0 0.0 0.0 0.0 0.0 0.0 0.0 0.0 0.0 0.0 0.0 0.0 0.0 0.0 0.0 0.0 0.0 0.0 0.0 0.0 0.0 0.0 0.0 0.0 0.0 0.0 0.0 0.0 0.0 0.0 0.0 0.0 0.0 0.0 0.0 0.0
0.0 0.0 0.0 0.0 0.0 0.0 0.0 0.0 0.0 0.0 0.0 0.0 0.0 0.0 0.0 0.0 0.0 0.0 0.0 0.0 0.0 0.0 0.0 0.0 0.0 0.005867351664 0.005518123892 0.005886589872 0.00592256287 0.005938068971 0.006743091785 0.005810836669 0.005644237281 0.006276618195 0.005996108811 0.006717841897 0.006303168577 0.005854769497 0.005931384845 0.006542343639 0.005350958542 0.006079216887 0.006253430769 0.480297495946 0.00594431036 0.005698838271 0.005713820499 0.006280193214 0.006620103712 0.005669999451 0.005446580087 0.005914860879 0.00593888354 0.005235970549 0.00537201669 0.005423593388 0.006634938962 0.0 0.0 0.0 0.0 0.0 0.0 0.0 0.0 0.0 0.0 0.0 0.0 0.0 0.0 0.0 0.0 0.0 0.0 0.0 0.0 0.0 0.0 0.0 0.0 0.0 0.0 0.0 0.0 0.0 0.0 0.0 0.0 0.0 0.0 0.0 0.0 0.0 0.0 0.0 0.0 0.0 0.0 0.0 0.0 0.0 0.0 0.0 0.0 0.0 0.0 0.0 0.0
0.0 0.0 0.0 0.0 0.0 0.0 0.0 0.0 0.0 0.0 0.0 0.0 0.0 0.0 0.0 0.0 0.0 0.0 0.0 0.0 0.0 0.0 0.0 0.0 0.0 0.006059934584 0.00609419005 0.006061187274 0.006053459643 0.006049142143 0.005901028637 0.006061572446 0.006081237704 0.006002543653 0.006048716176 0.005910204544 0.005992345227 0.006065073008 0.00605007565 0.005946521194 0.006099091615 0.006035407617 0.006002868674 0.00594431036 0.493933611668 0.006073996393 0.006069510668 0.005994329135 0.005929515548 0.006079393363 0.00610108416 0.006050123158 0.006041035049 0.006109179396 0.006097861783 0.006076595501 0.005918351918 0.0 0.0 0.0 0.0 0.0 0.0 0.0 0.0 0.0 0.0 0.0 0.0 0.0 0.0 0.0 0.0 0.0 0.0 0.0 0.0 0.0 0.0 0.0 0.0 0.0 0.0 0.0 0.0 0.0 0.0 0.0 0.0 0.0 0.0 0.0 0.0 0.0 0.0 0.0 0.0 0.0 0.0 0.0 0.0 0.0 0.0 0.0 0.0 0.0 0.0 0.0 0.0
0.0 0.0 0.0 0.0 0.0 0.0 0.0 0.0 0.0 0.0 0.0 0.0 0.0 0.0 0.0 0.0 0.0 0.0 0.0 0.0 0.0 0.0 0.0 0.0 0.0 0.006111101098 0.006395609872 0.006077810282 0.006088223805 0.006062233437 0.005612938005 0.006203212864 0.006369878837 0.005851124593 0.005991688976 0.005599957641 0.005827725513 0.006153407019 0.006097400752 0.005706917562 0.006586467606 0.005973876299 0.005864339552 0.005698838271 0.006073996393 0.180150051845 0.006316298263 0.005868040613 0.005677201782 0.006304538171 0.006439574793 0.006134526278 0.006122033082 0.006617268475 0.006560628772 0.006642426949 0.005674450071 0.0 0.0 0.0 0.0 0.0 0.0 0.0 0.0 0.0 0.0 0.0 0.0 0.0 0.0 0.0 0.0 0.0 0.0 0.0 0.0 0.0 0.0 0.0 0.0 0.0 0.0 0.0 0.0 0.0 0.0 0.0 0.0 0.0 0.0 0.0 0.0 0.0 0.0 0.0 0.0 0.0 0.0 0.0 0.0 0.0 0.0 0.0 0.0 0.0 0.0 0.0 0.0
0.0 0.0 0.0 0.0 0.0 0.0 0.0 0.0 0.0 0.0 0.0 0.0 0.0 0.0 0.0 0.0 0.0 0.0 0.0 0.0 0.0 0.0 0.0 0.0 0.0 0.006100076267 0.00639993036 0.006019990141 0.006080859355 0.00606702693 0.005635941438 0.006231048956 0.006321107002 0.005819850224 0.00596365663 0.005623428043 0.005825570876 0.006117524674 0.006097280273 0.005719749812 0.006536748165 0.005949990805 0.005858384304 0.005713820499 0.006069510668 0.006316298263 0.457383848437 0.005883092235 0.005701741063 0.006257082309 0.006391898717 0.006147688191 0.006128490133 0.006557545743 0.00649851572 0.006650791473 0.005713377645 0.0 0.0 0.0 0.0 0.0 0.0 0.0 0.0 0.0 0.0 0.0 0.0 0.0 0.0 0.0 0.0 0.0 0.0 0.0 0.0 0.0 0.0 0.0 0.0 0.0 0.0 0.0 0.0 0.0 0.0 0.0 0.0 0.0 0.0 0.0 0.0 0.0 0.0 0.0 0.0 0.0 0.0 0.0 0.0 0.0 0.0 0.0 0.0 0.0 0.0 0.0 0.0
0.0 0.0 0.0 0.0 0.0 0.0 0.0 0.0 0.0 0.0 0.0 0.0 0.0 0.0 0.0 0.0 0.0 0.0 0.0 0.0 0.0 0.0 0.0 0.0 0.0 0.005947399267 0.005765985853 0.005942442242 0.005979008506 0.005986206157 0.006370378863 0.005935196002 0.005828864831 0.006151363749 0.006005450235 0.006356070419 0.006166135446 0.005943417481 0.00598919874 0.006287490579 0.00566637934 0.006057083743 0.006144092934 0.006280193214 0.005994329135 0.005868040613 0.005883092235 0.634356051985 0.006323486424 0.00584132114 0.005714887009 0.005985256068 0.005987444746 0.00558866204 0.005672498673 0.005723127856 0.00632290387 0.0 0.0 0.0 0.0 0.0 0.0 0.0 0.0 0.0 0.0 0.0 0.0 0.0 0.0 0.0 0.0 0.0 0.0 0.0 0.0 0.0 0.0 0.0 0.0 0.0 0.0 0.0 0.0 0.0 0.0 0.0 0.0 0.0 0.0 0.0 0.0 0.0 0.0 0.0 0.0 0.0 0.0 0.0 0.0 0.0 0.0 0.0 0.0 0.0 0.0 0.0 0.0
0.0 0.0 0.0 0.0 0.0 0.0 0.0 0.0 0.0 0.0 0.0 0.0 0.0 0.0 0.0 0.0 0.0 0.0 0.0 0.0 0.0 0.0 0.0 0.0 0.0 0.005842514247 0.005456450812 0.005846373857 0.005907998736 0.005912470261 0.006896735365 0.005800165688 0.005615856288 0.006300345311 0.005957714539 0.00684001154 0.006327729881 0.005835388627 0.005926907933 0.006626075508 0.005297816252 0.006076497173 0.006270671445 0.006620103712 0.005929515548 0.005677201782 0.005701741063 0.006323486424 0.613382706594 0.005629710706 0.005380530167 0.005909728477 0.005939812872 0.005150168578 0.005315554576 0.005400942109 0.006754598626 0.0 0.0 0.0 0.0 0.0 0.0 0.0 0.0 0.0 0.0 0.0 0.0 0.0 0.0 0.0 0.0 0.0 0.0 0.0 0.0 0.0 0.0 0.0 0.0 0.0 0.0 0.0 0.0 0.0 0.0 0.0 0.0 0.0 0.0 0.0 0.0 0.0 0.0 0.0 0.0 0.0 0.0 0.0 0.0 0.0 0.0 0.0 0.0 0.0 0.0 0.0 0.0
0.0 0.0 0.0 0.0 0.0 0.0 0.0 0.0 0.0 0.0 0.0 0.0 0.0 0.0 0.0 0.0 0.0 0.0 0.0 0.0 0.0 0.0 0.0 0.0 0.0 0.006143560682 0.006408669645 0.006174182962 0.006104787943 0.006072614496 0.005548245007 0.006165343941 0.006397248465 0.005876400069 0.006047776779 0.005561848357 0.005831766566 0.006188524714 0.006094862599 0.005676768488 0.006635864886 0.005998796371 0.005864236851 0.005669999451 0.006079393363 0.006304538171 0.006257082309 0.00584132114 0.005629710706 1.1139518213 0.006528716626 0.006099672493 0.006105205945 0.006728480332 0.006639013267 0.006562463888 0.005605210451 0.0 0.0 0.0 0.0 0.0 0.0 0.0 0.0 0.0 0.0 0.0 0.0 0.0 0.0 0.0 0.0 0.0 0.0 0.0 0.0 0.0 0.0 0.0 0.0 0.0 0.0 0.0 0.0 0.0 0.0 0.0 0.0 0.0 0.0 0.0 0.0 0.0 0.0 0.0 0.0 0.0 0.0 0.0 0.0 0.0 0.0 0.0 0.0 0.0 0.0 0.0 0.0
0.0 0.0 0.0 0.0 0.0 0.0 0.0 0.0 0.0 0.0 0.0 0.0 0.0 0.0 0.0 0.0 0.0 0.0 0.0 0.0 0.0 0.0 0.0 0.0 0.0 0.006250531162 0.006719163029 0.00628105836 0.006160066915 0.00611151694 0.005255293353 0.006281305558 0.006540484315 0.005753793958 0.006058755827 0.005282320293 0.005703446393 0.006247992944 0.0061551081 0.00543555257 0.007087255466 0.005959817571 0.005731232557 0.005446580087 0.00610108416 0.006439574793 0.006391898717 0.005714887009 0.005380530167 0.006528716626 0.431664199511 0.006118633189 0.006145093507 0.00728447818 0.007040243459 0.006871219948 0.00533000494 0.0 0.0 0.0 0.0 0.0 0.0 0.0 0.0 0.0 0.0 0.0 0.0 0.0 0.0 0.0 0.0 0.0 0.0 0.0 0.0 0.0 0.0 0.0 0.0 0.0 0.0 0.0 0.0 0.0 0.0 0.0 0.0 0.0 0.0 0.0 0.0 0.0 0.0 0.0 0.0 0.0 0.0 0.0 0.0 0.0 0.0 0.0 0.0 0.0 0.0 0.0 0.0
0.0 0.0 0.0 0.0 0.0 0.0 0.0 0.0 0.0 0.0 0.0 0.0 0.0 0.0 0.0 0.0 0.0 0.0 0.0 0.0 0.0 0.0 0.0 0.0 0.0 0.006045689884 0.00614063334 0.006007302457 0.006048654009 0.00604409824 0.005884309014 0.006106916811 0.006134383805 0.00595578175 0.006001490125 0.00587415065 0.005956668683 0.006064079073 0.006056716948 0.005921612899 0.006165920452 0.006006329016 0.005975201769 0.005914860879 0.006050123158 0.006134526278 0.006147688191 0.005985256068 0.005909728477 0.006099672493 0.006118633189 0.320060276102 0.00606917086 0.006154654454 0.006155141367 0.006228473328 0.005921168593 0.0 0.0 0.0 0.0 0.0 0.0 0.0 0.0 0.0 0.0 0.0 0.0 0.0 0.0 0.0 0.0 0.0 0.0 0.0 0.0 0.0 0.0 0.0 0.0 0.0 0.0 0.0 0.0 0.0 0.0 0.0 0.0 0.0 0.0 0.0 0.0 0.0 0.0 0.0 0.0 0.0 0.0 0.0 0.0 0.0 0.0 0.0 0.0 0.0 0.0 0.0 0.0
0.0 0.0 0.0 0.0 0.0 0.0 0.0 0.0 0.0 0.0 0.0 0.0 0.0 0.0 0.0 0.0 0.0 0.0 0.0 0.0 0.0 0.0 0.0 0.0 0.0 0.00605039377 0.006140207081 0.006026377502 0.006046509639 0.006038656554 0.005924521275 0.006093283918 0.006125093405 0.005970707377 0.006003669042 0.005912016837 0.005968479923 0.006060861626 0.00605432341 0.005941368728 0.006191128788 0.006007424467 0.005975311422 0.00593888354 0.006041035049 0.006122033082 0.006128490133 0.005987444746 0.005939812872 0.006105205945 0.006145093507 0.00606917086 0.835518276811 0.006190920283 0.006177624849 0.006225667891 0.005938156795 0.0 0.0 0.0 0.0 0.0 0.0 0.0 0.0 0.0 0.0 0.0 0.0 0.0 0.0 0.0 0.0 0.0 0.0 0.0 0.0 0.0 0.0 0.0 0.0 0.0 0.0 0.0 0.0 0.0 0.0 0.0 0.0 0.0 0.0 0.0 0.0 0.0 0.0 0.0 0.0 0.0 0.0 0.0 0.0 0.0 0.0 0.0 0.0 0.0 0.0 0.0 0.0
