73 73
1.17986880807 0.009436403921 0.009254250943 0.009122537966 0.009995235853 0.009683783226 0.009892562016 0.009566351267 0.01089312721 0.00921584177 0.01053457844 0.01029479359 0.01017623348 0.01037257781 0.008779345098 0.01017565002 0.01049793097 0.0 0.0 0.0 0.0 0.0 0.0 0.0 0.0 0.0 0.0 0.0 0.0 0.0 0.0 0.0 0.0 0.0 0.0 0.0 0.0 0.0 0.0 0.0 0.0 0.0 0.0 0.0 0.0 0.0 0.0 0.0 0.0 0.0 0.0 0.0 0.0 0.0 0.0 0.0 0.0 0.0 0.0 0.0 0.0 0.0 0.0 0.0 0.0 0.0 0.0 0.0 0.0 0.0 0.0 0.0 0.0
0.009436403921 0.679317369375 0.01034124525 0.01039927908 0.009812550864 0.01009721219 0.009938063501 0.01012645141 0.009428986806 0.01036191232 0.009607224997 0.009664044234 0.009753074488 0.009717260369 0.01057607043 0.009798701098 0.009558815607 0.0 0.0 0.0 0.0 0.0 0.0 0.0 0.0 0.0 0.0 0.0 0.0 0.0 0.0 0.0 0.0 0.0 0.0 0.0 0.0 0.0 0.0 0.0 0.0 0.0 0.0 0.0 0.0 0.0 0.0 0.0 0.0 0.0 0.0 0.0 0.0 0.0 0.0 0.0 0.0 0.0 0.0 0.0 0.0 0.0 0.0 0.0 0.0 0.0 0.0 0.0 0.0 0.0 0.0 0.0 0.0
0.009254250943 0.01034124525 1.67175369794 0.0104544312 0.009878430424 0.01010599621 0.009973056421 0.009879875554 0.009251022187 0.01045974736 0.009515445475 0.009638927602 0.009736061228 0.009584612188 0.01036844525 0.009696232379 0.009449208913 0.0 0.0 0.0 0.0 0.0 0.0 0.0 0.0 0.0 0.0 0.0 0.0 0.0 0.0 0.0 0.0 0.0 0.0 0.0 0.0 0.0 0.0 0.0 0.0 0.0 0.0 0.0 0.0 0.0 0.0 0.0 0.0 0.0 0.0 0.0 0.0 0.0 0.0 0.0 0.0 0.0 0.0 0.0 0.0 0.0 0.0 0.0 0.0 0.0 0.0 0.0 0.0 0.0 0.0 0.0 0.0
0.009122537966 0.01039927908 0.0104544312 0.414365886891 0.009747218135 0.01009221521 0.009886926971 0.0101881234 0.009125133347 0.01050025577 0.009383638994 0.009515192499 0.009626326008 0.009529924122 0.01097253975 0.009661230693 0.009365836935 0.0 0.0 0.0 0.0 0.0 0.0 0.0 0.0 0.0 0.0 0.0 0.0 0.0 0.0 0.0 0.0 0.0 0.0 0.0 0.0 0.0 0.0 0.0 0.0 0.0 0.0 0.0 0.0 0.0 0.0 0.0 0.0 0.0 0.0 0.0 0.0 0.0 0.0 0.0 0.0 0.0 0.0 0.0 0.0 0.0 0.0 0.0 0.0 0.0 0.0 0.0 0.0 0.0 0.0 0.0 0.0
0.009995235853 0.009812550864 0.009878430424 0.009747218135 0.594990398842 0.009880859256 0.009963595332 0.00953502262 0.01006679794 0.009827165475 0.01011196146 0.01010201447 0.01006007244 0.009971233654 0.009357860004 0.00995366968 0.01001582185 0.0 0.0 0.0 0.0 0.0 0.0 0.0 0.0 0.0 0.0 0.0 0.0 0.0 0.0 0.0 0.0 0.0 0.0 0.0 0.0 0.0 0.0 0.0 0.0 0.0 0.0 0.0 0.0 0.0 0.0 0.0 0.0 0.0 0.0 0.0 0.0 0.0 0.0 0.0 0.0 0.0 0.0 0.0 0.0 0.0 0.0 0.0 0.0 0.0 0.0 0.0 0.0 0.0 0.0 0.0 0.0
0.009683783226 0.01009721219 0.01010599621 0.01009221521 0.009880859256 0.972546722189 0.009939611494 0.01000851568 0.009689175478 0.01010518506 0.009783351563 0.009818151913 0.009859926432 0.009835478762 0.01011763128 0.009885564282 0.009763371203 0.0 0.0 0.0 0.0 0.0 0.0 0.0 0.0 0.0 0.0 0.0 0.0 0.0 0.0 0.0 0.0 0.0 0.0 0.0 0.0 0.0 0.0 0.0 0.0 0.0 0.0 0.0 0.0 0.0 0.0 0.0 0.0 0.0 0.0 0.0 0.0 0.0 0.0 0.0 0.0 0.0 0.0 0.0 0.0 0.0 0.0 0.0 0.0 0.0 0.0 0.0 0.0 0.0 0.0 0.0 0.0
0.009892562016 0.009938063501 0.009973056421 0.009886926971 0.009963595332 0.009939611494 0.632700368018 0.009772463943 0.009884286833 0.009935522911 0.009940669071 0.009941362132 0.009952760336 0.009914116751 0.009692961014 0.009919044422 0.009893796861 0.0 0.0 0.0 0.0 0.0 0.0 0.0 0.0 0.0 0.0 0.0 0.0 0.0 0.0 0.0 0.0 0.0 0.0 0.0 0.0 0.0 0.0 0.0 0.0 0.0 0.0 0.0 0.0 0.0 0.0 0.0 0.0 0.0 0.0 0.0 0.0 0.0 0.0 0.0 0.0 0.0 0.0 0.0 0.0 0.0 0.0 0.0 0.0 0.0 0.0 0.0 0.0 0.0 0.0 0.0 0.0
0.009566351267 0.01012645141 0.009879875554 0.0101881234 0.00953502262 0.01000851568 0.009772463943 0.849582558695 0.009445837777 0.01005831615 0.009412032563 0.009468086364 0.009575525952 0.009778230699 0.01116327827 0.009859171173 0.00963854496 0.0 0.0 0.0 0.0 0.0 0.0 0.0 0.0 0.0 0.0 0.0 0.0 0.0 0.0 0.0 0.0 0.0 0.0 0.0 0.0 0.0 0.0 0.0 0.0 0.0 0.0 0.0 0.0 0.0 0.0 0.0 0.0 0.0 0.0 0.0 0.0 0.0 0.0 0.0 0.0 0.0 0.0 0.0 0.0 0.0 0.0 0.0 0.0 0.0 0.0 0.0 0.0 0.0 0.0 0.0 0.0
0.01089312721 0.009428986806 0.009251022187 0.009125133347 0.01006679794 0.009689175478 0.009884286833 0.009445837777 0.76251519702 0.00924509582 0.0106559784 0.01041833886 0.01025223949 0.01040737305 0.008648770142 0.01021550473 0.01055712156 0.0 0.0 0.0 0.0 0.0 0.0 0.0 0.0 0.0 0.0 0.0 0.0 0.0 0.0 0.0 0.0 0.0 0.0 0.0 0.0 0.0 0.0 0.0 0.0 0.0 0.0 0.0 0.0 0.0 0.0 0.0 0.0 0.0 0.0 0.0 0.0 0.0 0.0 0.0 0.0 0.0 0.0 0.0 0.0 0.0 0.0 0.0 0.0 0.0 0.0 0.0 0.0 0.0 0.0 0.0 0.0
0.00921584177 0.01036191232 0.01045974736 0.01050025577 0.009827165475 0.01010518506 0.009935522911 0.01005831615 0.00924509582 0.696242648961 0.009498535781 0.009618796733 0.009713460558 0.009601541312 0.01061379802 0.009720832325 0.009454333278 0.0 0.0 0.0 0.0 0.0 0.0 0.0 0.0 0.0 0.0 0.0 0.0 0.0 0.0 0.0 0.0 0.0 0.0 0.0 0.0 0.0 0.0 0.0 0.0 0.0 0.0 0.0 0.0 0.0 0.0 0.0 0.0 0.0 0.0 0.0 0.0 0.0 0.0 0.0 0.0 0.0 0.0 0.0 0.0 0.0 0.0 0.0 0.0 0.0 0.0 0.0 0.0 0.0 0.0 0.0 0.0
0.01053457844 0.009607224997 0.009515445475 0.009383638994 0.01011196146 0.009783351563 0.009940669071 0.009412032563 0.0106559784 0.009498535781 0.81062121713 0.01035256599 0.01022525732 0.01025820079 0.008868491062 0.01013245819 0.01036055996 0.0 0.0 0.0 0.0 0.0 0.0 0.0 0.0 0.0 0.0 0.0 0.0 0.0 0.0 0.0 0.0 0.0 0.0 0.0 0.0 0.0 0.0 0.0 0.0 0.0 0.0 0.0 0.0 0.0 0.0 0.0 0.0 0.0 0.0 0.0 0.0 0.0 0.0 0.0 0.0 0.0 0.0 0.0 0.0 0.0 0.0 0.0 0.0 0.0 0.0 0.0 0.0 0.0 0.0 0.0 0.0
0.01029479359 0.009664044234 0.009638927602 0.009515192499 0.01010201447 0.009818151913 0.009941362132 0.009468086364 0.01041833886 0.009618796733 0.01035256599 0.557462954512 0.01017059987 0.01014420857 0.00904893694 0.01007256769 0.01024137745 0.0 0.0 0.0 0.0 0.0 0.0 0.0 0.0 0.0 0.0 0.0 0.0 0.0 0.0 0.0 0.0 0.0 0.0 0.0 0.0 0.0 0.0 0.0 0.0 0.0 0.0 0.0 0.0 0.0 0.0 0.0 0.0 0.0 0.0 0.0 0.0 0.0 0.0 0.0 0.0 0.0 0.0 0.0 0.0 0.0 0.0 0.0 0.0 0.0 0.0 0.0 0.0 0.0 0.0 0.0 0.0
0.01017623348 0.009753074488 0.009736061228 0.009626326008 0.01006007244 0.009859926432 0.009952760336 0.009575525952 0.01025223949 0.009713460558 0.01022525732 0.01017059987 0.555838216259 0.01008101355 0.009247528886 0.01003761349 0.01014287961 0.0 0.0 0.0 0.0 0.0 0.0 0.0 0.0 0.0 0.0 0.0 0.0 0.0 0.0 0.0 0.0 0.0 0.0 0.0 0.0 0.0 0.0 0.0 0.0 0.0 0.0 0.0 0.0 0.0 0.0 0.0 0.0 0.0 0.0 0.0 0.0 0.0 0.0 0.0 0.0 0.0 0.0 0.0 0.0 0.0 0.0 0.0 0.0 0.0 0.0 0.0 0.0 0.0 0.0 0.0 0.0
0.01037257781 0.009717260369 0.009584612188 0.009529924122 0.009971233654 0.009835478762 0.009914116751 0.009778230699 0.01040737305 0.009601541312 0.01025820079 0.01014420857 0.01008101355 0.398214427032 0.009308067646 0.01010433251 0.01023208181 0.0 0.0 0.0 0.0 0.0 0.0 0.0 0.0 0.0 0.0 0.0 0.0 0.0 0.0 0.0 0.0 0.0 0.0 0.0 0.0 0.0 0.0 0.0 0.0 0.0 0.0 0.0 0.0 0.0 0.0 0.0 0.0 0.0 0.0 0.0 0.0 0.0 0.0 0.0 0.0 0.0 0.0 0.0 0.0 0.0 0.0 0.0 0.0 0.0 0.0 0.0 0.0 0.0 0.0 0.0 0.0
0.008779345098 0.01057607043 0.01036844525 0.01097253975 0.009357860004 0.01011763128 0.009692961014 0.01116327827 0.008648770142 0.01061379802 0.008868491062 0.00904893694 0.009247528886 0.009308067646 0.8917109366 0.009491710154 0.009043930163 0.0 0.0 0.0 0.0 0.0 0.0 0.0 0.0 0.0 0.0 0.0 0.0 0.0 0.0 0.0 0.0 0.0 0.0 0.0 0.0 0.0 0.0 0.0 0.0 0.0 0.0 0.0 0.0 0.0 0.0 0.0 0.0 0.0 0.0 0.0 0.0 0.0 0.0 0.0 0.0 0.0 0.0 0.0 0.0 0.0 0.0 0.0 0.0 0.0 0.0 0.0 0.0 0.0 0.0 0.0 0.0
0.01017565002 0.009798701098 0.009696232379 0.009661230693 0.00995366968 0.009885564282 0.009919044422 0.009859171173 0.01021550473 0.009720832325 0.01013245819 0.01007256769 0.01003761349 0.01010433251 0.009491710154 0.252572741189 0.01013795163 0.0 0.0 0.0 0.0 0.0 0.0 0.0 0.0 0.0 0.0 0.0 0.0 0.0 0.0 0.0 0.0 0.0 0.0 0.0 0.0 0.0 0.0 0.0 0.0 0.0 0.0 0.0 0.0 0.0 0.0 0.0 0.0 0.0 0.0 0.0 0.0 0.0 0.0 0.0 0.0 0.0 0.0 0.0 0.0 0.0 0.0 0.0 0.0 0.0 0.0 0.0 0.0 0.0 0.0 0.0 0.0
0.01049793097 0.009558815607 0.009449208913 0.009365836935 0.01001582185 0.009763371203 0.009893796861 0.00963854496 0.01055712156 0.009454333278 0.01036055996 0.01024137745 0.01014287961 0.01023208181 0.009043930163 0.01013795163 0.638755763098 0.0 0.0 0.0 0.0 0.0 0.0 0.0 0.0 0.0 0.0 0.0 0.0 0.0 0.0 0.0 0.0 0.0 0.0 0.0 0.0 0.0 0.0 0.0 0.0 0.0 0.0 0.0 0.0 0.0 0.0 0.0 0.0 0.0 0.0 0.0 0.0 0.0 0.0 0.0 0.0 0.0 0.0 0.0 0.0 0.0 0.0 0.0 0.0 0.0 0.0 0.0 0.0 0.0 0.0 0.0 0.0
0.0 0.0 0.0 0.0 0.0 0.0 0.0 0.0 0.0 0.0 0.0 0.0 0.0 0.0 0.0 0.0 0.0 0.522932082725 0.008948005476 0.008546129083 0.008687510391 0.008834634619 0.008814825021 0.00896399129 0.008157697198 0.00891796954 0.008449293533 0.009156205282 0.008533789218 0.008790687697 0.008139098508 0.008508097238 0.008436742819 0.00826488668 0.008338566774 0.008197414555 0.008291119065 0.009033508119 0.00828609756 0.008569224519 0.009297404468 0.008886833866 0.0 0.0 0.0 0.0 0.0 0.0 0.0 0.0 0.0 0.0 0.0 0.0 0.0 0.0 0.0 0.0 0.0 0.0 0.0 0.0 0.0 0.0 0.0 0.0 0.0 0.0 0.0 0.0 0.0 0.0 0.0
0.0 0.0 0.0 0.0 0.0 0.0 0.0 0.0 0.0 0.0 0.0 0.0 0.0 0.0 0.0 0.0 0.0 0.008948005476 0.31430320026 0.008520317675 0.008623005764 0.008802467077 0.008758384111 0.008954438434 0.00817972088 0.008906506828 0.008436921622 0.009107963621 0.008499356312 0.008737500355 0.008167211176 0.008470595789 0.008438453904 0.00828988661 0.008346663026 0.008224977935 0.00830357432 0.00900335533 0.008286539576 0.008534558083 0.009270774295 0.008855870027 0.0 0.0 0.0 0.0 0.0 0.0 0.0 0.0 0.0 0.0 0.0 0.0 0.0 0.0 0.0 0.0 0.0 0.0 0.0 0.0 0.0 0.0 0.0 0.0 0.0 0.0 0.0 0.0 0.0 0.0 0.0
0.0 0.0 0.0 0.0 0.0 0.0 0.0 0.0 0.0 0.0 0.0 0.0 0.0 0.0 0.0 0.0 0.0 0.008546129083 0.008520317675 0.450884444322 0.008508285997 0.008497735188 0.008528174242 0.008493723215 0.008280822822 0.008463453624 0.008407438839 0.008584893267 0.008447085298 0.008521453461 0.008290026167 0.008446703634 0.008404059988 0.008291962771 0.008367860262 0.008289477522 0.008353090828 0.008543077961 0.008340665133 0.008462192763 0.008584638816 0.008519125704 0.0 0.0 0.0 0.0 0.0 0.0 0.0 0.0 0.0 0.0 0.0 0.0 0.0 0.0 0.0 0.0 0.0 0.0 0.0 0.0 0.0 0.0 0.0 0.0 0.0 0.0 0.0 0.0 0.0 0.0 0.0
0.0 0.0 0.0 0.0 0.0 0.0 0.0 0.0 0.0 0.0 0.0 0.0 0.0 0.0 0.0 0.0 0.0 0.008687510391 0.008623005764 0.008508285997 0.641342604158 0.008570119993 0.008724476847 0.008556393509 0.008154738651 0.008542080255 0.008425363768 0.008824534225 0.008532078044 0.008700808398 0.008174370431 0.00855545786 0.008379144214 0.008172811446 0.008312931837 0.008170454835 0.008271363329 0.00871262774 0.008277165449 0.008568337528 0.008783912319 0.00864306659 0.0 0.0 0.0 0.0 0.0 0.0 0.0 0.0 0.0 0.0 0.0 0.0 0.0 0.0 0.0 0.0 0.0 0.0 0.0 0.0 0.0 0.0 0.0 0.0 0.0 0.0 0.0 0.0 0.0 0.0 0.0
0.0 0.0 0.0 0.0 0.0 0.0 0.0 0.0 0.0 0.0 0.0 0.0 0.0 0.0 0.0 0.0 0.0 0.008834634619 0.008802467077 0.008497735188 0.008570119993 1.77887961208 0.008756234344 0.008856431831 0.008278973941 0.009101642718 0.008450562487 0.00894975245 0.008510240833 0.008503473462 0.008211235183 0.008498620788 0.008449109692 0.008326561298 0.008354770926 0.008271454659 0.00833349727 0.008854553579 0.008332761204 0.008571129672 0.009021634579 0.008749898275 0.0 0.0 0.0 0.0 0.0 0.0 0.0 0.0 0.0 0.0 0.0 0.0 0.0 0.0 0.0 0.0 0.0 0.0 0.0 0.0 0.0 0.0 0.0 0.0 0.0 0.0 0.0 0.0 0.0 0.0 0.0
0.0 0.0 0.0 0.0 0.0 0.0 0.0 0.0 0.0 0.0 0.0 0.0 0.0 0.0 0.0 0.0 0.0 0.008814825021 0.008758384111 0.008528174242 0.008724476847 0.008756234344 0.383224013256 0.008735989664 0.00818649204 0.008723308063 0.008452867885 0.008962811762 0.008549279548 0.008764157112 0.008179927898 0.008557714991 0.008410771804 0.008234209074 0.008332131953 0.008201224386 0.008297751931 0.008843943974 0.008315951061 0.008574285825 0.00898001412 0.008749238603 0.0 0.0 0.0 0.0 0.0 0.0 0.0 0.0 0.0 0.0 0.0 0.0 0.0 0.0 0.0 0.0 0.0 0.0 0.0 0.0 0.0 0.0 0.0 0.0 0.0 0.0 0.0 0.0 0.0 0.0 0.0
0.0 0.0 0.0 0.0 0.0 0.0 0.0 0.0 0.0 0.0 0.0 0.0 0.0 0.0 0.0 0.0 0.0 0.00896399129 0.008954438434 0.008493723215 0.008556393509 0.008856431831 0.008735989664 0.527346890853 0.008237289241 0.009059393123 0.008441321578 0.00912044302 0.008463321558 0.008735691957 0.008207706736 0.008444594766 0.008462827399 0.008373425408 0.008372927057 0.008288578625 0.008328618382 0.009053056773 0.00832581385 0.00850361651 0.009343322012 0.008878000421 0.0 0.0 0.0 0.0 0.0 0.0 0.0 0.0 0.0 0.0 0.0 0.0 0.0 0.0 0.0 0.0 0.0 0.0 0.0 0.0 0.0 0.0 0.0 0.0 0.0 0.0 0.0 0.0 0.0 0.0 0.0
0.0 0.0 0.0 0.0 0.0 0.0 0.0 0.0 0.0 0.0 0.0 0.0 0.0 0.0 0.0 0.0 0.0 0.008157697198 0.00817972088 0.008280822822 0.008154738651 0.008278973941 0.00818649204 0.008237289241 0.517792906009 0.008275689969 0.008379044708 0.008063756279 0.008267973263 0.008240754635 0.008557731081 0.008304580296 0.00845873739 0.008557842926 0.008487262878 0.008579137228 0.008499485454 0.0081782405 0.008494697826 0.008271950024 0.008016105004 0.008226772752 0.0 0.0 0.0 0.0 0.0 0.0 0.0 0.0 0.0 0.0 0.0 0.0 0.0 0.0 0.0 0.0 0.0 0.0 0.0 0.0 0.0 0.0 0.0 0.0 0.0 0.0 0.0 0.0 0.0 0.0 0.0
0.0 0.0 0.0 0.0 0.0 0.0 0.0 0.0 0.0 0.0 0.0 0.0 0.0 0.0 0.0 0.0 0.0 0.00891796954 0.008906506828 0.008463453624 0.008542080255 0.009101642718 0.008723308063 0.009059393123 0.008275689969 0.806383503629 0.008442017391 0.009064748045 0.008441898749 0.008706469714 0.008221411057 0.008447986653 0.00846514478 0.008425431711 0.008380321168 0.008326301589 0.008332982565 0.00903074241 0.008364184011 0.008487125402 0.009275743526 0.00884962217 0.0 0.0 0.0 0.0 0.0 0.0 0.0 0.0 0.0 0.0 0.0 0.0 0.0 0.0 0.0 0.0 0.0 0.0 0.0 0.0 0.0 0.0 0.0 0.0 0.0 0.0 0.0 0.0 0.0 0.0 0.0
0.0 0.0 0.0 0.0 0.0 0.0 0.0 0.0 0.0 0.0 0.0 0.0 0.0 0.0 0.0 0.0 0.0 0.008449293533 0.008436921622 0.008407438839 0.008425363768 0.008450562487 0.008452867885 0.008441321578 0.008379044708 0.008442017391 0.485349073279 0.008471203617 0.00840065037 0.008475936753 0.008377754233 0.008425086096 0.008440343125 0.008371223444 0.008417857995 0.008380428871 0.008408557768 0.008479053068 0.00839351972 0.008420997849 0.008460590149 0.008461800423 0.0 0.0 0.0 0.0 0.0 0.0 0.0 0.0 0.0 0.0 0.0 0.0 0.0 0.0 0.0 0.0 0.0 0.0 0.0 0.0 0.0 0.0 0.0 0.0 0.0 0.0 0.0 0.0 0.0 0.0 0.0
0.0 0.0 0.0 0.0 0.0 0.0 0.0 0.0 0.0 0.0 0.0 0.0 0.0 0.0 0.0 0.0 0.0 0.009156205282 0.009107963621 0.008584893267 0.008824534225 0.00894975245 0.008962811762 0.00912044302 0.008063756279 0.009064748045 0.008471203617 0.741872114512 0.008586893642 0.008930952766 0.008055230795 0.008563092365 0.00842602619 0.008182608092 0.008298213111 0.008114173555 0.008236713126 0.00925306343 0.008229647175 0.008637926535 0.009622069229 0.009037077276 0.0 0.0 0.0 0.0 0.0 0.0 0.0 0.0 0.0 0.0 0.0 0.0 0.0 0.0 0.0 0.0 0.0 0.0 0.0 0.0 0.0 0.0 0.0 0.0 0.0 0.0 0.0 0.0 0.0 0.0 0.0
0.0 0.0 0.0 0.0 0.0 0.0 0.0 0.0 0.0 0.0 0.0 0.0 0.0 0.0 0.0 0.0 0.0 0.008533789218 0.008499356312 0.008447085298 0.008532078044 0.008510240833 0.008549279548 0.008463321558 0.008267973263 0.008441898749 0.00840065037 0.008586893642 0.524501471627 0.008538048913 0.008272335721 0.008463211352 0.008367398942 0.008270559159 0.008335579246 0.008265840536 0.008328756363 0.008520240665 0.008336179308 0.008464625769 0.008564880387 0.00849718578 0.0 0.0 0.0 0.0 0.0 0.0 0.0 0.0 0.0 0.0 0.0 0.0 0.0 0.0 0.0 0.0 0.0 0.0 0.0 0.0 0.0 0.0 0.0 0.0 0.0 0.0 0.0 0.0 0.0 0.0 0.0
0.0 0.0 0.0 0.0 0.0 0.0 0.0 0.0 0.0 0.0 0.0 0.0 0.0 0.0 0.0 0.0 0.0 0.008790687697 0.008737500355 0.008521453461 0.008700808398 0.008503473462 0.008764157112 0.008735691957 0.008240754635 0.008706469714 0.008475936753 0.008930952766 0.008538048913 0.453215826729 0.008235772704 0.008565724759 0.008449004958 0.008278110863 0.008373506491 0.008253153304 0.0083373448 0.00884621124 0.008354002865 0.008565239633 0.00894741694 0.008749875307 0.0 0.0 0.0 0.0 0.0 0.0 0.0 0.0 0.0 0.0 0.0 0.0 0.0 0.0 0.0 0.0 0.0 0.0 0.0 0.0 0.0 0.0 0.0 0.0 0.0 0.0 0.0 0.0 0.0 0.0 0.0
0.0 0.0 0.0 0.0 0.0 0.0 0.0 0.0 0.0 0.0 0.0 0.0 0.0 0.0 0.0 0.0 0.0 0.008139098508 0.008167211176 0.008290026167 0.008174370431 0.008211235183 0.008179927898 0.008207706736 0.008557731081 0.008221411057 0.008377754233 0.008055230795 0.008272335721 0.008235772704 2.13931213228 0.008313158577 0.008449959407 0.008516236093 0.00848543868 0.008557045335 0.008496375286 0.008169795658 0.008477862449 0.008274772217 0.00800485623 0.008215122879 0.0 0.0 0.0 0.0 0.0 0.0 0.0 0.0 0.0 0.0 0.0 0.0 0.0 0.0 0.0 0.0 0.0 0.0 0.0 0.0 0.0 0.0 0.0 0.0 0.0 0.0 0.0 0.0 0.0 0.0 0.0
0.0 0.0 0.0 0.0 0.0 0.0 0.0 0.0 0.0 0.0 0.0 0.0 0.0 0.0 0.0 0.0 0.0 0.008508097238 0.008470595789 0.008446703634 0.00855545786 0.008498620788 0.008557714991 0.008444594766 0.008304580296 0.008447986653 0.008425086096 0.008563092365 0.008463211352 0.008565724759 0.008313158577 0.507855977192 0.00840431485 0.008294026227 0.008372512383 0.008297060218 0.00835698918 0.008526129227 0.008371852942 0.008479445774 0.008511845187 0.008500965249 0.0 0.0 0.0 0.0 0.0 0.0 0.0 0.0 0.0 0.0 0.0 0.0 0.0 0.0 0.0 0.0 0.0 0.0 0.0 0.0 0.0 0.0 0.0 0.0 0.0 0.0 0.0 0.0 0.0 0.0 0.0
0.0 0.0 0.0 0.0 0.0 0.0 0.0 0.0 0.0 0.0 0.0 0.0 0.0 0.0 0.0 0.0 0.0 0.008436742819 0.008438453904 0.008404059988 0.008379144214 0.008449109692 0.008410771804 0.008462827399 0.00845873739 0.00846514478 0.008440343125 0.00842602619 0.008367398942 0.008449004958 0.008449959407 0.00840431485 0.390994390589 0.008464476026 0.008505959988 0.008478353975 0.008486905021 0.008491975904 0.008432015061 0.008412632678 0.008418827859 0.008484118621 0.0 0.0 0.0 0.0 0.0 0.0 0.0 0.0 0.0 0.0 0.0 0.0 0.0 0.0 0.0 0.0 0.0 0.0 0.0 0.0 0.0 0.0 0.0 0.0 0.0 0.0 0.0 0.0 0.0 0.0 0.0
0.0 0.0 0.0 0.0 0.0 0.0 0.0 0.0 0.0 0.0 0.0 0.0 0.0 0.0 0.0 0.0 0.0 0.00826488668 0.00828988661 0.008291962771 0.008172811446 0.008326561298 0.008234209074 0.008373425408 0.008557842926 0.008425431711 0.008371223444 0.008182608092 0.008270559159 0.008278110863 0.008516236093 0.008294026227 0.008464476026 0.438902086327 0.008477939202 0.008575496615 0.008475876954 0.008292702563 0.008480706074 0.008276549706 0.008190205408 0.008313167942 0.0 0.0 0.0 0.0 0.0 0.0 0.0 0.0 0.0 0.0 0.0 0.0 0.0 0.0 0.0 0.0 0.0 0.0 0.0 0.0 0.0 0.0 0.0 0.0 0.0 0.0 0.0 0.0 0.0 0.0 0.0
0.0 0.0 0.0 0.0 0.0 0.0 0.0 0.0 0.0 0.0 0.0 0.0 0.0 0.0 0.0 0.0 0.0 0.008338566774 0.008346663026 0.008367860262 0.008312931837 0.008354770926 0.008332131953 0.008372927057 0.008487262878 0.008380321168 0.008417857995 0.008298213111 0.008335579246 0.008373506491 0.00848543868 0.008372512383 0.008505959988 0.008477939202 0.309372957032 0.008500345826 0.008485742264 0.008381981303 0.0084417335 0.008368146855 0.008276896193 0.008393727876 0.0 0.0 0.0 0.0 0.0 0.0 0.0 0.0 0.0 0.0 0.0 0.0 0.0 0.0 0.0 0.0 0.0 0.0 0.0 0.0 0.0 0.0 0.0 0.0 0.0 0.0 0.0 0.0 0.0 0.0 0.0
0.0 0.0 0.0 0.0 0.0 0.0 0.0 0.0 0.0 0.0 0.0 0.0 0.0 0.0 0.0 0.0 0.0 0.008197414555 0.008224977935 0.008289477522 0.008170454835 0.008271454659 0.008201224386 0.008288578625 0.008579137228 0.008326301589 0.008380428871 0.008114173555 0.008265840536 0.008253153304 0.008557045335 0.008297060218 0.008478353975 0.008575496615 0.008500345826 0.553366595719 0.008502631197 0.008231573289 0.008485032121 0.008276683951 0.008087751649 0.008270655065 0.0 0.0 0.0 0.0 0.0 0.0 0.0 0.0 0.0 0.0 0.0 0.0 0.0 0.0 0.0 0.0 0.0 0.0 0.0 0.0 0.0 0.0 0.0 0.0 0.0 0.0 0.0 0.0 0.0 0.0 0.0
0.0 0.0 0.0 0.0 0.0 0.0 0.0 0.0 0.0 0.0 0.0 0.0 0.0 0.0 0.0 0.0 0.0 0.008291119065 0.00830357432 0.008353090828 0.008271363329 0.00833349727 0.008297751931 0.008328618382 0.008499485454 0.008332982565 0.008408557768 0.008236713126 0.008328756363 0.0083373448 0.008496375286 0.00835698918 0.008486905021 0.008475876954 0.008485742264 0.008502631197 0.855484394891 0.008313218953 0.008445990196 0.008346637927 0.008212429855 0.008343241689 0.0 0.0 0.0 0.0 0.0 0.0 0.0 0.0 0.0 0.0 0.0 0.0 0.0 0.0 0.0 0.0 0.0 0.0 0.0 0.0 0.0 0.0 0.0 0.0 0.0 0.0 0.0 0.0 0.0 0.0 0.0
0.0 0.0 0.0 0.0 0.0 0.0 0.0 0.0 0.0 0.0 0.0 0.0 0.0 0.0 0.0 0.0 0.0 0.009033508119 0.00900335533 0.008543077961 0.00871262774 0.008854553579 0.008843943974 0.009053056773 0.0081782405 0.00903074241 0.008479053068 0.00925306343 0.008520240665 0.00884621124 0.008169795658 0.008526129227 0.008491975904 0.008292702563 0.008381981303 0.008231573289 0.008313218953 0.706967220263 0.008296926798 0.008586568806 0.00942837801 0.008965763012 0.0 0.0 0.0 0.0 0.0 0.0 0.0 0.0 0.0 0.0 0.0 0.0 0.0 0.0 0.0 0.0 0.0 0.0 0.0 0.0 0.0 0.0 0.0 0.0 0.0 0.0 0.0 0.0 0.0 0.0 0.0
0.0 0.0 0.0 0.0 0.0 0.0 0.0 0.0 0.0 0.0 0.0 0.0 0.0 0.0 0.0 0.0 0.0 0.00828609756 0.008286539576 0.008340665133 0.008277165449 0.008332761204 0.008315951061 0.00832581385 0.008494697826 0.008364184011 0.00839351972 0.008229647175 0.008336179308 0.008354002865 0.008477862449 0.008371852942 0.008432015061 0.008480706074 0.0084417335 0.008485032121 0.008445990196 0.008296926798 0.90196145114 0.008337919184 0.008188774028 0.008325026799 0.0 0.0 0.0 0.0 0.0 0.0 0.0 0.0 0.0 0.0 0.0 0.0 0.0 0.0 0.0 0.0 0.0 0.0 0.0 0.0 0.0 0.0 0.0 0.0 0.0 0.0 0.0 0.0 0.0 0.0 0.0
0.0 0.0 0.0 0.0 0.0 0.0 0.0 0.0 0.0 0.0 0.0 0.0 0.0 0.0 0.0 0.0 0.0 0.008569224519 0.008534558083 0.008462192763 0.008568337528 0.008571129672 0.008574285825 0.00850361651 0.008271950024 0.008487125402 0.008420997849 0.008637926535 0.008464625769 0.008565239633 0.008274772217 0.008479445774 0.008412632678 0.008276549706 0.008368146855 0.008276683951 0.008346637927 0.008586568806 0.008337919184 0.486790162298 0.008619618843 0.008550479134 0.0 0.0 0.0 0.0 0.0 0.0 0.0 0.0 0.0 0.0 0.0 0.0 0.0 0.0 0.0 0.0 0.0 0.0 0.0 0.0 0.0 0.0 0.0 0.0 0.0 0.0 0.0 0.0 0.0 0.0 0.0
0.0 0.0 0.0 0.0 0.0 0.0 0.0 0.0 0.0 0.0 0.0 0.0 0.0 0.0 0.0 0.0 0.0 0.009297404468 0.009270774295 0.008584638816 0.008783912319 0.009021634579 0.00898001412 0.009343322012 0.008016105004 0.009275743526 0.008460590149 0.009622069229 0.008564880387 0.00894741694 0.00800485623 0.008511845187 0.008418827859 0.008190205408 0.008276896193 0.008087751649 0.008212429855 0.00942837801 0.008188774028 0.008619618843 0.589386146113 0.00914261384 0.0 0.0 0.0 0.0 0.0 0.0 0.0 0.0 0.0 0.0 0.0 0.0 0.0 0.0 0.0 0.0 0.0 0.0 0.0 0.0 0.0 0.0 0.0 0.0 0.0 0.0 0.0 0.0 0.0 0.0 0.0
0.0 0.0 0.0 0.0 0.0 0.0 0.0 0.0 0.0 0.0 0.0 0.0 0.0 0.0 0.0 0.0 0.0 0.008886833866 0.008855870027 0.008519125704 0.00864306659 0.008749898275 0.008749238603 0.008878000421 0.008226772752 0.00884962217 0.008461800423 0.009037077276 0.00849718578 0.008749875307 0.008215122879 0.008500965249 0.008484118621 0.008313167942 0.008393727876 0.008270655065 0.008343241689 0.008965763012 0.008325026799 0.008550479134 0.00914261384 1.06064019483 0.0 0.0 0.0 0.0 0.0 0.0 0.0 0.0 0.0 0.0 0.0 0.0 0.0 0.0 0.0 0.0 0.0 0.0 0.0 0.0 0.0 0.0 0.0 0.0 0.0 0.0 0.0 0.0 0.0 0.0 0.0
0.0 0.0 0.0 0.0 0.0 0.0 0.0 0.0 0.0 0.0 0.0 0.0 0.0 0.0 0.0 0.0 0.0 0.0 0.0 0.0 0.0 0.0 0.0 0.0 0.0 0.0 0.0 0.0 0.0 0.0 0.0 0.0 0.0 0.0 0.0 0.0 0.0 0.0 0.0 0.0 0.0 0.0 0.74778723931 0.009268056886 0.008252007795 0.008927706438 0.009539069961 0.007440723008 0.007918180758 0.008372372799 0.009348148156 0.008006226315 0.008766681924 0.007361238141 0.007569085457 0.007960167879 0.007956233898 0.007874854457 0.00835626678 0.007446969831 0.008601495409 0.008403958554 0.009083807417 0.009492381648 0.008986842011 0.0 0.0 0.0 0.0 0.0 0.0 0.0 0.0
0.0 0.0 0.0 0.0 0.0 0.0 0.0 0.0 0.0 0.0 0.0 0.0 0.0 0.0 0.0 0.0 0.0 0.0 0.0 0.0 0.0 0.0 0.0 0.0 0.0 0.0 0.0 0.0 0.0 0.0 0.0 0.0 0.0 0.0 0.0 0.0 0.0 0.0 0.0 0.0 0.0 0.0 0.009268056886 0.791505587226 0.008158589134 0.008577767333 0.008873496012 0.007631213172 0.007932385138 0.00821618013 0.008791431474 0.008020790147 0.008451687564 0.007599616269 0.00774508617 0.008013257912 0.007984943274 0.007930734128 0.008274898036 0.007672641185 0.008393429073 0.00833213734 0.008643119874 0.008847193848 0.008607767312 0.0 0.0 0.0 0.0 0.0 0.0 0.0 0.0
0.0 0.0 0.0 0.0 0.0 0.0 0.0 0.0 0.0 0.0 0.0 0.0 0.0 0.0 0.0 0.0 0.0 0.0 0.0 0.0 0.0 0.0 0.0 0.0 0.0 0.0 0.0 0.0 0.0 0.0 0.0 0.0 0.0 0.0 0.0 0.0 0.0 0.0 0.0 0.0 0.0 0.0 0.008252007795 0.008158589134 0.895306882078 0.008141241019 0.008135818935 0.007840874058 0.007910491471 0.008035643591 0.008167006626 0.008025084413 0.008102799786 0.007829977154 0.007893345577 0.007972968465 0.007907590011 0.007942127018 0.007968043415 0.007859410476 0.008050825777 0.008048710332 0.008131287673 0.00816082341 0.00811033493 0.0 0.0 0.0 0.0 0.0 0.0 0.0 0.0
0.0 0.0 0.0 0.0 0.0 0.0 0.0 0.0 0.0 0.0 0.0 0.0 0.0 0.0 0.0 0.0 0.0 0.0 0.0 0.0 0.0 0.0 0.0 0.0 0.0 0.0 0.0 0.0 0.0 0.0 0.0 0.0 0.0 0.0 0.0 0.0 0.0 0.0 0.0 0.0 0.0 0.0 0.008927706438 0.008577767333 0.008141241019 0.532027021708 0.008628677627 0.007693639985 0.007874997773 0.008150787741 0.008597089979 0.008059493532 0.008349686141 0.0076793067 0.007804206007 0.007974361187 0.007947161729 0.007928138655 0.008152647207 0.00772446289 0.008286104591 0.008256686207 0.00849687167 0.008619050249 0.00845518078 0.0 0.0 0.0 0.0 0.0 0.0 0.0 0.0
0.0 0.0 0.0 0.0 0.0 0.0 0.0 0.0 0.0 0.0 0.0 0.0 0.0 0.0 0.0 0.0 0.0 0.0 0.0 0.0 0.0 0.0 0.0 0.0 0.0 0.0 0.0 0.0 0.0 0.0 0.0 0.0 0.0 0.0 0.0 0.0 0.0 0.0 0.0 0.0 0.0 0.0 0.009539069961 0.008873496012 0.008135818935 0.008628677627 1.37346219055 0.007569728266 0.007945064097 0.008260009631 0.00890829944 0.00789039333 0.008477633085 0.007523535711 0.00766705003 0.007980571858 0.008088015029 0.007925932549 0.008487526048 0.007632048932 0.008489185054 0.008491756161 0.008731333881 0.009027766927 0.008731360076 0.0 0.0 0.0 0.0 0.0 0.0 0.0 0.0
0.0 0.0 0.0 0.0 0.0 0.0 0.0 0.0 0.0 0.0 0.0 0.0 0.0 0.0 0.0 0.0 0.0 0.0 0.0 0.0 0.0 0.0 0.0 0.0 0.0 0.0 0.0 0.0 0.0 0.0 0.0 0.0 0.0 0.0 0.0 0.0 0.0 0.0 0.0 0.0 0.0 0.0 0.007440723008 0.007631213172 0.007840874058 0.007693639985 0.007569728266 1.13999905286 0.007912685509 0.007823497511 0.007624224428 0.007881285341 0.007746221304 0.008019512097 0.007994558094 0.007919601109 0.007891448871 0.007937456822 0.007766161206 0.008016954017 0.007761255281 0.007770682521 0.007664458022 0.007596446584 0.007680231755 0.0 0.0 0.0 0.0 0.0 0.0 0.0 0.0
0.0 0.0 0.0 0.0 0.0 0.0 0.0 0.0 0.0 0.0 0.0 0.0 0.0 0.0 0.0 0.0 0.0 0.0 0.0 0.0 0.0 0.0 0.0 0.0 0.0 0.0 0.0 0.0 0.0 0.0 0.0 0.0 0.0 0.0 0.0 0.0 0.0 0.0 0.0 0.0 0.0 0.0 0.007918180758 0.007932385138 0.007910491471 0.007874997773 0.007945064097 0.007912685509 0.651890032933 0.007979109707 0.007929377802 0.007837456897 0.007924552036 0.007898131938 0.007888988956 0.008139360022 0.008009485836 0.007977547244 0.008154357089 0.007972571387 0.007977613685 0.008061675751 0.007911595148 0.007953090417 0.007953377444 0.0 0.0 0.0 0.0 0.0 0.0 0.0 0.0
0.0 0.0 0.0 0.0 0.0 0.0 0.0 0.0 0.0 0.0 0.0 0.0 0.0 0.0 0.0 0.0 0.0 0.0 0.0 0.0 0.0 0.0 0.0 0.0 0.0 0.0 0.0 0.0 0.0 0.0 0.0 0.0 0.0 0.0 0.0 0.0 0.0 0.0 0.0 0.0 0.0 0.0 0.008372372799 0.00821618013 0.008035643591 0.008150787741 0.008260009631 0.007823497511 0.007979109707 3.24637214172 0.008222198337 0.007922477826 0.008120205887 0.007793903723 0.00784157464 0.008011983698 0.007989736531 0.007973562976 0.008084402965 0.00786207396 0.008111312253 0.008047761853 0.00816593107 0.008250500874 0.008163219197 0.0 0.0 0.0 0.0 0.0 0.0 0.0 0.0
0.0 0.0 0.0 0.0 0.0 0.0 0.0 0.0 0.0 0.0 0.0 0.0 0.0 0.0 0.0 0.0 0.0 0.0 0.0 0.0 0.0 0.0 0.0 0.0 0.0 0.0 0.0 0.0 0.0 0.0 0.0 0.0 0.0 0.0 0.0 0.0 0.0 0.0 0.0 0.0 0.0 0.0 0.009348148156 0.008791431474 0.008167006626 0.008597089979 0.00890829944 0.007624224428 0.007929377802 0.008222198337 0.754052531774 0.00803154008 0.008476714447 0.007587826652 0.007738851079 0.008015654269 0.007970225884 0.007928834395 0.008254986888 0.007658669006 0.008401459058 0.008309765902 0.008670392981 0.008888912004 0.008627301805 0.0 0.0 0.0 0.0 0.0 0.0 0.0 0.0
0.0 0.0 0.0 0.0 0.0 0.0 0.0 0.0 0.0 0.0 0.0 0.0 0.0 0.0 0.0 0.0 0.0 0.0 0.0 0.0 0.0 0.0 0.0 0.0 0.0 0.0 0.0 0.0 0.0 0.0 0.0 0.0 0.0 0.0 0.0 0.0 0.0 0.0 0.0 0.0 0.0 0.0 0.008006226315 0.008020790147 0.008025084413 0.008059493532 0.00789039333 0.007881285341 0.007837456897 0.007922477826 0.00803154008 0.723837650586 0.008033499878 0.007902556527 0.007958509217 0.007941158813 0.007806061413 0.007907084234 0.007781855059 0.007873044116 0.007943963032 0.007922097285 0.008028537186 0.007977743357 0.00797689609 0.0 0.0 0.0 0.0 0.0 0.0 0.0 0.0
0.0 0.0 0.0 0.0 0.0 0.0 0.0 0.0 0.0 0.0 0.0 0.0 0.0 0.0 0.0 0.0 0.0 0.0 0.0 0.0 0.0 0.0 0.0 0.0 0.0 0.0 0.0 0.0 0.0 0.0 0.0 0.0 0.0 0.0 0.0 0.0 0.0 0.0 0.0 0.0 0.0 0.0 0.008766681924 0.008451687564 0.008102799786 0.008349686141 0.008477633085 0.007746221304 0.007924552036 0.008120205887 0.008476714447 0.008033499878 0.566725626448 0.007724838393 0.007831755947 0.008016315051 0.007933584381 0.007945365621 0.008081909027 0.007778898816 0.008216491408 0.008137756349 0.008380224151 0.008500982208 0.008346930002 0.0 0.0 0.0 0.0 0.0 0.0 0.0 0.0
0.0 0.0 0.0 0.0 0.0 0.0 0.0 0.0 0.0 0.0 0.0 0.0 0.0 0.0 0.0 0.0 0.0 0.0 0.0 0.0 0.0 0.0 0.0 0.0 0.0 0.0 0.0 0.0 0.0 0.0 0.0 0.0 0.0 0.0 0.0 0.0 0.0 0.0 0.0 0.0 0.0 0.0 0.007361238141 0.007599616269 0.007829977154 0.0076793067 0.007523535711 0.008019512097 0.007898131938 0.007793903723 0.007587826652 0.007902556527 0.007724838393 0.847785197682 0.008003570844 0.007926015189 0.007899378532 0.007931254998 0.007794055419 0.008032222318 0.00775690482 0.007833471377 0.007638936113 0.007553001796 0.007662497695 0.0 0.0 0.0 0.0 0.0 0.0 0.0 0.0
0.0 0.0 0.0 0.0 0.0 0.0 0.0 0.0 0.0 0.0 0.0 0.0 0.0 0.0 0.0 0.0 0.0 0.0 0.0 0.0 0.0 0.0 0.0 0.0 0.0 0.0 0.0 0.0 0.0 0.0 0.0 0.0 0.0 0.0 0.0 0.0 0.0 0.0 0.0 0.0 0.0 0.0 0.007569085457 0.00774508617 0.007893345577 0.007804206007 0.00766705003 0.007994558094 0.007888988956 0.00784157464 0.007738851079 0.007958509217 0.007831755947 0.008003570844 0.459325545247 0.007954684473 0.007897218261 0.007947068007 0.007827042328 0.008000560544 0.007841122448 0.007886193496 0.007766730009 0.007703225721 0.007779556152 0.0 0.0 0.0 0.0 0.0 0.0 0.0 0.0
0.0 0.0 0.0 0.0 0.0 0.0 0.0 0.0 0.0 0.0 0.0 0.0 0.0 0.0 0.0 0.0 0.0 0.0 0.0 0.0 0.0 0.0 0.0 0.0 0.0 0.0 0.0 0.0 0.0 0.0 0.0 0.0 0.0 0.0 0.0 0.0 0.0 0.0 0.0 0.0 0.0 0.0 0.007960167879 0.008013257912 0.007972968465 0.007974361187 0.007980571858 0.007919601109 0.008139360022 0.008011983698 0.008015654269 0.007941158813 0.008016315051 0.007926015189 0.007954684473 0.42140863852 0.008028732514 0.00804060716 0.008128986907 0.008028426443 0.008069060678 0.008079462308 0.007982676048 0.008019359547 0.008027811048 0.0 0.0 0.0 0.0 0.0 0.0 0.0 0.0
0.0 0.0 0.0 0.0 0.0 0.0 0.0 0.0 0.0 0.0 0.0 0.0 0.0 0.0 0.0 0.0 0.0 0.0 0.0 0.0 0.0 0.0 0.0 0.0 0.0 0.0 0.0 0.0 0.0 0.0 0.0 0.0 0.0 0.0 0.0 0.0 0.0 0.0 0.0 0.0 0.0 0.0 0.007956233898 0.007984943274 0.007907590011 0.007947161729 0.008088015029 0.007891448871 0.008009485836 0.007989736531 0.007970225884 0.007806061413 0.007933584381 0.007899378532 0.007897218261 0.008028732514 0.730767939833 0.007999296582 0.00826401448 0.00799198314 0.008059374659 0.008218691543 0.007951388431 0.00800555921 0.008023086097 0.0 0.0 0.0 0.0 0.0 0.0 0.0 0.0
0.0 0.0 0.0 0.0 0.0 0.0 0.0 0.0 0.0 0.0 0.0 0.0 0.0 0.0 0.0 0.0 0.0 0.0 0.0 0.0 0.0 0.0 0.0 0.0 0.0 0.0 0.0 0.0 0.0 0.0 0.0 0.0 0.0 0.0 0.0 0.0 0.0 0.0 0.0 0.0 0.0 0.0 0.007874854457 0.007930734128 0.007942127018 0.007928138655 0.007925932549 0.007937456822 0.007977547244 0.007973562976 0.007928834395 0.007907084234 0.007945365621 0.007931254998 0.007947068007 0.00804060716 0.007999296582 1.29865744439 0.008009813376 0.008008226969 0.007982853484 0.008003267237 0.007911370918 0.007930631512 0.007945966872 0.0 0.0 0.0 0.0 0.0 0.0 0.0 0.0
0.0 0.0 0.0 0.0 0.0 0.0 0.0 0.0 0.0 0.0 0.0 0.0 0.0 0.0 0.0 0.0 0.0 0.0 0.0 0.0 0.0 0.0 0.0 0.0 0.0 0.0 0.0 0.0 0.0 0.0 0.0 0.0 0.0 0.0 0.0 0.0 0.0 0.0 0.0 0.0 0.0 0.0 0.00835626678 0.008274898036 0.007968043415 0.008152647207 0.008487526048 0.007766161206 0.008154357089 0.008084402965 0.008254986888 0.007781855059 0.008081909027 0.007794055419 0.007827042328 0.008128986907 0.00826401448 0.008009813376 1.56565993586 0.007920164538 0.008287648974 0.008748315997 0.008204163902 0.008323804848 0.008307270432 0.0 0.0 0.0 0.0 0.0 0.0 0.0 0.0
0.0 0.0 0.0 0.0 0.0 0.0 0.0 0.0 0.0 0.0 0.0 0.0 0.0 0.0 0.0 0.0 0.0 0.0 0.0 0.0 0.0 0.0 0.0 0.0 0.0 0.0 0.0 0.0 0.0 0.0 0.0 0.0 0.0 0.0 0.0 0.0 0.0 0.0 0.0 0.0 0.0 0.0 0.007446969831 0.007672641185 0.007859410476 0.00772446289 0.007632048932 0.008016954017 0.007972571387 0.00786207396 0.007658669006 0.007873044116 0.007778898816 0.008032222318 0.008000560544 0.008028426443 0.00799198314 0.008008226969 0.007920164538 1.54204130181 0.007848399605 0.007896884138 0.007690558665 0.007641794563 0.007737940512 0.0 0.0 0.0 0.0 0.0 0.0 0.0 0.0
0.0 0.0 0.0 0.0 0.0 0.0 0.0 0.0 0.0 0.0 0.0 0.0 0.0 0.0 0.0 0.0 0.0 0.0 0.0 0.0 0.0 0.0 0.0 0.0 0.0 0.0 0.0 0.0 0.0 0.0 0.0 0.0 0.0 0.0 0.0 0.0 0.0 0.0 0.0 0.0 0.0 0.0 0.008601495409 0.008393429073 0.008050825777 0.008286104591 0.008489185054 0.007761255281 0.007977613685 0.008111312253 0.008401459058 0.007943963032 0.008216491408 0.00775690482 0.007841122448 0.008069060678 0.008059374659 0.007982853484 0.008287648974 0.007848399605 0.533271936291 0.008286772407 0.008314423681 0.008439657845 0.008339853427 0.0 0.0 0.0 0.0 0.0 0.0 0.0 0.0
0.0 0.0 0.0 0.0 0.0 0.0 0.0 0.0 0.0 0.0 0.0 0.0 0.0 0.0 0.0 0.0 0.0 0.0 0.0 0.0 0.0 0.0 0.0 0.0 0.0 0.0 0.0 0.0 0.0 0.0 0.0 0.0 0.0 0.0 0.0 0.0 0.0 0.0 0.0 0.0 0.0 0.0 0.008403958554 0.00833213734 0.008048710332 0.008256686207 0.008491756161 0.007770682521 0.008061675751 0.008047761853 0.008309765902 0.007922097285 0.008137756349 0.007833471377 0.007886193496 0.008079462308 0.008218691543 0.008003267237 0.008748315997 0.007896884138 0.008286772407 1.1840984306 0.008279642057 0.008347036012 0.008342875174 0.0 0.0 0.0 0.0 0.0 0.0 0.0 0.0
0.0 0.0 0.0 0.0 0.0 0.0 0.0 0.0 0.0 0.0 0.0 0.0 0.0 0.0 0.0 0.0 0.0 0.0 0.0 0.0 0.0 0.0 0.0 0.0 0.0 0.0 0.0 0.0 0.0 0.0 0.0 0.0 0.0 0.0 0.0 0.0 0.0 0.0 0.0 0.0 0.0 0.0 0.009083807417 0.008643119874 0.008131287673 0.00849687167 0.008731333881 0.007664458022 0.007911595148 0.00816593107 0.008670392981 0.008028537186 0.008380224151 0.007638936113 0.007766730009 0.007982676048 0.007951388431 0.007911370918 0.008204163902 0.007690558665 0.008314423681 0.008279642057 1.47879900913 0.008713148817 0.008507884891 0.0 0.0 0.0 0.0 0.0 0.0 0.0 0.0
0.0 0.0 0.0 0.0 0.0 0.0 0.0 0.0 0.0 0.0 0.0 0.0 0.0 0.0 0.0 0.0 0.0 0.0 0.0 0.0 0.0 0.0 0.0 0.0 0.0 0.0 0.0 0.0 0.0 0.0 0.0 0.0 0.0 0.0 0.0 0.0 0.0 0.0 0.0 0.0 0.0 0.0 0.009492381648 0.008847193848 0.00816082341 0.008619050249 0.009027766927 0.007596446584 0.007953090417 0.008250500874 0.008888912004 0.007977743357 0.008500982208 0.007553001796 0.007703225721 0.008019359547 0.00800555921 0.007930631512 0.008323804848 0.007641794563 0.008439657845 0.008347036012 0.008713148817 0.616362847265 0.00867763495 0.0 0.0 0.0 0.0 0.0 0.0 0.0 0.0
0.0 0.0 0.0 0.0 0.0 0.0 0.0 0.0 0.0 0.0 0.0 0.0 0.0 0.0 0.0 0.0 0.0 0.0 0.0 0.0 0.0 0.0 0.0 0.0 0.0 0.0 0.0 0.0 0.0 0.0 0.0 0.0 0.0 0.0 0.0 0.0 0.0 0.0 0.0 0.0 0.0 0.0 0.008986842011 0.008607767312 0.00811033493 0.00845518078 0.008731360076 0.007680231755 0.007953377444 0.008163219197 0.008627301805 0.00797689609 0.008346930002 0.007662497695 0.007779556152 0.008027811048 0.008023086097 0.007945966872 0.008307270432 0.007737940512 0.008339853427 0.008342875174 0.008507884891 0.00867763495 0.8139521093 0.0 0.0 0.0 0.0 0.0 0.0 0.0 0.0
0.0 0.0 0.0 0.0 0.0 0.0 0.0 0.0 0.0 0.0 0.0 0.0 0.0 0.0 0.0 0.0 0.0 0.0 0.0 0.0 0.0 0.0 0.0 0.0 0.0 0.0 0.0 0.0 0.0 0.0 0.0 0.0 0.0 0.0 0.0 0.0 0.0 0.0 0.0 0.0 0.0 0.0 0.0 0.0 0.0 0.0 0.0 0.0 0.0 0.0 0.0 0.0 0.0 0.0 0.0 0.0 0.0 0.0 0.0 0.0 0.0 0.0 0.0 0.0 0.0 1.97827079865 0.01190696714 0.01192493828 0.01194297824 0.01175701631 0.01181030547 0.0118537973 0.01195246556
0.0 0.0 0.0 0.0 0.0 0.0 0.0 0.0 0.0 0.0 0.0 0.0 0.0 0.0 0.0 0.0 0.0 0.0 0.0 0.0 0.0 0.0 0.0 0.0 0.0 0.0 0.0 0.0 0.0 0.0 0.0 0.0 0.0 0.0 0.0 0.0 0.0 0.0 0.0 0.0 0.0 0.0 0.0 0.0 0.0 0.0 0.0 0.0 0.0 0.0 0.0 0.0 0.0 0.0 0.0 0.0 0.0 0.0 0.0 0.0 0.0 0.0 0.0 0.0 0.0 0.01190696714 0.735557573891 0.01205928011 0.011824897 0.0119691363 0.01201569844 0.01217078738 0.01193178507
0.0 0.0 0.0 0.0 0.0 0.0 0.0 0.0 0.0 0.0 0.0 0.0 0.0 0.0 0.0 0.0 0.0 0.0 0.0 0.0 0.0 0.0 0.0 0.0 0.0 0.0 0.0 0.0 0.0 0.0 0.0 0.0 0.0 0.0 0.0 0.0 0.0 0.0 0.0 0.0 0.0 0.0 0.0 0.0 0.0 0.0 0.0 0.0 0.0 0.0 0.0 0.0 0.0 0.0 0.0 0.0 0.0 0.0 0.0 0.0 0.0 0.0 0.0 0.0 0.0 0.01192493828 0.01205928011 0.917633108082 0.01187543159 0.01191165164 0.01195794458 0.01205081125 0.01194427878
0.0 0.0 0.0 0.0 0.0 0.0 0.0 0.0 0.0 0.0 0.0 0.0 0.0 0.0 0.0 0.0 0.0 0.0 0.0 0.0 0.0 0.0 0.0 0.0 0.0 0.0 0.0 0.0 0.0 0.0 0.0 0.0 0.0 0.0 0.0 0.0 0.0 0.0 0.0 0.0 0.0 0.0 0.0 0.0 0.0 0.0 0.0 0.0 0.0 0.0 0.0 0.0 0.0 0.0 0.0 0.0 0.0 0.0 0.0 0.0 0.0 0.0 0.0 0.0 0.0 0.01194297824 0.011824897 0.01187543159 1.22466753645 0.01186796147 0.01186831449 0.01181732002 0.01195533159
0.0 0.0 0.0 0.0 0.0 0.0 0.0 0.0 0.0 0.0 0.0 0.0 0.0 0.0 0.0 0.0 0.0 0.0 0.0 0.0 0.0 0.0 0.0 0.0 0.0 0.0 0.0 0.0 0.0 0.0 0.0 0.0 0.0 0.0 0.0 0.0 0.0 0.0 0.0 0.0 0.0 0.0 0.0 0.0 0.0 0.0 0.0 0.0 0.0 0.0 0.0 0.0 0.0 0.0 0.0 0.0 0.0 0.0 0.0 0.0 0.0 0.0 0.0 0.0 0.0 0.01175701631 0.0119691363 0.01191165164 0.01186796147 0.994467718206 0.01196561863 0.01198143984 0.01189742183
0.0 0.0 0.0 0.0 0.0 0.0 0.0 0.0 0.0 0.0 0.0 0.0 0.0 0.0 0.0 0.0 0.0 0.0 0.0 0.0 0.0 0.0 0.0 0.0 0.0 0.0 0.0 0.0 0.0 0.0 0.0 0.0 0.0 0.0 0.0 0.0 0.0 0.0 0.0 0.0 0.0 0.0 0.0 0.0 0.0 0.0 0.0 0.0 0.0 0.0 0.0 0.0 0.0 0.0 0.0 0.0 0.0 0.0 0.0 0.0 0.0 0.0 0.0 0.0 0.0 0.01181030547 0.01201569844 0.01195794458 0.01186831449 0.01196561863 0.515378433273 0.01201496111 0.01191191368
0.0 0.0 0.0 0.0 0.0 0.0 0.0 0.0 0.0 0.0 0.0 0.0 0.0 0.0 0.0 0.0 0.0 0.0 0.0 0.0 0.0 0.0 0.0 0.0 0.0 0.0 0.0 0.0 0.0 0.0 0.0 0.0 0.0 0.0 0.0 0.0 0.0 0.0 0.0 0.0 0.0 0.0 0.0 0.0 0.0 0.0 0.0 0.0 0.0 0.0 0.0 0.0 0.0 0.0 0.0 0.0 0.0 0.0 0.0 0.0 0.0 0.0 0.0 0.0 0.0 0.0118537973 0.01217078738 0.01205081125 0.01181732002 0.01198143984 0.01201496111 1.76397267164 0.01191957397
0.0 0.0 0.0 0.0 0.0 0.0 0.0 0.0 0.0 0.0 0.0 0.0 0.0 0.0 0.0 0.0 0.0 0.0 0.0 0.0 0.0 0.0 0.0 0.0 0.0 0.0 0.0 0.0 0.0 0.0 0.0 0.0 0.0 0.0 0.0 0.0 0.0 0.0 0.0 0.0 0.0 0.0 0.0 0.0 0.0 0.0 0.0 0.0 0.0 0.0 0.0 0.0 0.0 0.0 0.0 0.0 0.0 0.0 0.0 0.0 0.0 0.0 0.0 0.0 0.0 0.01195246556 0.01193178507 0.01194427878 0.01195533159 0.01189742183 0.01191191368 0.01191957397 0.412265600689
