76 76
0.164490000084 0.008935889769 0.008734766391 0.008522318514 0.009126062815 0.008379054108 0.0085374506 0.009112386229 0.009276088493 0.009889250234 0.009191794162 0.009154430207 0.009022597128 0.009303531394 0.009789433551 0.008287741869 0.00858338495 0.008762554956 0.009031958832 0.009002109257 0.008883867182 0.0 0.0 0.0 0.0 0.0 0.0 0.0 0.0 0.0 0.0 0.0 0.0 0.0 0.0 0.0 0.0 0.0 0.0 0.0 0.0 0.0 0.0 0.0 0.0 0.0 0.0 0.0 0.0 0.0 0.0 0.0 0.0 0.0 0.0 0.0 0.0 0.0 0.0 0.0 0.0 0.0 0.0 0.0 0.0 0.0 0.0 0.0 0.0 0.0 0.0 0.0 0.0 0.0 0.0 0.0
0.008935889769 0.248588290438 0.009065731727 0.009076034237 0.008997378095 0.008970819191 0.00906903215 0.008936355697 0.008848796685 0.008833061022 0.008926585754 0.009020389732 0.00896497592 0.008764144098 0.008538292807 0.00900765619 0.008945628724 0.009007523123 0.008944728394 0.008826857254 0.008976057718 0.0 0.0 0.0 0.0 0.0 0.0 0.0 0.0 0.0 0.0 0.0 0.0 0.0 0.0 0.0 0.0 0.0 0.0 0.0 0.0 0.0 0.0 0.0 0.0 0.0 0.0 0.0 0.0 0.0 0.0 0.0 0.0 0.0 0.0 0.0 0.0 0.0 0.0 0.0 0.0 0.0 0.0 0.0 0.0 0.0 0.0 0.0 0.0 0.0 0.0 0.0 0.0 0.0 0.0 0.0
0.008734766391 0.009065731727 0.280257065496 0.009269425475 0.008956797358 0.009245026782 0.009280823154 0.008809800183 0.008630671013 0.008412234842 0.008780379787 0.00889112298 0.008844742083 0.008471335046 0.007963739226 0.009362440664 0.009086006386 0.009048209376 0.008771258768 0.008677038386 0.008860430654 0.0 0.0 0.0 0.0 0.0 0.0 0.0 0.0 0.0 0.0 0.0 0.0 0.0 0.0 0.0 0.0 0.0 0.0 0.0 0.0 0.0 0.0 0.0 0.0 0.0 0.0 0.0 0.0 0.0 0.0 0.0 0.0 0.0 0.0 0.0 0.0 0.0 0.0 0.0 0.0 0.0 0.0 0.0 0.0 0.0 0.0 0.0 0.0 0.0 0.0 0.0 0.0 0.0 0.0 0.0
0.008522318514 0.009076034237 0.009269425475 0.379523146428 0.008861536399 0.009422189648 0.009415902982 0.008729066115 0.008504236781 0.008118863794 0.008675949542 0.008818090168 0.008799765119 0.008335594461 0.007699140529 0.009567743046 0.009186997825 0.009092602968 0.008753986955 0.008632779031 0.00889251422 0.0 0.0 0.0 0.0 0.0 0.0 0.0 0.0 0.0 0.0 0.0 0.0 0.0 0.0 0.0 0.0 0.0 0.0 0.0 0.0 0.0 0.0 0.0 0.0 0.0 0.0 0.0 0.0 0.0 0.0 0.0 0.0 0.0 0.0 0.0 0.0 0.0 0.0 0.0 0.0 0.0 0.0 0.0 0.0 0.0 0.0 0.0 0.0 0.0 0.0 0.0 0.0 0.0 0.0 0.0
0.009126062815 0.008997378095 0.008956797358 0.008861536399 0.263852986685 0.008801237858 0.008876561968 0.008975771877 0.008954615553 0.009099884116 0.00900270414 0.009024166917 0.008937019227 0.008905927683 0.008868064069 0.008760933588 0.008839366516 0.008913742522 0.008956308572 0.008903109854 0.008920569491 0.0 0.0 0.0 0.0 0.0 0.0 0.0 0.0 0.0 0.0 0.0 0.0 0.0 0.0 0.0 0.0 0.0 0.0 0.0 0.0 0.0 0.0 0.0 0.0 0.0 0.0 0.0 0.0 0.0 0.0 0.0 0.0 0.0 0.0 0.0 0.0 0.0 0.0 0.0 0.0 0.0 0.0 0.0 0.0 0.0 0.0 0.0 0.0 0.0 0.0 0.0 0.0 0.0 0.0 0.0
0.008379054108 0.008970819191 0.009245026782 0.009422189648 0.008801237858 1.24715707055 0.009441342806 0.008628010399 0.008390614804 0.007921087078 0.008574498542 0.008698627126 0.008681947302 0.008240650377 0.00759011024 0.009715819745 0.009236691214 0.009051695282 0.008724492402 0.008624091965 0.008869425699 0.0 0.0 0.0 0.0 0.0 0.0 0.0 0.0 0.0 0.0 0.0 0.0 0.0 0.0 0.0 0.0 0.0 0.0 0.0 0.0 0.0 0.0 0.0 0.0 0.0 0.0 0.0 0.0 0.0 0.0 0.0 0.0 0.0 0.0 0.0 0.0 0.0 0.0 0.0 0.0 0.0 0.0 0.0 0.0 0.0 0.0 0.0 0.0 0.0 0.0 0.0 0.0 0.0 0.0 0.0
0.0085374506 0.00906903215 0.009280823154 0.009415902982 0.008876561968 0.009441342806 0.361427240206 0.008727546624 0.008499350519 0.008125833176 0.008676723178 0.008810373873 0.008788574595 0.008323313263 0.007684379882 0.009578239164 0.009191612498 0.009087634942 0.008745210696 0.008625217424 0.008876484967 0.0 0.0 0.0 0.0 0.0 0.0 0.0 0.0 0.0 0.0 0.0 0.0 0.0 0.0 0.0 0.0 0.0 0.0 0.0 0.0 0.0 0.0 0.0 0.0 0.0 0.0 0.0 0.0 0.0 0.0 0.0 0.0 0.0 0.0 0.0 0.0 0.0 0.0 0.0 0.0 0.0 0.0 0.0 0.0 0.0 0.0 0.0 0.0 0.0 0.0 0.0 0.0 0.0 0.0 0.0
0.009112386229 0.008936355697 0.008809800183 0.008729066115 0.008975771877 0.008628010399 0.008727546624 0.28419830227 0.009042104358 0.009229567242 0.009017840713 0.008995955076 0.00897467775 0.009052053816 0.009189003067 0.008595137608 0.008739915556 0.008843643225 0.008961420533 0.008931765771 0.008905201285 0.0 0.0 0.0 0.0 0.0 0.0 0.0 0.0 0.0 0.0 0.0 0.0 0.0 0.0 0.0 0.0 0.0 0.0 0.0 0.0 0.0 0.0 0.0 0.0 0.0 0.0 0.0 0.0 0.0 0.0 0.0 0.0 0.0 0.0 0.0 0.0 0.0 0.0 0.0 0.0 0.0 0.0 0.0 0.0 0.0 0.0 0.0 0.0 0.0 0.0 0.0 0.0 0.0 0.0 0.0
0.009276088493 0.008848796685 0.008630671013 0.008504236781 0.008954615553 0.008390614804 0.008499350519 0.009042104358 0.204788657271 0.009628149389 0.009099072329 0.009027386281 0.008989340064 0.009309629043 0.009799299722 0.008305812088 0.00858712578 0.008730748164 0.009014260853 0.009010644511 0.00889701748 0.0 0.0 0.0 0.0 0.0 0.0 0.0 0.0 0.0 0.0 0.0 0.0 0.0 0.0 0.0 0.0 0.0 0.0 0.0 0.0 0.0 0.0 0.0 0.0 0.0 0.0 0.0 0.0 0.0 0.0 0.0 0.0 0.0 0.0 0.0 0.0 0.0 0.0 0.0 0.0 0.0 0.0 0.0 0.0 0.0 0.0 0.0 0.0 0.0 0.0 0.0 0.0 0.0 0.0 0.0
0.009889250234 0.008833061022 0.008412234842 0.008118863794 0.009099884116 0.007921087078 0.008125833176 0.009229567242 0.009628149389 0.396681323183 0.009357340006 0.009266749058 0.009090210059 0.009803668769 0.01122651831 0.00774126479 0.008278701679 0.008560106217 0.009177200077 0.009142744228 0.008899626761 0.0 0.0 0.0 0.0 0.0 0.0 0.0 0.0 0.0 0.0 0.0 0.0 0.0 0.0 0.0 0.0 0.0 0.0 0.0 0.0 0.0 0.0 0.0 0.0 0.0 0.0 0.0 0.0 0.0 0.0 0.0 0.0 0.0 0.0 0.0 0.0 0.0 0.0 0.0 0.0 0.0 0.0 0.0 0.0 0.0 0.0 0.0 0.0 0.0 0.0 0.0 0.0 0.0 0.0 0.0
0.009191794162 0.008926585754 0.008780379787 0.008675949542 0.00900270414 0.008574498542 0.008676723178 0.009017840713 0.009099072329 0.009357340006 0.220391657394 0.00902343984 0.008980413512 0.009118980805 0.009341016013 0.008522493788 0.008705636432 0.008822565828 0.00898663129 0.008960924273 0.008911462211 0.0 0.0 0.0 0.0 0.0 0.0 0.0 0.0 0.0 0.0 0.0 0.0 0.0 0.0 0.0 0.0 0.0 0.0 0.0 0.0 0.0 0.0 0.0 0.0 0.0 0.0 0.0 0.0 0.0 0.0 0.0 0.0 0.0 0.0 0.0 0.0 0.0 0.0 0.0 0.0 0.0 0.0 0.0 0.0 0.0 0.0 0.0 0.0 0.0 0.0 0.0 0.0 0.0 0.0 0.0
0.009154430207 0.009020389732 0.00889112298 0.008818090168 0.009024166917 0.008698627126 0.008810373873 0.008995955076 0.009027386281 0.009266749058 0.00902343984 0.294676413771 0.008985201956 0.009008944034 0.009062323986 0.008655644335 0.008777447677 0.008895887469 0.008998632536 0.008913925714 0.008959070564 0.0 0.0 0.0 0.0 0.0 0.0 0.0 0.0 0.0 0.0 0.0 0.0 0.0 0.0 0.0 0.0 0.0 0.0 0.0 0.0 0.0 0.0 0.0 0.0 0.0 0.0 0.0 0.0 0.0 0.0 0.0 0.0 0.0 0.0 0.0 0.0 0.0 0.0 0.0 0.0 0.0 0.0 0.0 0.0 0.0 0.0 0.0 0.0 0.0 0.0 0.0 0.0 0.0 0.0 0.0
0.009022597128 0.00896497592 0.008844742083 0.008799765119 0.008937019227 0.008681947302 0.008788574595 0.00897467775 0.008989340064 0.009090210059 0.008980413512 0.008985201956 0.32432132384 0.008990804904 0.009035018211 0.008676910152 0.008775148989 0.008875958872 0.008938828151 0.00890070029 0.00891944453 0.0 0.0 0.0 0.0 0.0 0.0 0.0 0.0 0.0 0.0 0.0 0.0 0.0 0.0 0.0 0.0 0.0 0.0 0.0 0.0 0.0 0.0 0.0 0.0 0.0 0.0 0.0 0.0 0.0 0.0 0.0 0.0 0.0 0.0 0.0 0.0 0.0 0.0 0.0 0.0 0.0 0.0 0.0 0.0 0.0 0.0 0.0 0.0 0.0 0.0 0.0 0.0 0.0 0.0 0.0
0.009303531394 0.008764144098 0.008471335046 0.008335594461 0.008905927683 0.008240650377 0.008323313263 0.009052053816 0.009309629043 0.009803668769 0.009118980805 0.009008944034 0.008990804904 0.263003986341 0.01040753031 0.008091546194 0.008486270555 0.008650274698 0.009106376004 0.009124268442 0.008944629499 0.0 0.0 0.0 0.0 0.0 0.0 0.0 0.0 0.0 0.0 0.0 0.0 0.0 0.0 0.0 0.0 0.0 0.0 0.0 0.0 0.0 0.0 0.0 0.0 0.0 0.0 0.0 0.0 0.0 0.0 0.0 0.0 0.0 0.0 0.0 0.0 0.0 0.0 0.0 0.0 0.0 0.0 0.0 0.0 0.0 0.0 0.0 0.0 0.0 0.0 0.0 0.0 0.0 0.0 0.0
0.009789433551 0.008538292807 0.007963739226 0.007699140529 0.008868064069 0.00759011024 0.007684379882 0.009189003067 0.009799299722 0.01122651831 0.009341016013 0.009062323986 0.009035018211 0.01040753031 0.848160923612 0.007295277642 0.00803896162 0.008326577232 0.009458257901 0.009493687514 0.009052794213 0.0 0.0 0.0 0.0 0.0 0.0 0.0 0.0 0.0 0.0 0.0 0.0 0.0 0.0 0.0 0.0 0.0 0.0 0.0 0.0 0.0 0.0 0.0 0.0 0.0 0.0 0.0 0.0 0.0 0.0 0.0 0.0 0.0 0.0 0.0 0.0 0.0 0.0 0.0 0.0 0.0 0.0 0.0 0.0 0.0 0.0 0.0 0.0 0.0 0.0 0.0 0.0 0.0 0.0 0.0
0.008287741869 0.00900765619 0.009362440664 0.009567743046 0.008760933588 0.009715819745 0.009578239164 0.008595137608 0.008305812088 0.00774126479 0.008522493788 0.008655644335 0.008676910152 0.008091546194 0.007295277642 0.58504229476 0.009299524304 0.009096594008 0.008607738527 0.00850772489 0.008793879355 0.0 0.0 0.0 0.0 0.0 0.0 0.0 0.0 0.0 0.0 0.0 0.0 0.0 0.0 0.0 0.0 0.0 0.0 0.0 0.0 0.0 0.0 0.0 0.0 0.0 0.0 0.0 0.0 0.0 0.0 0.0 0.0 0.0 0.0 0.0 0.0 0.0 0.0 0.0 0.0 0.0 0.0 0.0 0.0 0.0 0.0 0.0 0.0 0.0 0.0 0.0 0.0 0.0 0.0 0.0
0.00858338495 0.008945628724 0.009086006386 0.009186997825 0.008839366516 0.009236691214 0.009191612498 0.008739915556 0.00858712578 0.008278701679 0.008705636432 0.008777447677 0.008775148989 0.008486270555 0.00803896162 0.009299524304 0.439954579596 0.008990394185 0.008781894901 0.008723569889 0.008867770749 0.0 0.0 0.0 0.0 0.0 0.0 0.0 0.0 0.0 0.0 0.0 0.0 0.0 0.0 0.0 0.0 0.0 0.0 0.0 0.0 0.0 0.0 0.0 0.0 0.0 0.0 0.0 0.0 0.0 0.0 0.0 0.0 0.0 0.0 0.0 0.0 0.0 0.0 0.0 0.0 0.0 0.0 0.0 0.0 0.0 0.0 0.0 0.0 0.0 0.0 0.0 0.0 0.0 0.0 0.0
0.008762554956 0.009007523123 0.009048209376 0.009092602968 0.008913742522 0.009051695282 0.009087634942 0.008843643225 0.008730748164 0.008560106217 0.008822565828 0.008895887469 0.008875958872 0.008650274698 0.008326577232 0.009096594008 0.008990394185 0.548712338465 0.008860405501 0.008790173706 0.0089179459 0.0 0.0 0.0 0.0 0.0 0.0 0.0 0.0 0.0 0.0 0.0 0.0 0.0 0.0 0.0 0.0 0.0 0.0 0.0 0.0 0.0 0.0 0.0 0.0 0.0 0.0 0.0 0.0 0.0 0.0 0.0 0.0 0.0 0.0 0.0 0.0 0.0 0.0 0.0 0.0 0.0 0.0 0.0 0.0 0.0 0.0 0.0 0.0 0.0 0.0 0.0 0.0 0.0 0.0 0.0
0.009031958832 0.008944728394 0.008771258768 0.008753986955 0.008956308572 0.008724492402 0.008745210696 0.008961420533 0.009014260853 0.009177200077 0.00898663129 0.008998632536 0.008938828151 0.009106376004 0.009458257901 0.008607738527 0.008781894901 0.008860405501 0.275897055703 0.009055620446 0.009069283234 0.0 0.0 0.0 0.0 0.0 0.0 0.0 0.0 0.0 0.0 0.0 0.0 0.0 0.0 0.0 0.0 0.0 0.0 0.0 0.0 0.0 0.0 0.0 0.0 0.0 0.0 0.0 0.0 0.0 0.0 0.0 0.0 0.0 0.0 0.0 0.0 0.0 0.0 0.0 0.0 0.0 0.0 0.0 0.0 0.0 0.0 0.0 0.0 0.0 0.0 0.0 0.0 0.0 0.0 0.0
0.009002109257 0.008826857254 0.008677038386 0.008632779031 0.008903109854 0.008624091965 0.008625217424 0.008931765771 0.009010644511 0.009142744228 0.008960924273 0.008913925714 0.00890070029 0.009124268442 0.009493687514 0.00850772489 0.008723569889 0.008790173706 0.009055620446 0.239091055907 0.008984353452 0.0 0.0 0.0 0.0 0.0 0.0 0.0 0.0 0.0 0.0 0.0 0.0 0.0 0.0 0.0 0.0 0.0 0.0 0.0 0.0 0.0 0.0 0.0 0.0 0.0 0.0 0.0 0.0 0.0 0.0 0.0 0.0 0.0 0.0 0.0 0.0 0.0 0.0 0.0 0.0 0.0 0.0 0.0 0.0 0.0 0.0 0.0 0.0 0.0 0.0 0.0 0.0 0.0 0.0 0.0
0.008883867182 0.008976057718 0.008860430654 0.00889251422 0.008920569491 0.008869425699 0.008876484967 0.008905201285 0.00889701748 0.008899626761 0.008911462211 0.008959070564 0.00891944453 0.008944629499 0.009052794213 0.008793879355 0.008867770749 0.0089179459 0.009069283234 0.008984353452 0.275981214708 0.0 0.0 0.0 0.0 0.0 0.0 0.0 0.0 0.0 0.0 0.0 0.0 0.0 0.0 0.0 0.0 0.0 0.0 0.0 0.0 0.0 0.0 0.0 0.0 0.0 0.0 0.0 0.0 0.0 0.0 0.0 0.0 0.0 0.0 0.0 0.0 0.0 0.0 0.0 0.0 0.0 0.0 0.0 0.0 0.0 0.0 0.0 0.0 0.0 0.0 0.0 0.0 0.0 0.0 0.0
0.0 0.0 0.0 0.0 0.0 0.0 0.0 0.0 0.0 0.0 0.0 0.0 0.0 0.0 0.0 0.0 0.0 0.0 0.0 0.0 0.0 0.420862872971 0.005563275698 0.00556078343 0.00525279903 0.005048808232 0.004998702441 0.005457338267 0.005067435763 0.005783691973 0.005704099403 0.005192607648 0.006084404791 0.00590582777 0.005719734447 0.005610155633 0.005159979449 0.006227520131 0.004990097785 0.005495212139 0.005182437108 0.005748517021 0.00559135093 0.0 0.0 0.0 0.0 0.0 0.0 0.0 0.0 0.0 0.0 0.0 0.0 0.0 0.0 0.0 0.0 0.0 0.0 0.0 0.0 0.0 0.0 0.0 0.0 0.0 0.0 0.0 0.0 0.0 0.0 0.0 0.0 0.0
0.0 0.0 0.0 0.0 0.0 0.0 0.0 0.0 0.0 0.0 0.0 0.0 0.0 0.0 0.0 0.0 0.0 0.0 0.0 0.0 0.0 0.005563275698 0.198744441287 0.005425459288 0.005241590029 0.005042469541 0.004942155532 0.005392067136 0.005132949682 0.005524792994 0.005506788247 0.005231623866 0.005639402399 0.005562610236 0.00551829229 0.005489045774 0.005234173876 0.005698787237 0.005055720116 0.005417306231 0.005121263107 0.00549692153 0.005393988559 0.0 0.0 0.0 0.0 0.0 0.0 0.0 0.0 0.0 0.0 0.0 0.0 0.0 0.0 0.0 0.0 0.0 0.0 0.0 0.0 0.0 0.0 0.0 0.0 0.0 0.0 0.0 0.0 0.0 0.0 0.0 0.0 0.0
0.0 0.0 0.0 0.0 0.0 0.0 0.0 0.0 0.0 0.0 0.0 0.0 0.0 0.0 0.0 0.0 0.0 0.0 0.0 0.0 0.0 0.00556078343 0.005425459288 0.465326066419 0.005323648023 0.005285763017 0.005261997849 0.005369411417 0.005253444472 0.005493021113 0.005410623355 0.005291354703 0.005540742936 0.005475253664 0.00547697452 0.005380636735 0.005272645467 0.005518209921 0.005245884503 0.005409858845 0.005317132902 0.005393219682 0.005464488446 0.0 0.0 0.0 0.0 0.0 0.0 0.0 0.0 0.0 0.0 0.0 0.0 0.0 0.0 0.0 0.0 0.0 0.0 0.0 0.0 0.0 0.0 0.0 0.0 0.0 0.0 0.0 0.0 0.0 0.0 0.0 0.0 0.0
0.0 0.0 0.0 0.0 0.0 0.0 0.0 0.0 0.0 0.0 0.0 0.0 0.0 0.0 0.0 0.0 0.0 0.0 0.0 0.0 0.0 0.00525279903 0.005241590029 0.005323648023 0.532084162305 0.005629883643 0.005704947708 0.005239267695 0.005496527639 0.005256316051 0.005065069624 0.005398135512 0.005153315205 0.005087143276 0.005155637038 0.005049977398 0.005378537022 0.004856169365 0.005593521443 0.005249950336 0.005505911855 0.005050501136 0.005304240804 0.0 0.0 0.0 0.0 0.0 0.0 0.0 0.0 0.0 0.0 0.0 0.0 0.0 0.0 0.0 0.0 0.0 0.0 0.0 0.0 0.0 0.0 0.0 0.0 0.0 0.0 0.0 0.0 0.0 0.0 0.0 0.0 0.0
0.0 0.0 0.0 0.0 0.0 0.0 0.0 0.0 0.0 0.0 0.0 0.0 0.0 0.0 0.0 0.0 0.0 0.0 0.0 0.0 0.0 0.005048808232 0.005042469541 0.005285763017 0.005629883643 0.414973288839 0.006484976296 0.005127623495 0.005791601436 0.005058097629 0.004788139541 0.005512957635 0.004784385382 0.004779907749 0.004980461656 0.004773584262 0.005455695889 0.00434344603 0.006072131058 0.005169504865 0.005934891262 0.004744570997 0.00535886821 0.0 0.0 0.0 0.0 0.0 0.0 0.0 0.0 0.0 0.0 0.0 0.0 0.0 0.0 0.0 0.0 0.0 0.0 0.0 0.0 0.0 0.0 0.0 0.0 0.0 0.0 0.0 0.0 0.0 0.0 0.0 0.0 0.0
0.0 0.0 0.0 0.0 0.0 0.0 0.0 0.0 0.0 0.0 0.0 0.0 0.0 0.0 0.0 0.0 0.0 0.0 0.0 0.0 0.0 0.004998702441 0.004942155532 0.005261997849 0.005704947708 0.006484976296 0.27413791856 0.005074340323 0.005933288854 0.004974963633 0.004654674153 0.005569805239 0.00462865432 0.004653661603 0.004881715616 0.004631579088 0.005487585639 0.004113383408 0.006312631565 0.005120044425 0.006152273999 0.004617078366 0.005381367027 0.0 0.0 0.0 0.0 0.0 0.0 0.0 0.0 0.0 0.0 0.0 0.0 0.0 0.0 0.0 0.0 0.0 0.0 0.0 0.0 0.0 0.0 0.0 0.0 0.0 0.0 0.0 0.0 0.0 0.0 0.0 0.0 0.0
0.0 0.0 0.0 0.0 0.0 0.0 0.0 0.0 0.0 0.0 0.0 0.0 0.0 0.0 0.0 0.0 0.0 0.0 0.0 0.0 0.0 0.005457338267 0.005392067136 0.005369411417 0.005239267695 0.005127623495 0.005074340323 0.180126669446 0.005179105007 0.005422168835 0.005440450959 0.005247172942 0.005482902218 0.00547297243 0.005435620762 0.00543518561 0.005244659668 0.005554054721 0.005125714383 0.005367776629 0.005196858194 0.005445068203 0.005365688415 0.0 0.0 0.0 0.0 0.0 0.0 0.0 0.0 0.0 0.0 0.0 0.0 0.0 0.0 0.0 0.0 0.0 0.0 0.0 0.0 0.0 0.0 0.0 0.0 0.0 0.0 0.0 0.0 0.0 0.0 0.0 0.0 0.0
0.0 0.0 0.0 0.0 0.0 0.0 0.0 0.0 0.0 0.0 0.0 0.0 0.0 0.0 0.0 0.0 0.0 0.0 0.0 0.0 0.0 0.005067435763 0.005132949682 0.005253444472 0.005496527639 0.005791601436 0.005933288854 0.005179105007 0.273693318201 0.00511742901 0.004939181896 0.005434276957 0.004934253614 0.004928558338 0.005045041302 0.004944748279 0.005411357934 0.004623095716 0.005751776497 0.005189392789 0.005625950959 0.004917910387 0.005260335994 0.0 0.0 0.0 0.0 0.0 0.0 0.0 0.0 0.0 0.0 0.0 0.0 0.0 0.0 0.0 0.0 0.0 0.0 0.0 0.0 0.0 0.0 0.0 0.0 0.0 0.0 0.0 0.0 0.0 0.0 0.0 0.0 0.0
0.0 0.0 0.0 0.0 0.0 0.0 0.0 0.0 0.0 0.0 0.0 0.0 0.0 0.0 0.0 0.0 0.0 0.0 0.0 0.0 0.0 0.005783691973 0.005524792994 0.005493021113 0.005256316051 0.005058097629 0.004974963633 0.005422168835 0.00511742901 0.408674580764 0.005588731318 0.005215502942 0.005834056601 0.005702579935 0.005602123064 0.005536546593 0.005210285057 0.005904887491 0.005048669118 0.005456908582 0.005153231523 0.005587469439 0.005482510511 0.0 0.0 0.0 0.0 0.0 0.0 0.0 0.0 0.0 0.0 0.0 0.0 0.0 0.0 0.0 0.0 0.0 0.0 0.0 0.0 0.0 0.0 0.0 0.0 0.0 0.0 0.0 0.0 0.0 0.0 0.0 0.0 0.0
0.0 0.0 0.0 0.0 0.0 0.0 0.0 0.0 0.0 0.0 0.0 0.0 0.0 0.0 0.0 0.0 0.0 0.0 0.0 0.0 0.0 0.005704099403 0.005506788247 0.005410623355 0.005065069624 0.004788139541 0.004654674153 0.005440450959 0.004939181896 0.005588731318 0.926793702218 0.005111800821 0.005829521171 0.005845599926 0.005702107726 0.005784177446 0.005118123814 0.006308256253 0.004798419839 0.005464995727 0.004988870821 0.005795951085 0.005455726942 0.0 0.0 0.0 0.0 0.0 0.0 0.0 0.0 0.0 0.0 0.0 0.0 0.0 0.0 0.0 0.0 0.0 0.0 0.0 0.0 0.0 0.0 0.0 0.0 0.0 0.0 0.0 0.0 0.0 0.0 0.0 0.0 0.0
0.0 0.0 0.0 0.0 0.0 0.0 0.0 0.0 0.0 0.0 0.0 0.0 0.0 0.0 0.0 0.0 0.0 0.0 0.0 0.0 0.0 0.005192607648 0.005231623866 0.005291354703 0.005398135512 0.005512957635 0.005569805239 0.005247172942 0.005434276957 0.005215502942 0.005111800821 0.341218581605 0.005117742136 0.005118871437 0.005175142799 0.005109023363 0.005358861436 0.004934347584 0.005499339757 0.005256065703 0.005447479672 0.005103911646 0.005287193655 0.0 0.0 0.0 0.0 0.0 0.0 0.0 0.0 0.0 0.0 0.0 0.0 0.0 0.0 0.0 0.0 0.0 0.0 0.0 0.0 0.0 0.0 0.0 0.0 0.0 0.0 0.0 0.0 0.0 0.0 0.0 0.0 0.0
0.0 0.0 0.0 0.0 0.0 0.0 0.0 0.0 0.0 0.0 0.0 0.0 0.0 0.0 0.0 0.0 0.0 0.0 0.0 0.0 0.0 0.006084404791 0.005639402399 0.005540742936 0.005153315205 0.004784385382 0.00462865432 0.005482902218 0.004934253614 0.005834056601 0.005829521171 0.005117742136 0.421363226143 0.006006297976 0.005799390686 0.005760912597 0.005117714844 0.00650184535 0.004787799793 0.005522840953 0.004957681701 0.00585410425 0.005528264681 0.0 0.0 0.0 0.0 0.0 0.0 0.0 0.0 0.0 0.0 0.0 0.0 0.0 0.0 0.0 0.0 0.0 0.0 0.0 0.0 0.0 0.0 0.0 0.0 0.0 0.0 0.0 0.0 0.0 0.0 0.0 0.0 0.0
0.0 0.0 0.0 0.0 0.0 0.0 0.0 0.0 0.0 0.0 0.0 0.0 0.0 0.0 0.0 0.0 0.0 0.0 0.0 0.0 0.0 0.00590582777 0.005562610236 0.005475253664 0.005087143276 0.004779907749 0.004653661603 0.00547297243 0.004928558338 0.005702579935 0.005845599926 0.005118871437 0.006006297976 0.759246200558 0.005779744256 0.005821787894 0.005107745278 0.006509698784 0.004786512778 0.005504870843 0.004998220694 0.005884863194 0.005516694777 0.0 0.0 0.0 0.0 0.0 0.0 0.0 0.0 0.0 0.0 0.0 0.0 0.0 0.0 0.0 0.0 0.0 0.0 0.0 0.0 0.0 0.0 0.0 0.0 0.0 0.0 0.0 0.0 0.0 0.0 0.0 0.0 0.0
0.0 0.0 0.0 0.0 0.0 0.0 0.0 0.0 0.0 0.0 0.0 0.0 0.0 0.0 0.0 0.0 0.0 0.0 0.0 0.0 0.0 0.005719734447 0.00551829229 0.00547697452 0.005155637038 0.004980461656 0.004881715616 0.005435620762 0.005045041302 0.005602123064 0.005702107726 0.005175142799 0.005799390686 0.005779744256 0.622617237667 0.005692434601 0.005164955893 0.006160907298 0.004951388136 0.005493139688 0.005125627514 0.005683633681 0.005528637743 0.0 0.0 0.0 0.0 0.0 0.0 0.0 0.0 0.0 0.0 0.0 0.0 0.0 0.0 0.0 0.0 0.0 0.0 0.0 0.0 0.0 0.0 0.0 0.0 0.0 0.0 0.0 0.0 0.0 0.0 0.0 0.0 0.0
0.0 0.0 0.0 0.0 0.0 0.0 0.0 0.0 0.0 0.0 0.0 0.0 0.0 0.0 0.0 0.0 0.0 0.0 0.0 0.0 0.0 0.005610155633 0.005489045774 0.005380636735 0.005049977398 0.004773584262 0.004631579088 0.00543518561 0.004944748279 0.005536546593 0.005784177446 0.005109023363 0.005760912597 0.005821787894 0.005692434601 1.67393926786 0.005123479548 0.006317032547 0.004791844422 0.005448621921 0.00496872652 0.005805703078 0.005418841078 0.0 0.0 0.0 0.0 0.0 0.0 0.0 0.0 0.0 0.0 0.0 0.0 0.0 0.0 0.0 0.0 0.0 0.0 0.0 0.0 0.0 0.0 0.0 0.0 0.0 0.0 0.0 0.0 0.0 0.0 0.0 0.0 0.0
0.0 0.0 0.0 0.0 0.0 0.0 0.0 0.0 0.0 0.0 0.0 0.0 0.0 0.0 0.0 0.0 0.0 0.0 0.0 0.0 0.0 0.005159979449 0.005234173876 0.005272645467 0.005378537022 0.005455695889 0.005487585639 0.005244659668 0.005411357934 0.005210285057 0.005118123814 0.005358861436 0.005117714844 0.005107745278 0.005164955893 0.005123479548 0.306226154869 0.004931102701 0.005455797729 0.005245626623 0.00539369543 0.005104248097 0.005251718478 0.0 0.0 0.0 0.0 0.0 0.0 0.0 0.0 0.0 0.0 0.0 0.0 0.0 0.0 0.0 0.0 0.0 0.0 0.0 0.0 0.0 0.0 0.0 0.0 0.0 0.0 0.0 0.0 0.0 0.0 0.0 0.0 0.0
0.0 0.0 0.0 0.0 0.0 0.0 0.0 0.0 0.0 0.0 0.0 0.0 0.0 0.0 0.0 0.0 0.0 0.0 0.0 0.0 0.0 0.006227520131 0.005698787237 0.005518209921 0.004856169365 0.00434344603 0.004113383408 0.005554054721 0.004623095716 0.005904887491 0.006308256253 0.004934347584 0.00650184535 0.006509698784 0.006160907298 0.006317032547 0.004931102701 0.407760941729 0.004371973723 0.005626994136 0.004717618217 0.006370961258 0.005638314443 0.0 0.0 0.0 0.0 0.0 0.0 0.0 0.0 0.0 0.0 0.0 0.0 0.0 0.0 0.0 0.0 0.0 0.0 0.0 0.0 0.0 0.0 0.0 0.0 0.0 0.0 0.0 0.0 0.0 0.0 0.0 0.0 0.0
0.0 0.0 0.0 0.0 0.0 0.0 0.0 0.0 0.0 0.0 0.0 0.0 0.0 0.0 0.0 0.0 0.0 0.0 0.0 0.0 0.0 0.004990097785 0.005055720116 0.005245884503 0.005593521443 0.006072131058 0.006312631565 0.005125714383 0.005751776497 0.005048669118 0.004798419839 0.005499339757 0.004787799793 0.004786512778 0.004951388136 0.004791844422 0.005455797729 0.004371973723 0.491226599319 0.005153800276 0.005823976215 0.004759278727 0.005282697366 0.0 0.0 0.0 0.0 0.0 0.0 0.0 0.0 0.0 0.0 0.0 0.0 0.0 0.0 0.0 0.0 0.0 0.0 0.0 0.0 0.0 0.0 0.0 0.0 0.0 0.0 0.0 0.0 0.0 0.0 0.0 0.0 0.0
0.0 0.0 0.0 0.0 0.0 0.0 0.0 0.0 0.0 0.0 0.0 0.0 0.0 0.0 0.0 0.0 0.0 0.0 0.0 0.0 0.0 0.005495212139 0.005417306231 0.005409858845 0.005249950336 0.005169504865 0.005120044425 0.005367776629 0.005189392789 0.005456908582 0.005464995727 0.005256065703 0.005522840953 0.005504870843 0.005493139688 0.005448621921 0.005245626623 0.005626994136 0.005153800276 0.370004534052 0.005238583795 0.005444301707 0.005430843572 0.0 0.0 0.0 0.0 0.0 0.0 0.0 0.0 0.0 0.0 0.0 0.0 0.0 0.0 0.0 0.0 0.0 0.0 0.0 0.0 0.0 0.0 0.0 0.0 0.0 0.0 0.0 0.0 0.0 0.0 0.0 0.0 0.0
0.0 0.0 0.0 0.0 0.0 0.0 0.0 0.0 0.0 0.0 0.0 0.0 0.0 0.0 0.0 0.0 0.0 0.0 0.0 0.0 0.0 0.005182437108 0.005121263107 0.005317132902 0.005505911855 0.005934891262 0.006152273999 0.005196858194 0.005625950959 0.005153231523 0.004988870821 0.005447479672 0.004957681701 0.004998220694 0.005125627514 0.00496872652 0.00539369543 0.004717618217 0.005823976215 0.005238583795 0.433825440455 0.004961951829 0.005409618398 0.0 0.0 0.0 0.0 0.0 0.0 0.0 0.0 0.0 0.0 0.0 0.0 0.0 0.0 0.0 0.0 0.0 0.0 0.0 0.0 0.0 0.0 0.0 0.0 0.0 0.0 0.0 0.0 0.0 0.0 0.0 0.0 0.0
0.0 0.0 0.0 0.0 0.0 0.0 0.0 0.0 0.0 0.0 0.0 0.0 0.0 0.0 0.0 0.0 0.0 0.0 0.0 0.0 0.0 0.005748517021 0.00549692153 0.005393219682 0.005050501136 0.004744570997 0.004617078366 0.005445068203 0.004917910387 0.005587469439 0.005795951085 0.005103911646 0.00585410425 0.005884863194 0.005683633681 0.005805703078 0.005104248097 0.006370961258 0.004759278727 0.005444301707 0.004961951829 0.362684635026 0.005425896552 0.0 0.0 0.0 0.0 0.0 0.0 0.0 0.0 0.0 0.0 0.0 0.0 0.0 0.0 0.0 0.0 0.0 0.0 0.0 0.0 0.0 0.0 0.0 0.0 0.0 0.0 0.0 0.0 0.0 0.0 0.0 0.0 0.0
0.0 0.0 0.0 0.0 0.0 0.0 0.0 0.0 0.0 0.0 0.0 0.0 0.0 0.0 0.0 0.0 0.0 0.0 0.0 0.0 0.0 0.00559135093 0.005393988559 0.005464488446 0.005304240804 0.00535886821 0.005381367027 0.005365688415 0.005260335994 0.005482510511 0.005455726942 0.005287193655 0.005528264681 0.005516694777 0.005528637743 0.005418841078 0.005251718478 0.005638314443 0.005282697366 0.005430843572 0.005409618398 0.005425896552 0.333591294525 0.0 0.0 0.0 0.0 0.0 0.0 0.0 0.0 0.0 0.0 0.0 0.0 0.0 0.0 0.0 0.0 0.0 0.0 0.0 0.0 0.0 0.0 0.0 0.0 0.0 0.0 0.0 0.0 0.0 0.0 0.0 0.0 0.0
0.0 0.0 0.0 0.0 0.0 0.0 0.0 0.0 0.0 0.0 0.0 0.0 0.0 0.0 0.0 0.0 0.0 0.0 0.0 0.0 0.0 0.0 0.0 0.0 0.0 0.0 0.0 0.0 0.0 0.0 0.0 0.0 0.0 0.0 0.0 0.0 0.0 0.0 0.0 0.0 0.0 0.0 0.0 0.133905105958 0.004404215746 0.004408412386 0.004086522673 0.004194375692 0.004067939545 0.004366731828 0.004224081849 0.004132199535 0.004392513524 0.00452988498 0.003985148517 0.004386569333 0.004312595736 0.004358737097 0.004384183971 0.004077329776 0.004306149103 0.004265249392 0.004294786413 0.004030628591 0.004304951683 0.00428632099 0.0 0.0 0.0 0.0 0.0 0.0 0.0 0.0 0.0 0.0
0.0 0.0 0.0 0.0 0.0 0.0 0.0 0.0 0.0 0.0 0.0 0.0 0.0 0.0 0.0 0.0 0.0 0.0 0.0 0.0 0.0 0.0 0.0 0.0 0.0 0.0 0.0 0.0 0.0 0.0 0.0 0.0 0.0 0.0 0.0 0.0 0.0 0.0 0.0 0.0 0.0 0.0 0.0 0.004404215746 0.0940357931055 0.004405655208 0.003866695016 0.004131666269 0.003778987675 0.004559789988 0.00427927448 0.00398289258 0.004624210801 0.004837212513 0.003752061342 0.004355409457 0.004234640325 0.004512097033 0.004726241055 0.00399886716 0.004380074103 0.004169311356 0.004356908386 0.003738049704 0.004500469356 0.004260903049 0.0 0.0 0.0 0.0 0.0 0.0 0.0 0.0 0.0 0.0
0.0 0.0 0.0 0.0 0.0 0.0 0.0 0.0 0.0 0.0 0.0 0.0 0.0 0.0 0.0 0.0 0.0 0.0 0.0 0.0 0.0 0.0 0.0 0.0 0.0 0.0 0.0 0.0 0.0 0.0 0.0 0.0 0.0 0.0 0.0 0.0 0.0 0.0 0.0 0.0 0.0 0.0 0.0 0.004408412386 0.004405655208 0.0959474384616 0.004046087296 0.004176815388 0.004034150564 0.004388837767 0.004231120733 0.004113385355 0.004394183566 0.004498217302 0.003969446034 0.004325565544 0.004278545061 0.004369424083 0.004426211486 0.004072460445 0.004310068266 0.004229397831 0.004290505284 0.004004105629 0.004336287949 0.004280123852 0.0 0.0 0.0 0.0 0.0 0.0 0.0 0.0 0.0 0.0
0.0 0.0 0.0 0.0 0.0 0.0 0.0 0.0 0.0 0.0 0.0 0.0 0.0 0.0 0.0 0.0 0.0 0.0 0.0 0.0 0.0 0.0 0.0 0.0 0.0 0.0 0.0 0.0 0.0 0.0 0.0 0.0 0.0 0.0 0.0 0.0 0.0 0.0 0.0 0.0 0.0 0.0 0.0 0.004086522673 0.003866695016 0.004046087296 0.315163455742 0.004171405142 0.004456935303 0.003942856021 0.004053612067 0.00430708545 0.003827556052 0.003718454432 0.004458907861 0.004084626287 0.004120922359 0.00392354696 0.003771306221 0.004235579103 0.004003371701 0.004159826679 0.004013857688 0.004496694953 0.003884648952 0.004095405564 0.0 0.0 0.0 0.0 0.0 0.0 0.0 0.0 0.0 0.0
0.0 0.0 0.0 0.0 0.0 0.0 0.0 0.0 0.0 0.0 0.0 0.0 0.0 0.0 0.0 0.0 0.0 0.0 0.0 0.0 0.0 0.0 0.0 0.0 0.0 0.0 0.0 0.0 0.0 0.0 0.0 0.0 0.0 0.0 0.0 0.0 0.0 0.0 0.0 0.0 0.0 0.0 0.0 0.004194375692 0.004131666269 0.004176815388 0.004171405142 0.533643567426 0.004167409627 0.004150247617 0.004157258597 0.004176492535 0.004117873288 0.004107532751 0.004142056591 0.004181552985 0.004183779348 0.004141353115 0.004113252973 0.004153259632 0.004154547956 0.004187660517 0.004156948996 0.004152246019 0.004122217741 0.004173446641 0.0 0.0 0.0 0.0 0.0 0.0 0.0 0.0 0.0 0.0
0.0 0.0 0.0 0.0 0.0 0.0 0.0 0.0 0.0 0.0 0.0 0.0 0.0 0.0 0.0 0.0 0.0 0.0 0.0 0.0 0.0 0.0 0.0 0.0 0.0 0.0 0.0 0.0 0.0 0.0 0.0 0.0 0.0 0.0 0.0 0.0 0.0 0.0 0.0 0.0 0.0 0.0 0.0 0.004067939545 0.003778987675 0.004034150564 0.004456935303 0.004167409627 0.321231494462 0.003867038194 0.004030183831 0.004334844299 0.003755141778 0.003585955918 0.004533559551 0.004046036415 0.004132773815 0.003882102953 0.003672147282 0.004248685114 0.003983655569 0.004172060522 0.003988116482 0.004601892791 0.003849373379 0.004101714847 0.0 0.0 0.0 0.0 0.0 0.0 0.0 0.0 0.0 0.0
0.0 0.0 0.0 0.0 0.0 0.0 0.0 0.0 0.0 0.0 0.0 0.0 0.0 0.0 0.0 0.0 0.0 0.0 0.0 0.0 0.0 0.0 0.0 0.0 0.0 0.0 0.0 0.0 0.0 0.0 0.0 0.0 0.0 0.0 0.0 0.0 0.0 0.0 0.0 0.0 0.0 0.0 0.0 0.004366731828 0.004559789988 0.004388837767 0.003942856021 0.004150247617 0.003867038194 0.201174771532 0.004272867079 0.004044145252 0.004525102012 0.004703001421 0.003841489006 0.004343404583 0.00423046392 0.004458323443 0.004646210112 0.004030347082 0.004344163444 0.004180213853 0.004331947133 0.003838334681 0.004423359851 0.004273829532 0.0 0.0 0.0 0.0 0.0 0.0 0.0 0.0 0.0 0.0
0.0 0.0 0.0 0.0 0.0 0.0 0.0 0.0 0.0 0.0 0.0 0.0 0.0 0.0 0.0 0.0 0.0 0.0 0.0 0.0 0.0 0.0 0.0 0.0 0.0 0.0 0.0 0.0 0.0 0.0 0.0 0.0 0.0 0.0 0.0 0.0 0.0 0.0 0.0 0.0 0.0 0.0 0.0 0.004224081849 0.00427927448 0.004231120733 0.004053612067 0.004157258597 0.004030183831 0.004272867079 0.341509948117 0.004109603283 0.004267789817 0.0043225278 0.004011757546 0.004222377414 0.004190149569 0.004259579282 0.004340022522 0.004098385803 0.00422100227 0.004179875799 0.00422812283 0.004008855846 0.00424663123 0.004215357945 0.0 0.0 0.0 0.0 0.0 0.0 0.0 0.0 0.0 0.0
0.0 0.0 0.0 0.0 0.0 0.0 0.0 0.0 0.0 0.0 0.0 0.0 0.0 0.0 0.0 0.0 0.0 0.0 0.0 0.0 0.0 0.0 0.0 0.0 0.0 0.0 0.0 0.0 0.0 0.0 0.0 0.0 0.0 0.0 0.0 0.0 0.0 0.0 0.0 0.0 0.0 0.0 0.0 0.004132199535 0.00398289258 0.004113385355 0.00430708545 0.004176492535 0.004334844299 0.004044145252 0.004109603283 0.155579519112 0.003956319927 0.003893724401 0.004321358639 0.004128860138 0.004154004734 0.004028046331 0.003947583407 0.004198201367 0.004072115533 0.004178299697 0.00408596262 0.004348660814 0.003993313811 0.004154123792 0.0 0.0 0.0 0.0 0.0 0.0 0.0 0.0 0.0 0.0
0.0 0.0 0.0 0.0 0.0 0.0 0.0 0.0 0.0 0.0 0.0 0.0 0.0 0.0 0.0 0.0 0.0 0.0 0.0 0.0 0.0 0.0 0.0 0.0 0.0 0.0 0.0 0.0 0.0 0.0 0.0 0.0 0.0 0.0 0.0 0.0 0.0 0.0 0.0 0.0 0.0 0.0 0.0 0.004392513524 0.004624210801 0.004394183566 0.003827556052 0.004117873288 0.003755141778 0.004525102012 0.004267789817 0.003956319927 0.144898369241 0.00488310743 0.003722063435 0.004330793441 0.004234719255 0.004515600155 0.004737125127 0.003986508194 0.004380595246 0.004157640745 0.004357065963 0.003710598591 0.004526621213 0.004259208129 0.0 0.0 0.0 0.0 0.0 0.0 0.0 0.0 0.0 0.0
0.0 0.0 0.0 0.0 0.0 0.0 0.0 0.0 0.0 0.0 0.0 0.0 0.0 0.0 0.0 0.0 0.0 0.0 0.0 0.0 0.0 0.0 0.0 0.0 0.0 0.0 0.0 0.0 0.0 0.0 0.0 0.0 0.0 0.0 0.0 0.0 0.0 0.0 0.0 0.0 0.0 0.0 0.0 0.00452988498 0.004837212513 0.004498217302 0.003718454432 0.004107532751 0.003585955918 0.004703001421 0.0043225278 0.003893724401 0.00488310743 0.190310550235 0.003560647499 0.004435723262 0.004253068768 0.004659689127 0.005048073461 0.003925215952 0.004446083507 0.004152320159 0.004438683532 0.003534339955 0.004635392126 0.004309764501 0.0 0.0 0.0 0.0 0.0 0.0 0.0 0.0 0.0 0.0
0.0 0.0 0.0 0.0 0.0 0.0 0.0 0.0 0.0 0.0 0.0 0.0 0.0 0.0 0.0 0.0 0.0 0.0 0.0 0.0 0.0 0.0 0.0 0.0 0.0 0.0 0.0 0.0 0.0 0.0 0.0 0.0 0.0 0.0 0.0 0.0 0.0 0.0 0.0 0.0 0.0 0.0 0.0 0.003985148517 0.003752061342 0.003969446034 0.004458907861 0.004142056591 0.004533559551 0.003841489006 0.004011757546 0.004321358639 0.003722063435 0.003560647499 0.790866019675 0.003998048338 0.004076177924 0.003841650568 0.0036660888 0.004251929161 0.003938178011 0.004125936532 0.003955274262 0.004598004513 0.00381796392 0.004060135847 0.0 0.0 0.0 0.0 0.0 0.0 0.0 0.0 0.0 0.0
0.0 0.0 0.0 0.0 0.0 0.0 0.0 0.0 0.0 0.0 0.0 0.0 0.0 0.0 0.0 0.0 0.0 0.0 0.0 0.0 0.0 0.0 0.0 0.0 0.0 0.0 0.0 0.0 0.0 0.0 0.0 0.0 0.0 0.0 0.0 0.0 0.0 0.0 0.0 0.0 0.0 0.0 0.0 0.004386569333 0.004355409457 0.004325565544 0.004084626287 0.004181552985 0.004046036415 0.004343404583 0.004222377414 0.004128860138 0.004330793441 0.004435723262 0.003998048338 0.203603741663 0.004249826331 0.004310125548 0.004359003089 0.004088146773 0.004266351966 0.00423034353 0.004268092522 0.004018280855 0.00426121583 0.0042533832 0.0 0.0 0.0 0.0 0.0 0.0 0.0 0.0 0.0 0.0
0.0 0.0 0.0 0.0 0.0 0.0 0.0 0.0 0.0 0.0 0.0 0.0 0.0 0.0 0.0 0.0 0.0 0.0 0.0 0.0 0.0 0.0 0.0 0.0 0.0 0.0 0.0 0.0 0.0 0.0 0.0 0.0 0.0 0.0 0.0 0.0 0.0 0.0 0.0 0.0 0.0 0.0 0.0 0.004312595736 0.004234640325 0.004278545061 0.004120922359 0.004183779348 0.004132773815 0.00423046392 0.004190149569 0.004154004734 0.004234719255 0.004253068768 0.004076177924 0.004249826331 0.227458626498 0.004244119525 0.004228075529 0.004118068245 0.004230966632 0.004229366455 0.004224441502 0.004108411195 0.004225809668 0.004238829744 0.0 0.0 0.0 0.0 0.0 0.0 0.0 0.0 0.0 0.0
0.0 0.0 0.0 0.0 0.0 0.0 0.0 0.0 0.0 0.0 0.0 0.0 0.0 0.0 0.0 0.0 0.0 0.0 0.0 0.0 0.0 0.0 0.0 0.0 0.0 0.0 0.0 0.0 0.0 0.0 0.0 0.0 0.0 0.0 0.0 0.0 0.0 0.0 0.0 0.0 0.0 0.0 0.0 0.004358737097 0.004512097033 0.004369424083 0.00392354696 0.004141353115 0.003882102953 0.004458323443 0.004259579282 0.004028046331 0.004515600155 0.004659689127 0.003841650568 0.004310125548 0.004244119525 0.242270299366 0.004606065753 0.00402922397 0.004344678005 0.004188798054 0.004327757727 0.003845149636 0.004439021981 0.00427106416 0.0 0.0 0.0 0.0 0.0 0.0 0.0 0.0 0.0 0.0
0.0 0.0 0.0 0.0 0.0 0.0 0.0 0.0 0.0 0.0 0.0 0.0 0.0 0.0 0.0 0.0 0.0 0.0 0.0 0.0 0.0 0.0 0.0 0.0 0.0 0.0 0.0 0.0 0.0 0.0 0.0 0.0 0.0 0.0 0.0 0.0 0.0 0.0 0.0 0.0 0.0 0.0 0.0 0.004384183971 0.004726241055 0.004426211486 0.003771306221 0.004113252973 0.003672147282 0.004646210112 0.004340022522 0.003947583407 0.004737125127 0.005048073461 0.0036660888 0.004359003089 0.004228075529 0.004606065753 0.341598545951 0.003967308813 0.004397478728 0.004161136169 0.00442412398 0.003633720196 0.004581622239 0.004335667434 0.0 0.0 0.0 0.0 0.0 0.0 0.0 0.0 0.0 0.0
0.0 0.0 0.0 0.0 0.0 0.0 0.0 0.0 0.0 0.0 0.0 0.0 0.0 0.0 0.0 0.0 0.0 0.0 0.0 0.0 0.0 0.0 0.0 0.0 0.0 0.0 0.0 0.0 0.0 0.0 0.0 0.0 0.0 0.0 0.0 0.0 0.0 0.0 0.0 0.0 0.0 0.0 0.0 0.004077329776 0.00399886716 0.004072460445 0.004235579103 0.004153259632 0.004248685114 0.004030347082 0.004098385803 0.004198201367 0.003986508194 0.003925215952 0.004251929161 0.004088146773 0.004118068245 0.00402922397 0.003967308813 0.241402535641 0.004068176563 0.004138106709 0.004074541436 0.00425609518 0.004022398316 0.004104959488 0.0 0.0 0.0 0.0 0.0 0.0 0.0 0.0 0.0 0.0
0.0 0.0 0.0 0.0 0.0 0.0 0.0 0.0 0.0 0.0 0.0 0.0 0.0 0.0 0.0 0.0 0.0 0.0 0.0 0.0 0.0 0.0 0.0 0.0 0.0 0.0 0.0 0.0 0.0 0.0 0.0 0.0 0.0 0.0 0.0 0.0 0.0 0.0 0.0 0.0 0.0 0.0 0.0 0.004306149103 0.004380074103 0.004310068266 0.004003371701 0.004154547956 0.003983655569 0.004344163444 0.00422100227 0.004072115533 0.004380595246 0.004446083507 0.003938178011 0.004266351966 0.004230966632 0.004344678005 0.004397478728 0.004068176563 0.185403225633 0.004191817438 0.00426956822 0.003949659692 0.004341392338 0.004228051579 0.0 0.0 0.0 0.0 0.0 0.0 0.0 0.0 0.0 0.0
0.0 0.0 0.0 0.0 0.0 0.0 0.0 0.0 0.0 0.0 0.0 0.0 0.0 0.0 0.0 0.0 0.0 0.0 0.0 0.0 0.0 0.0 0.0 0.0 0.0 0.0 0.0 0.0 0.0 0.0 0.0 0.0 0.0 0.0 0.0 0.0 0.0 0.0 0.0 0.0 0.0 0.0 0.0 0.004265249392 0.004169311356 0.004229397831 0.004159826679 0.004187660517 0.004172060522 0.004180213853 0.004179875799 0.004178299697 0.004157640745 0.004152320159 0.004125936532 0.00423034353 0.004229366455 0.004188798054 0.004161136169 0.004138106709 0.004191817438 0.240111288321 0.00419897371 0.004152381686 0.004163027135 0.004222169863 0.0 0.0 0.0 0.0 0.0 0.0 0.0 0.0 0.0 0.0
0.0 0.0 0.0 0.0 0.0 0.0 0.0 0.0 0.0 0.0 0.0 0.0 0.0 0.0 0.0 0.0 0.0 0.0 0.0 0.0 0.0 0.0 0.0 0.0 0.0 0.0 0.0 0.0 0.0 0.0 0.0 0.0 0.0 0.0 0.0 0.0 0.0 0.0 0.0 0.0 0.0 0.0 0.0 0.004294786413 0.004356908386 0.004290505284 0.004013857688 0.004156948996 0.003988116482 0.004331947133 0.00422812283 0.00408596262 0.004357065963 0.004438683532 0.003955274262 0.004268092522 0.004224441502 0.004327757727 0.00442412398 0.004074541436 0.00426956822 0.00419897371 0.316514595747 0.003960022015 0.004314779722 0.004246867033 0.0 0.0 0.0 0.0 0.0 0.0 0.0 0.0 0.0 0.0
0.0 0.0 0.0 0.0 0.0 0.0 0.0 0.0 0.0 0.0 0.0 0.0 0.0 0.0 0.0 0.0 0.0 0.0 0.0 0.0 0.0 0.0 0.0 0.0 0.0 0.0 0.0 0.0 0.0 0.0 0.0 0.0 0.0 0.0 0.0 0.0 0.0 0.0 0.0 0.0 0.0 0.0 0.0 0.004030628591 0.003738049704 0.004004105629 0.004496694953 0.004152246019 0.004601892791 0.003838334681 0.004008855846 0.004348660814 0.003710598591 0.003534339955 0.004598004513 0.004018280855 0.004108411195 0.003845149636 0.003633720196 0.00425609518 0.003949659692 0.004152381686 0.003960022015 0.624639974241 0.003812045947 0.004084778487 0.0 0.0 0.0 0.0 0.0 0.0 0.0 0.0 0.0 0.0
0.0 0.0 0.0 0.0 0.0 0.0 0.0 0.0 0.0 0.0 0.0 0.0 0.0 0.0 0.0 0.0 0.0 0.0 0.0 0.0 0.0 0.0 0.0 0.0 0.0 0.0 0.0 0.0 0.0 0.0 0.0 0.0 0.0 0.0 0.0 0.0 0.0 0.0 0.0 0.0 0.0 0.0 0.0 0.004304951683 0.004500469356 0.004336287949 0.003884648952 0.004122217741 0.003849373379 0.004423359851 0.00424663123 0.003993313811 0.004526621213 0.004635392126 0.00381796392 0.00426121583 0.004225809668 0.004439021981 0.004581622239 0.004022398316 0.004341392338 0.004163027135 0.004314779722 0.003812045947 0.181500401849 0.00424310455 0.0 0.0 0.0 0.0 0.0 0.0 0.0 0.0 0.0 0.0
0.0 0.0 0.0 0.0 0.0 0.0 0.0 0.0 0.0 0.0 0.0 0.0 0.0 0.0 0.0 0.0 0.0 0.0 0.0 0.0 0.0 0.0 0.0 0.0 0.0 0.0 0.0 0.0 0.0 0.0 0.0 0.0 0.0 0.0 0.0 0.0 0.0 0.0 0.0 0.0 0.0 0.0 0.0 0.00428632099 0.004260903049 0.004280123852 0.004095405564 0.004173446641 0.004101714847 0.004273829532 0.004215357945 0.004154123792 0.004259208129 0.004309764501 0.004060135847 0.0042533832 0.004238829744 0.00427106416 0.004335667434 0.004104959488 0.004228051579 0.004222169863 0.004246867033 0.004084778487 0.00424310455 0.253209165338 0.0 0.0 0.0 0.0 0.0 0.0 0.0 0.0 0.0 0.0
0.0 0.0 0.0 0.0 0.0 0.0 0.0 0.0 0.0 0.0 0.0 0.0 0.0 0.0 0.0 0.0 0.0 0.0 0.0 0.0 0.0 0.0 0.0 0.0 0.0 0.0 0.0 0.0 0.0 0.0 0.0 0.0 0.0 0.0 0.0 0.0 0.0 0.0 0.0 0.0 0.0 0.0 0.0 0.0 0.0 0.0 0.0 0.0 0.0 0.0 0.0 0.0 0.0 0.0 0.0 0.0 0.0 0.0 0.0 0.0 0.0 0.0 0.0 0.0 0.0 0.0 0.184652914148 0.007405430519 0.007642801184 0.007854726139 0.007454264698 0.007502816486 0.007893695317 0.007194440557 0.007209195434 0.007658524884
0.0 0.0 0.0 0.0 0.0 0.0 0.0 0.0 0.0 0.0 0.0 0.0 0.0 0.0 0.0 0.0 0.0 0.0 0.0 0.0 0.0 0.0 0.0 0.0 0.0 0.0 0.0 0.0 0.0 0.0 0.0 0.0 0.0 0.0 0.0 0.0 0.0 0.0 0.0 0.0 0.0 0.0 0.0 0.0 0.0 0.0 0.0 0.0 0.0 0.0 0.0 0.0 0.0 0.0 0.0 0.0 0.0 0.0 0.0 0.0 0.0 0.0 0.0 0.0 0.0 0.0 0.007405430519 0.423189150262 0.007325759705 0.006934402162 0.007597154048 0.007539843289 0.006845347544 0.007928758216 0.00797231688 0.007285932623
0.0 0.0 0.0 0.0 0.0 0.0 0.0 0.0 0.0 0.0 0.0 0.0 0.0 0.0 0.0 0.0 0.0 0.0 0.0 0.0 0.0 0.0 0.0 0.0 0.0 0.0 0.0 0.0 0.0 0.0 0.0 0.0 0.0 0.0 0.0 0.0 0.0 0.0 0.0 0.0 0.0 0.0 0.0 0.0 0.0 0.0 0.0 0.0 0.0 0.0 0.0 0.0 0.0 0.0 0.0 0.0 0.0 0.0 0.0 0.0 0.0 0.0 0.0 0.0 0.0 0.0 0.007642801184 0.007325759705 0.165076825553 0.008287905786 0.007398737503 0.007499141913 0.008431059073 0.006926709501 0.006942281634 0.007839647634
0.0 0.0 0.0 0.0 0.0 0.0 0.0 0.0 0.0 0.0 0.0 0.0 0.0 0.0 0.0 0.0 0.0 0.0 0.0 0.0 0.0 0.0 0.0 0.0 0.0 0.0 0.0 0.0 0.0 0.0 0.0 0.0 0.0 0.0 0.0 0.0 0.0 0.0 0.0 0.0 0.0 0.0 0.0 0.0 0.0 0.0 0.0 0.0 0.0 0.0 0.0 0.0 0.0 0.0 0.0 0.0 0.0 0.0 0.0 0.0 0.0 0.0 0.0 0.0 0.0 0.0 0.007854726139 0.006934402162 0.008287905786 0.120482890476 0.007134941954 0.007362724891 0.01071071045 0.006000366762 0.005980269179 0.008392678344
0.0 0.0 0.0 0.0 0.0 0.0 0.0 0.0 0.0 0.0 0.0 0.0 0.0 0.0 0.0 0.0 0.0 0.0 0.0 0.0 0.0 0.0 0.0 0.0 0.0 0.0 0.0 0.0 0.0 0.0 0.0 0.0 0.0 0.0 0.0 0.0 0.0 0.0 0.0 0.0 0.0 0.0 0.0 0.0 0.0 0.0 0.0 0.0 0.0 0.0 0.0 0.0 0.0 0.0 0.0 0.0 0.0 0.0 0.0 0.0 0.0 0.0 0.0 0.0 0.0 0.0 0.007454264698 0.007597154048 0.007398737503 0.007134941954 0.26291733596 0.007542064974 0.007060470342 0.007697085321 0.007732487646 0.007375508094
0.0 0.0 0.0 0.0 0.0 0.0 0.0 0.0 0.0 0.0 0.0 0.0 0.0 0.0 0.0 0.0 0.0 0.0 0.0 0.0 0.0 0.0 0.0 0.0 0.0 0.0 0.0 0.0 0.0 0.0 0.0 0.0 0.0 0.0 0.0 0.0 0.0 0.0 0.0 0.0 0.0 0.0 0.0 0.0 0.0 0.0 0.0 0.0 0.0 0.0 0.0 0.0 0.0 0.0 0.0 0.0 0.0 0.0 0.0 0.0 0.0 0.0 0.0 0.0 0.0 0.0 0.007502816486 0.007539843289 0.007499141913 0.007362724891 0.007542064974 0.41467708284 0.007332414397 0.007524172314 0.007567442141 0.007479786822
0.0 0.0 0.0 0.0 0.0 0.0 0.0 0.0 0.0 0.0 0.0 0.0 0.0 0.0 0.0 0.0 0.0 0.0 0.0 0.0 0.0 0.0 0.0 0.0 0.0 0.0 0.0 0.0 0.0 0.0 0.0 0.0 0.0 0.0 0.0 0.0 0.0 0.0 0.0 0.0 0.0 0.0 0.0 0.0 0.0 0.0 0.0 0.0 0.0 0.0 0.0 0.0 0.0 0.0 0.0 0.0 0.0 0.0 0.0 0.0 0.0 0.0 0.0 0.0 0.0 0.0 0.007893695317 0.006845347544 0.008431059073 0.01071071045 0.007060470342 0.007332414397 0.0875394729311 0.005805007422 0.005794638988 0.008541423644
0.0 0.0 0.0 0.0 0.0 0.0 0.0 0.0 0.0 0.0 0.0 0.0 0.0 0.0 0.0 0.0 0.0 0.0 0.0 0.0 0.0 0.0 0.0 0.0 0.0 0.0 0.0 0.0 0.0 0.0 0.0 0.0 0.0 0.0 0.0 0.0 0.0 0.0 0.0 0.0 0.0 0.0 0.0 0.0 0.0 0.0 0.0 0.0 0.0 0.0 0.0 0.0 0.0 0.0 0.0 0.0 0.0 0.0 0.0 0.0 0.0 0.0 0.0 0.0 0.0 0.0 0.007194440557 0.007928758216 0.006926709501 0.006000366762 0.007697085321 0.007524172314 0.005805007422 0.536860597609 0.008865173527 0.006829833855
0.0 0.0 0.0 0.0 0.0 0.0 0.0 0.0 0.0 0.0 0.0 0.0 0.0 0.0 0.0 0.0 0.0 0.0 0.0 0.0 0.0 0.0 0.0 0.0 0.0 0.0 0.0 0.0 0.0 0.0 0.0 0.0 0.0 0.0 0.0 0.0 0.0 0.0 0.0 0.0 0.0 0.0 0.0 0.0 0.0 0.0 0.0 0.0 0.0 0.0 0.0 0.0 0.0 0.0 0.0 0.0 0.0 0.0 0.0 0.0 0.0 0.0 0.0 0.0 0.0 0.0 0.007209195434 0.00797231688 0.006942281634 0.005980269179 0.007732487646 0.007567442141 0.005794638988 0.008865173527 0.506695243261 0.006829128115
