SURVEY: CFA4p2
PHOTOMETRY_VERSION: CFA4
SNTYPE: 1
SNID:  2009hp
IAUC:  2009hp
IAUC:    UNKNOWN
RA:   44.599742  deg
DECL:    6.5929555  deg
MWEBV: 0.23000000 MW E(B-V) (SFD98)
REDSHIFT_HELIO:  0.021100000 +- 0.000500000  (Hel)
REDSHIFT_CMB:  0.020409931 +- 0.000500000  (CMB)
REDSHIFT_FINAL:  0.020409931 +- 0.000500000  (CMB)
HOSTGAL_LOGMASS: 10.9350 +- 0.541
PRIVATE(COSMO): 1
FILTERS: BVri
SEARCH_PEAKMJD: 55080.4
NOBS: 4
NVAR:   6
VARLIST:  MJD  FLT FIELD   FLUXCAL   FLUXCALERR    MAG     MAGERR
OBS:      55080.4     V      md      3422.95    142.737    18.6640    0.0417000
OBS:      55080.4     r      md      3160.82    96.4051    18.7505    0.0305000
OBS:      55160.3     r      md      329.913    10.7882    21.2040    0.0327000
OBS:      55080.4     i      md      3038.08    82.0283    18.7935    0.0270000
END: 
