SURVEY: CFA4p1
PHOTOMETRY_VERSION: CFA4
SNTYPE: 1
SNID:  2006ct
IAUC:  2006ct
IAUC:    UNKNOWN
RA:   182.48688  deg
DECL:    47.095642  deg
MWEBV: 0.019100000 MW E(B-V) (SFD98)
REDSHIFT_HELIO:  0.03145 +- 0.000500000  (Hel)
REDSHIFT_CMB:  0.0321484190555 +- 0.000500000  (CMB)
REDSHIFT_FINAL: 0.0321484190555 +- 0.000500000  (CMB)
HOSTGAL_LOGMASS: 10.4330 +- 0.03
PRIVATE(COSMO): 1
FILTERS: BVri
SEARCH_PEAKMJD: 53903.2
NOBS: 9
NVAR:   6
VARLIST:  MJD  FLT FIELD   FLUXCAL   FLUXCALERR    MAG     MAGERR
OBS:      53903.2     B      md      2886.69    465.334    18.8490    0.161200
OBS:      53928.2     B      md      1127.72    236.708    19.8695    0.209900
OBS:      53903.2     V      md      5937.45    529.027    18.0660    0.0891000
OBS:      53928.2     V      md      1448.11    358.841    19.5980    0.247800
OBS:      53903.2     r      md      8904.31    767.551    17.6260    0.0862000
OBS:      53907.2     r      md      7755.33    1212.16    17.7760    0.156300
OBS:      53928.2     r      md      2192.81    359.182    19.1475    0.163800
OBS:      53903.2     i      md      5450.04    1894.98    18.1590    0.347700
OBS:      53928.2     i      md      2610.96    1118.53    18.9580    0.428400
END: 
