SURVEY: PS1_LOWZ_COMBINED(CFA3S)   
SNID:   5999433   
IAUC:    NULL 
PHOTOMETRY_VERSION: SALT3TEST_SIMPLE 
SNTYPE:  1 
FILTERS: bcdeghijlmnopqrsuvwxyzACDEFHIJK 
RA:      233.007630  deg 
DECL:    68.243370  deg 
PIXSIZE:  0.5000  arcsec 
CCDNUM: 0  
FAKE:    2   (=> simulated LC with snlc_sim.exe) 
MWEBV:       0.0000    MW E(B-V) 
MWEBV_ERR:   0.0000    error on MWEBV 
REDSHIFT_HELIO:   0.073053 +- 0.000010  (Helio, z_best) 
REDSHIFT_FINAL:   0.073110 +- 0.000010  (CMB) 
REDSHIFT_STATUS:  OK 

VPEC:         0.00  # v_pec correction
VPEC_ERR:     0.00  # error on above  
PEAKMJD:   52657.805 

HOSTGAL_OBJID:    -9  
HOSTGAL_PHOTOZ:   -9.0000  +- -9.0000 
HOSTGAL_SPECZ:    0.0000  +- 0.0000 
HOSTGAL_SNSEP:    -9.000    # arcsec 
 

SIM_MODEL_NAME:  SALT2.JLA-B14 
SIM_MODEL_INDEX:  6 
SIM_TYPE_INDEX:   1 
SIM_TYPE_NAME:    UNKNOWN 
SIM_TEMPLATE_INDEX: 0   
SIM_COMMENT:  SN Type = UNKNOWN , MODEL = SALT2.JLA-B14  
SIM_LIBID:  56  
SIM_NGEN_LIBID:  1  
SIM_NOBS_UNDEFINED:  0  
SIM_REDSHIFT_HELIO:  0.07306  
SIM_REDSHIFT_CMB:    0.07312  
SIM_REDSHIFT_HOST:   0.07306  
SIM_VPEC:  0.0 (km/sec) 
SIM_HOSTLIB_NPAR: 0 
SIM_DLMU:      37.5953  mag   [ -5*log10(10pc/dL) ]
SIM_LENSDMU:   0.0000  mag 
SIM_RA:        233.007629 deg  
SIM_DECL:      68.243370 deg  
SIM_MWRV:    3.100   (MilkyWay RV) 
SIM_MWEBV:   0.0000   (MilkyWay E(B-V)) 
SIMOPT_MWCOLORLAW:  0   (MW color-law option) 
SIMOPT_MWEBV:       0   (modify MWEBV_SFD)
SIM_MAGSMEAR_COH:    0.000  
SIM_GALFRAC:  -9.000 -9.000 -9.000 -9.000 -9.000 -9.000 -9.000 -9.000 -9.000 -9.000
     -9.000 -9.000 -9.000 -9.000 -9.000 -9.000 -9.000 -9.000 -9.000 -9.000
     -9.000 -9.000 -9.000 -9.000 -9.000 -9.000 -9.000 -9.000 -9.000 -9.000
     -9.000  (bcdeghijlmnopqrsuvwxyzACDEFHIJK F_gal/F_SNpeak for PSF=1'')
SIM_PEAKMAG:   18.45  18.40  18.28  -9.00  -9.00  -9.00  -9.00  -9.00  -9.00  -9.00
      -9.00  -9.00  -9.00  -9.00  -9.00  -9.00  -9.00  -9.00  -9.00  -9.00
      -9.00  -9.00  -9.00  -9.00  -9.00  -9.00  -9.00  -9.00  -9.00  -9.00
      -9.00  (bcdeghijlmnopqrsuvwxyzACDEFHIJK obs)
SIM_EXPOSURE:  100000.0 100000.0 100000.0 100000.0 100000.0 100000.0 100000.0 100000.0 100000.0 100000.0
     100000.0 100000.0 100000.0 100000.0 100000.0 100000.0 100000.0 100000.0 100000.0 100000.0
     100000.0 100000.0 100000.0 100000.0 100000.0 100000.0 100000.0 100000.0 100000.0 100000.0
     100000.0  (bcdeghijlmnopqrsuvwxyzACDEFHIJK obs)
SIM_PEAKMJD:   52657.804688  days 
SIM_SALT2alpha:    0.165   
SIM_SALT2beta:     3.032   
SIM_SALT2x0:   9.1593e-04   
SIM_SALT2x1:    0.0000   
SIM_SALT2c:     0.0000   
SIM_SALT2mB:   18.2303   
SIM_SEARCHEFF_MASK:  3  (bits 1,2=> found by software,spec) 
SIM_SEARCHEFF_SPEC:  1.0000  (spectro-search efficiency (ignores pipelines)) 
SIM_TRESTMIN:     9.07   days 
SIM_TRESTMAX:    14.65   days 
SIM_RISETIME_SHIFT:   0.0 days 
SIM_FALLTIME_SHIFT:   0.0 days 



# ============================================ 
# TERSE LIGHT CURVE OUTPUT: 
#
NOBS: 8 
NVAR: 9 
VARLIST:  MJD  FLT FIELD   FLUXCAL   FLUXCALERR PHOTFLAG   ZPT  PSF  SIM_MAGOBS
OBS:  52667.535  b NULL   2.4535e+03   7.958e-01    0  36.728    0.85  19.0255 
OBS:  52667.539  c NULL   3.3573e+03   1.263e+00    0  36.197    0.85  18.6847 
OBS:  52667.539  d NULL   3.7508e+03   6.383e-01    0  37.885    0.85  18.5647 
OBS:  52673.520  b NULL   1.3318e+03   3.674e-01    0  37.856    0.85  19.6886 
OBS:  52673.523  c NULL   2.3585e+03   5.512e-01    0  37.684    0.85  19.0685 
OBS:  52705.500  b NULL   1.9874e+02   1.608e-01    0  38.595    0.85  21.7541 
OBS:  52705.504  c NULL   4.6801e+02   2.066e-01    0  38.958    0.85  20.8239 
OBS:  52705.508  d NULL   8.7007e+02   2.639e-01    0  39.039    0.85  20.1509 
END_PHOTOMETRY: 
