SURVEY: PS1_LOWZ_COMBINED(CFA3S)   
SNID:   5999403   
IAUC:    NULL 
PHOTOMETRY_VERSION: SALT3TEST_SIMPLE 
SNTYPE:  1 
FILTERS: bcdeghijlmnopqrsuvwxyzACDEFHIJK 
RA:      153.926310  deg 
DECL:    55.668710  deg 
PIXSIZE:  0.5000  arcsec 
CCDNUM: 0  
FAKE:    2   (=> simulated LC with snlc_sim.exe) 
MWEBV:       0.0000    MW E(B-V) 
MWEBV_ERR:   0.0000    error on MWEBV 
REDSHIFT_HELIO:   0.036923 +- 0.000010  (Helio, z_best) 
REDSHIFT_FINAL:   0.037491 +- 0.000010  (CMB) 
REDSHIFT_STATUS:  OK 

VPEC:         0.00  # v_pec correction
VPEC_ERR:     0.00  # error on above  
PEAKMJD:   52338.266 

HOSTGAL_OBJID:    -9  
HOSTGAL_PHOTOZ:   -9.0000  +- -9.0000 
HOSTGAL_SPECZ:    0.0000  +- 0.0000 
HOSTGAL_SNSEP:    -9.000    # arcsec 
 

SIM_MODEL_NAME:  SALT2.JLA-B14 
SIM_MODEL_INDEX:  6 
SIM_TYPE_INDEX:   1 
SIM_TYPE_NAME:    UNKNOWN 
SIM_TEMPLATE_INDEX: 0   
SIM_COMMENT:  SN Type = UNKNOWN , MODEL = SALT2.JLA-B14  
SIM_LIBID:  21  
SIM_NGEN_LIBID:  1  
SIM_NOBS_UNDEFINED:  0  
SIM_REDSHIFT_HELIO:  0.03691  
SIM_REDSHIFT_CMB:    0.03748  
SIM_REDSHIFT_HOST:   0.03691  
SIM_VPEC:  0.0 (km/sec) 
SIM_HOSTLIB_NPAR: 0 
SIM_DLMU:      36.0877  mag   [ -5*log10(10pc/dL) ]
SIM_LENSDMU:   0.0000  mag 
SIM_RA:        153.926315 deg  
SIM_DECL:      55.668709 deg  
SIM_MWRV:    3.100   (MilkyWay RV) 
SIM_MWEBV:   0.0000   (MilkyWay E(B-V)) 
SIMOPT_MWCOLORLAW:  0   (MW color-law option) 
SIMOPT_MWEBV:       0   (modify MWEBV_SFD)
SIM_MAGSMEAR_COH:    0.000  
SIM_GALFRAC:  -9.000 -9.000 -9.000 -9.000 -9.000 -9.000 -9.000 -9.000 -9.000 -9.000
     -9.000 -9.000 -9.000 -9.000 -9.000 -9.000 -9.000 -9.000 -9.000 -9.000
     -9.000 -9.000 -9.000 -9.000 -9.000 -9.000 -9.000 -9.000 -9.000 -9.000
     -9.000  (bcdeghijlmnopqrsuvwxyzACDEFHIJK F_gal/F_SNpeak for PSF=1'')
SIM_PEAKMAG:   16.93  16.95  16.84  -9.00  -9.00  -9.00  -9.00  -9.00  -9.00  -9.00
      -9.00  -9.00  -9.00  -9.00  -9.00  -9.00  -9.00  -9.00  -9.00  -9.00
      -9.00  -9.00  -9.00  -9.00  -9.00  -9.00  -9.00  -9.00  -9.00  -9.00
      -9.00  (bcdeghijlmnopqrsuvwxyzACDEFHIJK obs)
SIM_EXPOSURE:  100000.0 100000.0 100000.0 100000.0 100000.0 100000.0 100000.0 100000.0 100000.0 100000.0
     100000.0 100000.0 100000.0 100000.0 100000.0 100000.0 100000.0 100000.0 100000.0 100000.0
     100000.0 100000.0 100000.0 100000.0 100000.0 100000.0 100000.0 100000.0 100000.0 100000.0
     100000.0  (bcdeghijlmnopqrsuvwxyzACDEFHIJK obs)
SIM_PEAKMJD:   52338.265625  days 
SIM_SALT2alpha:    0.165   
SIM_SALT2beta:     3.032   
SIM_SALT2x0:   3.6721e-03   
SIM_SALT2x1:    0.0000   
SIM_SALT2c:     0.0000   
SIM_SALT2mB:   16.7227   
SIM_SEARCHEFF_MASK:  3  (bits 1,2=> found by software,spec) 
SIM_SEARCHEFF_SPEC:  1.0000  (spectro-search efficiency (ignores pipelines)) 
SIM_TRESTMIN:     3.91   days 
SIM_TRESTMAX:    33.73   days 
SIM_RISETIME_SHIFT:   0.0 days 
SIM_FALLTIME_SHIFT:   0.0 days 



# ============================================ 
# TERSE LIGHT CURVE OUTPUT: 
#
NOBS: 7 
NVAR: 9 
VARLIST:  MJD  FLT FIELD   FLUXCAL   FLUXCALERR PHOTFLAG   ZPT  PSF  SIM_MAGOBS
OBS:  52342.324  d NULL   1.7892e+04   1.566e+00    0  37.277    0.85  16.8684 
OBS:  52345.289  d NULL   1.5904e+04   1.509e+00    0  37.245    0.85  16.9963 
OBS:  52347.199  c NULL   1.3265e+04   1.029e+00    0  37.839    0.85  17.1932 
OBS:  52352.230  d NULL   1.0501e+04   9.735e-01    0  37.806    0.85  17.4468 
OBS:  52354.367  b NULL   5.2867e+03   5.453e-01    0  38.227    0.85  18.1922 
OBS:  52354.371  d NULL   9.7330e+03   8.026e-01    0  38.153    0.85  17.5293 
OBS:  52373.242  c NULL   3.1243e+03   5.423e-01    0  37.919    0.85  18.7633 
END_PHOTOMETRY: 
