SURVEY: PS1_LOWZ_COMBINED(CFA3S)   
SNID:   5999405   
IAUC:    NULL 
PHOTOMETRY_VERSION: SALT3TEST_SIMPLE 
SNTYPE:  1 
FILTERS: bcdeghijlmnopqrsuvwxyzACDEFHIJK 
RA:      216.168850  deg 
DECL:    26.626470  deg 
PIXSIZE:  0.5000  arcsec 
CCDNUM: 0  
FAKE:    2   (=> simulated LC with snlc_sim.exe) 
MWEBV:       0.0000    MW E(B-V) 
MWEBV_ERR:   0.0000    error on MWEBV 
REDSHIFT_HELIO:   0.098751 +- 0.000010  (Helio, z_best) 
REDSHIFT_FINAL:   0.099482 +- 0.000010  (CMB) 
REDSHIFT_STATUS:  OK 

VPEC:         0.00  # v_pec correction
VPEC_ERR:     0.00  # error on above  
PEAKMJD:   52366.812 

HOSTGAL_OBJID:    -9  
HOSTGAL_PHOTOZ:   -9.0000  +- -9.0000 
HOSTGAL_SPECZ:    0.0000  +- 0.0000 
HOSTGAL_SNSEP:    -9.000    # arcsec 
 

SIM_MODEL_NAME:  SALT2.JLA-B14 
SIM_MODEL_INDEX:  6 
SIM_TYPE_INDEX:   1 
SIM_TYPE_NAME:    UNKNOWN 
SIM_TEMPLATE_INDEX: 0   
SIM_COMMENT:  SN Type = UNKNOWN , MODEL = SALT2.JLA-B14  
SIM_LIBID:  23  
SIM_NGEN_LIBID:  1  
SIM_NOBS_UNDEFINED:  0  
SIM_REDSHIFT_HELIO:  0.09875  
SIM_REDSHIFT_CMB:    0.09948  
SIM_REDSHIFT_HOST:   0.09875  
SIM_VPEC:  -0.0 (km/sec) 
SIM_HOSTLIB_NPAR: 0 
SIM_DLMU:      38.3017  mag   [ -5*log10(10pc/dL) ]
SIM_LENSDMU:   0.0000  mag 
SIM_RA:        216.168854 deg  
SIM_DECL:      26.626471 deg  
SIM_MWRV:    3.100   (MilkyWay RV) 
SIM_MWEBV:   0.0000   (MilkyWay E(B-V)) 
SIMOPT_MWCOLORLAW:  0   (MW color-law option) 
SIMOPT_MWEBV:       0   (modify MWEBV_SFD)
SIM_MAGSMEAR_COH:    0.000  
SIM_GALFRAC:  -9.000 -9.000 -9.000 -9.000 -9.000 -9.000 -9.000 -9.000 -9.000 -9.000
     -9.000 -9.000 -9.000 -9.000 -9.000 -9.000 -9.000 -9.000 -9.000 -9.000
     -9.000 -9.000 -9.000 -9.000 -9.000 -9.000 -9.000 -9.000 -9.000 -9.000
     -9.000  (bcdeghijlmnopqrsuvwxyzACDEFHIJK F_gal/F_SNpeak for PSF=1'')
SIM_PEAKMAG:   19.18  19.05  18.93  -9.00  -9.00  -9.00  -9.00  -9.00  -9.00  -9.00
      -9.00  -9.00  -9.00  -9.00  -9.00  -9.00  -9.00  -9.00  -9.00  -9.00
      -9.00  -9.00  -9.00  -9.00  -9.00  -9.00  -9.00  -9.00  -9.00  -9.00
      -9.00  (bcdeghijlmnopqrsuvwxyzACDEFHIJK obs)
SIM_EXPOSURE:  100000.0 100000.0 100000.0 100000.0 100000.0 100000.0 100000.0 100000.0 100000.0 100000.0
     100000.0 100000.0 100000.0 100000.0 100000.0 100000.0 100000.0 100000.0 100000.0 100000.0
     100000.0 100000.0 100000.0 100000.0 100000.0 100000.0 100000.0 100000.0 100000.0 100000.0
     100000.0  (bcdeghijlmnopqrsuvwxyzACDEFHIJK obs)
SIM_PEAKMJD:   52366.812500  days 
SIM_SALT2alpha:    0.165   
SIM_SALT2beta:     3.032   
SIM_SALT2x0:   4.7786e-04   
SIM_SALT2x1:    0.0000   
SIM_SALT2c:     0.0000   
SIM_SALT2mB:   18.9367   
SIM_SEARCHEFF_MASK:  3  (bits 1,2=> found by software,spec) 
SIM_SEARCHEFF_SPEC:  1.0000  (spectro-search efficiency (ignores pipelines)) 
SIM_TRESTMIN:     6.05   days 
SIM_TRESTMAX:    32.35   days 
SIM_RISETIME_SHIFT:   0.0 days 
SIM_FALLTIME_SHIFT:   0.0 days 



# ============================================ 
# TERSE LIGHT CURVE OUTPUT: 
#
NOBS: 9 
NVAR: 9 
VARLIST:  MJD  FLT FIELD   FLUXCAL   FLUXCALERR PHOTFLAG   ZPT  PSF  SIM_MAGOBS
OBS:  52373.461  b NULL   1.5670e+03   5.582e-01    0  37.106    0.85  19.5122 
OBS:  52373.461  c NULL   2.0762e+03   4.230e-01    0  38.160    0.85  19.2069 
OBS:  52373.465  d NULL   2.4646e+03   7.287e-01    0  37.336    0.85  19.0203 
OBS:  52385.230  b NULL   5.0023e+02   3.452e-01    0  37.396    0.85  20.7526 
OBS:  52385.230  c NULL   1.0395e+03   3.751e-01    0  38.008    0.85  19.9581 
OBS:  52385.234  d NULL   1.4562e+03   6.086e-01    0  37.446    0.85  19.5917 
OBS:  52402.355  b NULL   1.3840e+02   3.368e-01    0  37.067    0.85  22.1441 
OBS:  52402.355  c NULL   3.5596e+02   4.173e-01    0  37.419    0.85  21.1213 
OBS:  52402.359  d NULL   7.7202e+02   6.378e-01    0  37.129    0.85  20.2828 
END_PHOTOMETRY: 
