SURVEY: PS1_LOWZ_COMBINED(CFA3S)   
SNID:   5999391   
IAUC:    NULL 
PHOTOMETRY_VERSION: SALT3TEST_SIMPLE 
SNTYPE:  1 
FILTERS: bcdeghijlmnopqrsuvwxyzACDEFHIJK 
RA:      104.900580  deg 
DECL:    59.517000  deg 
PIXSIZE:  0.5000  arcsec 
CCDNUM: 0  
FAKE:    2   (=> simulated LC with snlc_sim.exe) 
MWEBV:       0.0000    MW E(B-V) 
MWEBV_ERR:   0.0000    error on MWEBV 
REDSHIFT_HELIO:   0.094324 +- 0.000010  (Helio, z_best) 
REDSHIFT_FINAL:   0.094490 +- 0.000010  (CMB) 
REDSHIFT_STATUS:  OK 

VPEC:         0.00  # v_pec correction
VPEC_ERR:     0.00  # error on above  
PEAKMJD:   51933.297 

HOSTGAL_OBJID:    -9  
HOSTGAL_PHOTOZ:   -9.0000  +- -9.0000 
HOSTGAL_SPECZ:    0.0000  +- 0.0000 
HOSTGAL_SNSEP:    -9.000    # arcsec 
 

SIM_MODEL_NAME:  SALT2.JLA-B14 
SIM_MODEL_INDEX:  6 
SIM_TYPE_INDEX:   1 
SIM_TYPE_NAME:    UNKNOWN 
SIM_TEMPLATE_INDEX: 0   
SIM_COMMENT:  SN Type = UNKNOWN , MODEL = SALT2.JLA-B14  
SIM_LIBID:  5  
SIM_NGEN_LIBID:  1  
SIM_NOBS_UNDEFINED:  0  
SIM_REDSHIFT_HELIO:  0.09431  
SIM_REDSHIFT_CMB:    0.09448  
SIM_REDSHIFT_HOST:   0.09431  
SIM_VPEC:  0.0 (km/sec) 
SIM_HOSTLIB_NPAR: 0 
SIM_DLMU:      38.1834  mag   [ -5*log10(10pc/dL) ]
SIM_LENSDMU:   0.0000  mag 
SIM_RA:        104.900581 deg  
SIM_DECL:      59.516998 deg  
SIM_MWRV:    3.100   (MilkyWay RV) 
SIM_MWEBV:   0.0000   (MilkyWay E(B-V)) 
SIMOPT_MWCOLORLAW:  0   (MW color-law option) 
SIMOPT_MWEBV:       0   (modify MWEBV_SFD)
SIM_MAGSMEAR_COH:    0.000  
SIM_GALFRAC:  -9.000 -9.000 -9.000 -9.000 -9.000 -9.000 -9.000 -9.000 -9.000 -9.000
     -9.000 -9.000 -9.000 -9.000 -9.000 -9.000 -9.000 -9.000 -9.000 -9.000
     -9.000 -9.000 -9.000 -9.000 -9.000 -9.000 -9.000 -9.000 -9.000 -9.000
     -9.000  (bcdeghijlmnopqrsuvwxyzACDEFHIJK F_gal/F_SNpeak for PSF=1'')
SIM_PEAKMAG:   19.06  18.94  18.83  -9.00  -9.00  -9.00  -9.00  -9.00  -9.00  -9.00
      -9.00  -9.00  -9.00  -9.00  -9.00  -9.00  -9.00  -9.00  -9.00  -9.00
      -9.00  -9.00  -9.00  -9.00  -9.00  -9.00  -9.00  -9.00  -9.00  -9.00
      -9.00  (bcdeghijlmnopqrsuvwxyzACDEFHIJK obs)
SIM_EXPOSURE:  100000.0 100000.0 100000.0 100000.0 100000.0 100000.0 100000.0 100000.0 100000.0 100000.0
     100000.0 100000.0 100000.0 100000.0 100000.0 100000.0 100000.0 100000.0 100000.0 100000.0
     100000.0 100000.0 100000.0 100000.0 100000.0 100000.0 100000.0 100000.0 100000.0 100000.0
     100000.0  (bcdeghijlmnopqrsuvwxyzACDEFHIJK obs)
SIM_PEAKMJD:   51933.296875  days 
SIM_SALT2alpha:    0.165   
SIM_SALT2beta:     3.032   
SIM_SALT2x0:   5.3288e-04   
SIM_SALT2x1:    0.0000   
SIM_SALT2c:     0.0000   
SIM_SALT2mB:   18.8184   
SIM_SEARCHEFF_MASK:  3  (bits 1,2=> found by software,spec) 
SIM_SEARCHEFF_SPEC:  1.0000  (spectro-search efficiency (ignores pipelines)) 
SIM_TRESTMIN:    -0.00   days 
SIM_TRESTMAX:    27.34   days 
SIM_RISETIME_SHIFT:   0.0 days 
SIM_FALLTIME_SHIFT:   0.0 days 



# ============================================ 
# TERSE LIGHT CURVE OUTPUT: 
#
NOBS: 11 
NVAR: 9 
VARLIST:  MJD  FLT FIELD   FLUXCAL   FLUXCALERR PHOTFLAG   ZPT  PSF  SIM_MAGOBS
OBS:  51933.293  b NULL   2.3783e+03   4.012e-01    0  38.143    0.85  19.0594 
OBS:  51933.293  c NULL   2.6452e+03   7.085e-01    0  37.230    0.85  18.9438 
OBS:  51933.297  d NULL   2.9494e+03   1.255e+00    0  36.301    0.85  18.8255 
OBS:  51957.133  b NULL   3.3285e+02   2.299e-01    0  38.039    0.85  21.1943 
OBS:  51957.137  c NULL   8.0041e+02   4.754e-01    0  37.396    0.85  20.2403 
OBS:  51957.137  d NULL   1.4001e+03   9.501e-01    0  36.503    0.85  19.6344 
OBS:  51963.207  c NULL   5.4492e+02   5.821e-01    0  36.852    0.85  20.6567 
OBS:  51963.207  d NULL   1.1388e+03   5.961e-01    0  37.393    0.85  19.8586 
OBS:  51963.215  b NULL   2.1025e+02   1.398e-01    0  38.908    0.85  21.6940 
OBS:  51963.215  c NULL   5.4597e+02   2.401e-01    0  38.689    0.85  20.6572 
OBS:  51963.219  d NULL   1.1385e+03   5.420e-01    0  37.597    0.85  19.8592 
END_PHOTOMETRY: 
