SURVEY: PS1_LOWZ_COMBINED(CFA3S)   
SNID:   5999415   
IAUC:    NULL 
PHOTOMETRY_VERSION: SALT3TEST_SIMPLE 
SNTYPE:  1 
FILTERS: bcdeghijlmnopqrsuvwxyzACDEFHIJK 
RA:      27.431450  deg 
DEC:     32.628420  deg 
PIXSIZE:  0.5000  arcsec 
CCDNUM: 0  
FAKE:    2   (=> simulated LC with snlc_sim.exe) 
MWEBV:       0.0000    MW E(B-V) 
MWEBV_ERR:   0.0000    error on MWEBV 
REDSHIFT_HELIO:   0.515897 +- 0.000010  (Helio, z_best) 
REDSHIFT_FINAL:   0.514564 +- 0.000010  (CMB) 
REDSHIFT_STATUS:  OK 

VPEC:         0.00  # v_pec correction
VPEC_ERR:     0.00  # error on above  
PEAKMJD:   52518.137 

HOSTGAL_NMATCH:    0  
HOSTGAL_NMATCH2:   0  
HOSTGAL_OBJID:    -9  
HOSTGAL_PHOTOZ:   -9.0000  +- -9.0000 
HOSTGAL_SPECZ:    0.0000  +- 0.0000 
HOSTGAL_RA:       -999.000000    # deg 
HOSTGAL_DEC:      -999.000000    # deg 
HOSTGAL_SNSEP:    -9.000    # arcsec 
HOSTGAL_DDLR:     -9.000    # SNSEP/DLR  
HOSTGAL_CONFUSION:   0.000  
 

SIM_MODEL_NAME:  SALT2.JLA-B14 
SIM_MODEL_INDEX:  6 
SIM_TYPE_INDEX:   1 
SIM_TYPE_NAME:    UNKNOWN 
SIM_TEMPLATE_INDEX: 0   
SIM_COMMENT:  SN Type = UNKNOWN , MODEL = SALT2.JLA-B14  
SIM_LIBID:  32  
SIM_NGEN_LIBID:  1  
SIM_NOBS_UNDEFINED:  0  
SIM_REDSHIFT_HELIO:  0.51591  
SIM_REDSHIFT_CMB:    0.51458  
SIM_REDSHIFT_HOST:   0.51591  
SIM_VPEC:  0.0 (km/sec) 
SIM_HOSTLIB_NPAR: 0 
SIM_DLMU:      42.3380  mag   [ -5*log10(10pc/dL) ]
SIM_LENSDMU:   0.0000  mag 
SIM_RA:        27.431450 deg  
SIM_DEC:       32.628422 deg  
SIM_MWRV:    3.100   (MilkyWay RV) 
SIM_MWEBV:   0.0000   (MilkyWay E(B-V)) 
SIMOPT_MWCOLORLAW:  0   (MW color-law option) 
SIMOPT_MWEBV:       0   (modify MWEBV_SFD)
SIM_MAGSMEAR_COH:    0.000  
SIM_GALFRAC:  -9.000 -9.000 -9.000 -9.000 -9.000 -9.000 -9.000 -9.000 -9.000 -9.000
     -9.000 -9.000 -9.000 -9.000 -9.000 -9.000 -9.000 -9.000 -9.000 -9.000
     -9.000 -9.000 -9.000 -9.000 -9.000 -9.000 -9.000 -9.000 -9.000 -9.000
     -9.000  (bcdeghijlmnopqrsuvwxyzACDEFHIJK F_gal/F_SNpeak for PSF=1'')
SIM_PEAKMAG:   24.80  23.25  22.51  22.35  -9.00  -9.00  -9.00  -9.00  -9.00  -9.00
      -9.00  -9.00  -9.00  -9.00  -9.00  -9.00  -9.00  -9.00  -9.00  -9.00
      -9.00  -9.00  -9.00  -9.00  -9.00  -9.00  -9.00  -9.00  -9.00  -9.00
      -9.00  (bcdeghijlmnopqrsuvwxyzACDEFHIJK obs)
SIM_EXPOSURE:  100000.0 100000.0 100000.0 100000.0 100000.0 100000.0 100000.0 100000.0 100000.0 100000.0
     100000.0 100000.0 100000.0 100000.0 100000.0 100000.0 100000.0 100000.0 100000.0 100000.0
     100000.0 100000.0 100000.0 100000.0 100000.0 100000.0 100000.0 100000.0 100000.0 100000.0
     100000.0  (bcdeghijlmnopqrsuvwxyzACDEFHIJK obs)
SIM_PEAKMJD:   52518.136719  days 
SIM_SALT2alpha:    0.165   
SIM_SALT2beta:     3.032   
SIM_SALT2x0:   1.1609e-05   
SIM_SALT2x1:    0.0000   
SIM_SALT2c:     0.0000   
SIM_SALT2mB:   22.9730   
SIM_SEARCHEFF_MASK:  3  (bits 1,2=> found by software,spec) 
SIM_SEARCHEFF_SPEC:  1.0000  (spectro-search efficiency (ignores pipelines)) 
SIM_TRESTMIN:     8.06   days 
SIM_TRESTMAX:    25.19   days 
SIM_RISETIME_SHIFT:   0.0 days 
SIM_FALLTIME_SHIFT:   0.0 days 



# ============================================ 
# TERSE LIGHT CURVE OUTPUT: 
#
NOBS: 9 
NVAR: 9 
VARLIST:  MJD  FLT FIELD   FLUXCAL   FLUXCALERR PHOTFLAG   ZPT  PSF  SIM_MAGOBS
OBS:  52530.348  d NULL   6.7574e+01   2.836e-01    0  38.537   0.85 22.9226 
OBS:  52533.492  b NULL   3.1996e+00   1.062e-01    0  39.122   0.85 26.1885 
OBS:  52533.492  c NULL   2.1355e+01   1.812e-01    0  38.904   0.85 24.1770 
OBS:  52533.496  d NULL   5.7472e+01   2.200e-01    0  39.073   0.85 23.1066 
OBS:  52533.496  e NULL   8.4336e+01   5.584e-01    0  38.319   0.85 22.6871 
OBS:  52556.316  b NULL   1.2467e+00   1.117e-01    0  39.021   0.85 27.4780 
OBS:  52556.320  c NULL   3.4719e+00   1.681e-01    0  39.053   0.85 26.0808 
OBS:  52556.320  d NULL   1.3527e+01   2.293e-01    0  38.965   0.85 24.6717 
OBS:  52556.320  e NULL   3.7202e+01   4.515e-01    0  38.770   0.85 23.5647 
END_PHOTOMETRY: 
