SURVEY: PS1_LOWZ_COMBINED(CFA3S)   
SNID:   5999423   
IAUC:    NULL 
PHOTOMETRY_VERSION: SALT3TEST_SIMPLE 
SNTYPE:  1 
FILTERS: bcdeghijlmnopqrsuvwxyzACDEFHIJK 
RA:      195.244580  deg 
DECL:    39.856850  deg 
PIXSIZE:  0.5000  arcsec 
CCDNUM: 0  
FAKE:    2   (=> simulated LC with snlc_sim.exe) 
MWEBV:       0.0000    MW E(B-V) 
MWEBV_ERR:   0.0000    error on MWEBV 
REDSHIFT_HELIO:   0.053573 +- 0.000010  (Helio, z_best) 
REDSHIFT_FINAL:   0.054356 +- 0.000010  (CMB) 
REDSHIFT_STATUS:  OK 

VPEC:         0.00  # v_pec correction
VPEC_ERR:     0.00  # error on above  
PEAKMJD:   52696.184 

HOSTGAL_OBJID:    -9  
HOSTGAL_PHOTOZ:   -9.0000  +- -9.0000 
HOSTGAL_SPECZ:    0.0000  +- 0.0000 
HOSTGAL_SNSEP:    -9.000    # arcsec 
 

SIM_MODEL_NAME:  SALT2.JLA-B14 
SIM_MODEL_INDEX:  6 
SIM_TYPE_INDEX:   1 
SIM_TYPE_NAME:    UNKNOWN 
SIM_TEMPLATE_INDEX: 0   
SIM_COMMENT:  SN Type = UNKNOWN , MODEL = SALT2.JLA-B14  
SIM_LIBID:  44  
SIM_NGEN_LIBID:  1  
SIM_NOBS_UNDEFINED:  0  
SIM_REDSHIFT_HELIO:  0.05357  
SIM_REDSHIFT_CMB:    0.05436  
SIM_REDSHIFT_HOST:   0.05357  
SIM_VPEC:  -0.0 (km/sec) 
SIM_HOSTLIB_NPAR: 0 
SIM_DLMU:      36.9211  mag   [ -5*log10(10pc/dL) ]
SIM_LENSDMU:   0.0000  mag 
SIM_RA:        195.244583 deg  
SIM_DECL:      39.856850 deg  
SIM_MWRV:    3.100   (MilkyWay RV) 
SIM_MWEBV:   0.0000   (MilkyWay E(B-V)) 
SIMOPT_MWCOLORLAW:  0   (MW color-law option) 
SIMOPT_MWEBV:       0   (modify MWEBV_SFD)
SIM_MAGSMEAR_COH:    0.000  
SIM_GALFRAC:  -9.000 -9.000 -9.000 -9.000 -9.000 -9.000 -9.000 -9.000 -9.000 -9.000
     -9.000 -9.000 -9.000 -9.000 -9.000 -9.000 -9.000 -9.000 -9.000 -9.000
     -9.000 -9.000 -9.000 -9.000 -9.000 -9.000 -9.000 -9.000 -9.000 -9.000
     -9.000  (bcdeghijlmnopqrsuvwxyzACDEFHIJK F_gal/F_SNpeak for PSF=1'')
SIM_PEAKMAG:   17.76  17.76  17.64  -9.00  -9.00  -9.00  -9.00  -9.00  -9.00  -9.00
      -9.00  -9.00  -9.00  -9.00  -9.00  -9.00  -9.00  -9.00  -9.00  -9.00
      -9.00  -9.00  -9.00  -9.00  -9.00  -9.00  -9.00  -9.00  -9.00  -9.00
      -9.00  (bcdeghijlmnopqrsuvwxyzACDEFHIJK obs)
SIM_EXPOSURE:  100000.0 100000.0 100000.0 100000.0 100000.0 100000.0 100000.0 100000.0 100000.0 100000.0
     100000.0 100000.0 100000.0 100000.0 100000.0 100000.0 100000.0 100000.0 100000.0 100000.0
     100000.0 100000.0 100000.0 100000.0 100000.0 100000.0 100000.0 100000.0 100000.0 100000.0
     100000.0  (bcdeghijlmnopqrsuvwxyzACDEFHIJK obs)
SIM_PEAKMJD:   52696.183594  days 
SIM_SALT2alpha:    0.165   
SIM_SALT2beta:     3.032   
SIM_SALT2x0:   1.7043e-03   
SIM_SALT2x1:    0.0000   
SIM_SALT2c:     0.0000   
SIM_SALT2mB:   17.5561   
SIM_SEARCHEFF_MASK:  3  (bits 1,2=> found by software,spec) 
SIM_SEARCHEFF_SPEC:  1.0000  (spectro-search efficiency (ignores pipelines)) 
SIM_TRESTMIN:     8.83   days 
SIM_TRESTMAX:    31.56   days 
SIM_RISETIME_SHIFT:   0.0 days 
SIM_FALLTIME_SHIFT:   0.0 days 



# ============================================ 
# TERSE LIGHT CURVE OUTPUT: 
#
NOBS: 6 
NVAR: 9 
VARLIST:  MJD  FLT FIELD   FLUXCAL   FLUXCALERR PHOTFLAG   ZPT  PSF  SIM_MAGOBS
OBS:  52705.488  c NULL   6.1663e+03   8.369e-01    0  37.559    0.85  18.0250 
OBS:  52705.492  d NULL   6.6993e+03   1.086e+00    0  37.184    0.85  17.9348 
OBS:  52729.430  b NULL   5.9149e+02   1.670e-01    0  38.983    0.85  20.5705 
OBS:  52729.430  c NULL   1.5533e+03   1.930e-01    0  39.656    0.85  19.5217 
OBS:  52729.434  d NULL   2.9068e+03   3.909e-01    0  38.770    0.85  18.8414 
OBS:  52745.398  d NULL   1.4761e+03   5.052e-01    0  37.851    0.85  19.5775 
END_PHOTOMETRY: 
