SURVEY: PS1_LOWZ_COMBINED(CFA3S)   
SNID:   5999399   
IAUC:    NULL 
PHOTOMETRY_VERSION: SALT3TEST_SIMPLE 
SNTYPE:  1 
FILTERS: bcdeghijlmnopqrsuvwxyzACDEFHIJK 
RA:      137.388400  deg 
DECL:    50.280790  deg 
PIXSIZE:  0.5000  arcsec 
CCDNUM: 0  
FAKE:    2   (=> simulated LC with snlc_sim.exe) 
MWEBV:       0.0000    MW E(B-V) 
MWEBV_ERR:   0.0000    error on MWEBV 
REDSHIFT_HELIO:   0.061597 +- 0.000010  (Helio, z_best) 
REDSHIFT_FINAL:   0.062191 +- 0.000010  (CMB) 
REDSHIFT_STATUS:  OK 

VPEC:         0.00  # v_pec correction
VPEC_ERR:     0.00  # error on above  
PEAKMJD:   51931.180 

HOSTGAL_OBJID:    -9  
HOSTGAL_PHOTOZ:   -9.0000  +- -9.0000 
HOSTGAL_SPECZ:    0.0000  +- 0.0000 
HOSTGAL_SNSEP:    -9.000    # arcsec 
 

SIM_MODEL_NAME:  SALT2.JLA-B14 
SIM_MODEL_INDEX:  6 
SIM_TYPE_INDEX:   1 
SIM_TYPE_NAME:    UNKNOWN 
SIM_TEMPLATE_INDEX: 0   
SIM_COMMENT:  SN Type = UNKNOWN , MODEL = SALT2.JLA-B14  
SIM_LIBID:  15  
SIM_NGEN_LIBID:  1  
SIM_NOBS_UNDEFINED:  0  
SIM_REDSHIFT_HELIO:  0.06160  
SIM_REDSHIFT_CMB:    0.06219  
SIM_REDSHIFT_HOST:   0.06160  
SIM_VPEC:  -0.0 (km/sec) 
SIM_HOSTLIB_NPAR: 0 
SIM_DLMU:      37.2262  mag   [ -5*log10(10pc/dL) ]
SIM_LENSDMU:   0.0000  mag 
SIM_RA:        137.388397 deg  
SIM_DECL:      50.280788 deg  
SIM_MWRV:    3.100   (MilkyWay RV) 
SIM_MWEBV:   0.0000   (MilkyWay E(B-V)) 
SIMOPT_MWCOLORLAW:  0   (MW color-law option) 
SIMOPT_MWEBV:       0   (modify MWEBV_SFD)
SIM_MAGSMEAR_COH:    0.000  
SIM_GALFRAC:  -9.000 -9.000 -9.000 -9.000 -9.000 -9.000 -9.000 -9.000 -9.000 -9.000
     -9.000 -9.000 -9.000 -9.000 -9.000 -9.000 -9.000 -9.000 -9.000 -9.000
     -9.000 -9.000 -9.000 -9.000 -9.000 -9.000 -9.000 -9.000 -9.000 -9.000
     -9.000  (bcdeghijlmnopqrsuvwxyzACDEFHIJK F_gal/F_SNpeak for PSF=1'')
SIM_PEAKMAG:   18.07  18.05  17.93  -9.00  -9.00  -9.00  -9.00  -9.00  -9.00  -9.00
      -9.00  -9.00  -9.00  -9.00  -9.00  -9.00  -9.00  -9.00  -9.00  -9.00
      -9.00  -9.00  -9.00  -9.00  -9.00  -9.00  -9.00  -9.00  -9.00  -9.00
      -9.00  (bcdeghijlmnopqrsuvwxyzACDEFHIJK obs)
SIM_EXPOSURE:  100000.0 100000.0 100000.0 100000.0 100000.0 100000.0 100000.0 100000.0 100000.0 100000.0
     100000.0 100000.0 100000.0 100000.0 100000.0 100000.0 100000.0 100000.0 100000.0 100000.0
     100000.0 100000.0 100000.0 100000.0 100000.0 100000.0 100000.0 100000.0 100000.0 100000.0
     100000.0  (bcdeghijlmnopqrsuvwxyzACDEFHIJK obs)
SIM_PEAKMJD:   51931.179688  days 
SIM_SALT2alpha:    0.165   
SIM_SALT2beta:     3.032   
SIM_SALT2x0:   1.2869e-03   
SIM_SALT2x1:    0.0000   
SIM_SALT2c:     0.0000   
SIM_SALT2mB:   17.8612   
SIM_SEARCHEFF_MASK:  3  (bits 1,2=> found by software,spec) 
SIM_SEARCHEFF_SPEC:  1.0000  (spectro-search efficiency (ignores pipelines)) 
SIM_TRESTMIN:    -0.81   days 
SIM_TRESTMAX:    30.31   days 
SIM_RISETIME_SHIFT:   0.0 days 
SIM_FALLTIME_SHIFT:   0.0 days 



# ============================================ 
# TERSE LIGHT CURVE OUTPUT: 
#
NOBS: 7 
NVAR: 9 
VARLIST:  MJD  FLT FIELD   FLUXCAL   FLUXCALERR PHOTFLAG   ZPT  PSF  SIM_MAGOBS
OBS:  51930.316  c NULL   5.9684e+03   1.849e+00    0  35.854    0.85  18.0605 
OBS:  51930.316  d NULL   6.6459e+03   2.472e+00    0  35.444    0.85  17.9426 
OBS:  51933.363  c NULL   5.9544e+03   1.593e+00    0  36.161    0.85  18.0628 
OBS:  51933.363  d NULL   6.7430e+03   2.085e+00    0  35.809    0.85  17.9280 
OBS:  51963.355  b NULL   4.6679e+02   2.525e-01    0  37.996    0.85  20.8267 
OBS:  51963.359  c NULL   1.2323e+03   5.414e-01    0  37.316    0.85  19.7726 
OBS:  51963.359  d NULL   2.3801e+03   9.469e-01    0  36.756    0.85  19.0587 
END_PHOTOMETRY: 
