SURVEY: PS1_LOWZ_COMBINED(CFA3S)   
SNID:   5999392   
IAUC:    NULL 
PHOTOMETRY_VERSION: SALT3TEST_SIMPLE 
SNTYPE:  1 
FILTERS: bcdeghijlmnopqrsuvwxyzACDEFHIJK 
RA:      257.760830  deg 
DEC:     5.840840  deg 
PIXSIZE:  0.5000  arcsec 
CCDNUM: 0  
FAKE:    2   (=> simulated LC with snlc_sim.exe) 
MWEBV:       0.0000    MW E(B-V) 
MWEBV_ERR:   0.0000    error on MWEBV 
REDSHIFT_HELIO:   0.577079 +- 0.000010  (Helio, z_best) 
REDSHIFT_FINAL:   0.577063 +- 0.000010  (CMB) 
REDSHIFT_STATUS:  OK 

VPEC:         0.00  # v_pec correction
VPEC_ERR:     0.00  # error on above  
PEAKMJD:   52088.688 

HOSTGAL_NMATCH:    0  
HOSTGAL_NMATCH2:   0  
HOSTGAL_OBJID:    -9  
HOSTGAL_PHOTOZ:   -9.0000  +- -9.0000 
HOSTGAL_SPECZ:    0.0000  +- 0.0000 
HOSTGAL_RA:       -999.000000    # deg 
HOSTGAL_DEC:      -999.000000    # deg 
HOSTGAL_SNSEP:    -9.000    # arcsec 
HOSTGAL_DDLR:     -9.000    # SNSEP/DLR  
HOSTGAL_CONFUSION:   0.000  
 

SIM_MODEL_NAME:  SALT2.JLA-B14 
SIM_MODEL_INDEX:  6 
SIM_TYPE_INDEX:   1 
SIM_TYPE_NAME:    UNKNOWN 
SIM_TEMPLATE_INDEX: 0   
SIM_COMMENT:  SN Type = UNKNOWN , MODEL = SALT2.JLA-B14  
SIM_LIBID:  6  
SIM_NGEN_LIBID:  1  
SIM_NOBS_UNDEFINED:  0  
SIM_REDSHIFT_HELIO:  0.57708  
SIM_REDSHIFT_CMB:    0.57707  
SIM_REDSHIFT_HOST:   0.57708  
SIM_VPEC:  0.0 (km/sec) 
SIM_HOSTLIB_NPAR: 0 
SIM_DLMU:      42.6364  mag   [ -5*log10(10pc/dL) ]
SIM_LENSDMU:   0.0000  mag 
SIM_RA:        257.760834 deg  
SIM_DEC:       5.840840 deg  
SIM_MWRV:    3.100   (MilkyWay RV) 
SIM_MWEBV:   0.0000   (MilkyWay E(B-V)) 
SIMOPT_MWCOLORLAW:  0   (MW color-law option) 
SIMOPT_MWEBV:       0   (modify MWEBV_SFD)
SIM_MAGSMEAR_COH:    0.000  
SIM_GALFRAC:  -9.000 -9.000 -9.000 -9.000 -9.000 -9.000 -9.000 -9.000 -9.000 -9.000
     -9.000 -9.000 -9.000 -9.000 -9.000 -9.000 -9.000 -9.000 -9.000 -9.000
     -9.000 -9.000 -9.000 -9.000 -9.000 -9.000 -9.000 -9.000 -9.000 -9.000
     -9.000  (bcdeghijlmnopqrsuvwxyzACDEFHIJK F_gal/F_SNpeak for PSF=1'')
SIM_PEAKMAG:   -9.00  23.72  22.84  22.62  -9.00  -9.00  -9.00  -9.00  -9.00  -9.00
      -9.00  -9.00  -9.00  -9.00  -9.00  -9.00  -9.00  -9.00  -9.00  -9.00
      -9.00  -9.00  -9.00  -9.00  -9.00  -9.00  -9.00  -9.00  -9.00  -9.00
      -9.00  (bcdeghijlmnopqrsuvwxyzACDEFHIJK obs)
SIM_EXPOSURE:  100000.0 100000.0 100000.0 100000.0 100000.0 100000.0 100000.0 100000.0 100000.0 100000.0
     100000.0 100000.0 100000.0 100000.0 100000.0 100000.0 100000.0 100000.0 100000.0 100000.0
     100000.0 100000.0 100000.0 100000.0 100000.0 100000.0 100000.0 100000.0 100000.0 100000.0
     100000.0  (bcdeghijlmnopqrsuvwxyzACDEFHIJK obs)
SIM_PEAKMJD:   52088.687500  days 
SIM_SALT2alpha:    0.165   
SIM_SALT2beta:     3.032   
SIM_SALT2x0:   8.8192e-06   
SIM_SALT2x1:    0.0000   
SIM_SALT2c:     0.0000   
SIM_SALT2mB:   23.2714   
SIM_SEARCHEFF_MASK:  3  (bits 1,2=> found by software,spec) 
SIM_SEARCHEFF_SPEC:  1.0000  (spectro-search efficiency (ignores pipelines)) 
SIM_TRESTMIN:    -2.72   days 
SIM_TRESTMAX:    15.62   days 
SIM_RISETIME_SHIFT:   0.0 days 
SIM_FALLTIME_SHIFT:   0.0 days 



# ============================================ 
# TERSE LIGHT CURVE OUTPUT: 
#
NOBS: 8 
NVAR: 9 
VARLIST:  MJD  FLT FIELD   FLUXCAL   FLUXCALERR PHOTFLAG   ZPT  PSF  SIM_MAGOBS
OBS:  52084.395  c NULL   3.5355e+01   2.974e-01    0  37.867   0.85 23.6256 
OBS:  52084.395  d NULL   7.0690e+01   5.570e-01    0  37.125   0.85 22.8621 
OBS:  52084.398  e NULL   8.5094e+01   9.415e-01    0  37.202   0.85 22.6812 
OBS:  52113.289  c NULL   6.6907e+00   4.034e-01    0  37.233   0.85 25.5266 
OBS:  52113.289  d NULL   2.3549e+01   6.476e-01    0  36.798   0.85 24.1153 
OBS:  52113.293  e NULL   4.7884e+01   1.597e+00    0  36.078   0.85 23.3103 
OBS:  52113.320  c NULL   6.5775e+00   4.498e-01    0  37.017   0.85 25.5291 
OBS:  52113.320  d NULL   2.3058e+01   4.744e-01    0  37.433   0.85 24.1177 
END_PHOTOMETRY: 
